50 0.05676126878130217 0.5155038759689923 0.11352253756260434 0.4728682170542636
71 0.13772954924874792 0.5891472868217054 0.018363939899833055 0.34108527131782945
3 0.2337228714524207 0.5155038759689923 0.09682804674457429 0.4728682170542636
195 0.31719532554257096 0.19767441860465115 0.04340567612687813 0.3488372093023256
145 0.3088480801335559 0.8178294573643411 0.02337228714524207 0.3333333333333333
155 0.3814691151919867 0.24806201550387597 0.06176961602671119 0.2945736434108527
101 0.44741235392320533 0.18992248062015504 0.04674457429048414 0.3643410852713178
167 0.5959933222036728 0.5697674418604651 0.12353923205342238 0.2248062015503876
35 0.7570951585976627 0.5077519379844961 0.0984974958263773 0.4728682170542636
195 0.8430717863105176 0.18604651162790697 0.04340567612687813 0.34108527131782945
155 0.9073455759599333 0.23255813953488372 0.06176961602671119 0.2945736434108527
101 0.9732888146911519 0.17829457364341084 0.04674457429048414 0.3565891472868217
