13 0.040238450074515646 0.5588235294117647 0.08047690014903129 0.6470588235294118
20 0.09388971684053651 0.30392156862745096 0.02384500745156483 0.5686274509803921
109 0.12891207153502235 0.8284313725490196 0.09090909090909091 0.30392156862745096
189 0.13710879284649777 0.24019607843137256 0.038748137108792845 0.46078431372549017
39 0.176602086438152 0.29411764705882354 0.022354694485842028 0.5490196078431373
71 0.26527570789865873 0.6519607843137255 0.01788375558867362 0.4411764705882353
84 0.33084947839046197 0.642156862745098 0.08345752608047691 0.24509803921568626
18 0.47540983606557374 0.5637254901960784 0.08345752608047691 0.6176470588235294
109 0.5685543964232489 0.8137254901960784 0.09090909090909091 0.29411764705882354
20 0.5365126676602087 0.27941176470588236 0.02384500745156483 0.5588235294117647
189 0.5789865871833085 0.23039215686274508 0.037257824143070044 0.4411764705882353
39 0.6184798807749627 0.28431372549019607 0.020864381520119227 0.5490196078431373
74 0.7153502235469449 0.6127450980392157 0.07451564828614009 0.5392156862745098
35 0.8383010432190761 0.553921568627451 0.08792846497764531 0.6176470588235294
20 0.9038748137108793 0.27450980392156865 0.022354694485842028 0.5490196078431373
109 0.9381520119225037 0.8088235294117647 0.09090909090909091 0.28431372549019607
189 0.9456035767511177 0.22549019607843138 0.037257824143070044 0.45098039215686275
39 0.9865871833084948 0.27450980392156865 0.020864381520119227 0.5294117647058824
