83 0.014912280701754385 0.5176470588235293 0.02982456140350877 0.47058823529411764
84 0.08026315789473684 0.48823529411764705 0.048245614035087724 0.24705882352941178
20 0.1442982456140351 0.48823529411764705 0.016666666666666666 0.9764705882352941
163 0.17456140350877195 0.5176470588235293 0.02982456140350877 0.44705882352941173
128 0.2368421052631579 0.4823529411764706 0.043859649122807015 0.047058823529411764
145 0.2995614035087719 0.4117647058823529 0.02368421052631579 0.6588235294117647
39 0.33070175438596494 0.49411764705882355 0.017543859649122806 0.9647058823529412
20 0.3618421052631579 0.49411764705882355 0.016666666666666666 0.9647058823529412
54 0.39780701754385966 0.5235294117647059 0.0412280701754386 0.4588235294117647
195 0.4355263157894737 0.6529411764705882 0.021929824561403508 0.4588235294117647
128 0.49736842105263157 0.4823529411764706 0.043859649122807015 0.047058823529411764
145 0.5609649122807018 0.4117647058823529 0.02368421052631579 0.6588235294117647
39 0.5916666666666667 0.49411764705882355 0.016666666666666666 0.9647058823529412
20 0.6228070175438597 0.49411764705882355 0.017543859649122806 0.9647058823529412
54 0.6583333333333333 0.5176470588235293 0.0412280701754386 0.44705882352941173
189 0.6956140350877194 0.6647058823529411 0.02280701754385965 0.4588235294117647
128 0.7596491228070176 0.4823529411764706 0.043859649122807015 0.047058823529411764
145 0.8214912280701755 0.4117647058823529 0.02368421052631579 0.6588235294117647
39 0.8535087719298246 0.49411764705882355 0.017543859649122806 0.9647058823529412
100 0.9175438596491228 0.49411764705882355 0.043859649122807015 0.5647058823529412
211 0.9828947368421053 0.4176470588235294 0.030701754385964914 0.6705882352941176
