13 0.05639913232104122 0.4174311926605505 0.11279826464208244 0.5779816513761469
211 0.14750542299349242 0.7844036697247707 0.060737527114967466 0.3944954128440367
84 0.324295010845987 0.5045871559633028 0.11496746203904555 0.2018348623853211
148 0.5184381778741866 0.022935779816513763 0.11713665943600868 0.045871559633027525
13 0.5238611713665944 0.41284403669724773 0.11062906724511931 0.5688073394495413
58 0.6236442516268981 0.5 0.06724511930585683 0.761467889908257
23 0.7125813449023861 0.5045871559633028 0.05856832971800434 0.7522935779816514
96 0.8080260303687636 0.573394495412844 0.07158351409978309 0.5229357798165137
211 0.8806941431670282 0.7798165137614679 0.060737527114967466 0.4036697247706422
24 0.9674620390455532 0.4954128440366973 0.05639913232104122 0.7522935779816514
