50 0.07261904761904762 0.4375 0.14523809523809525 0.675
168 0.17142857142857143 0.7562500000000001 0.04761904761904762 0.3125
71 0.3035714285714286 0.55625 0.02142857142857143 0.41250000000000003
84 0.3940476190476191 0.51875 0.11190476190476191 0.2625
89 0.5845238095238096 0.51875 0.08333333333333334 0.8625
128 0.6821428571428572 0.26875 0.07380952380952381 0.0625
145 0.7630952380952382 0.21250000000000002 0.04047619047619048 0.42500000000000004
20 0.8333333333333334 0.5125000000000001 0.04285714285714286 0.925
168 0.9059523809523811 0.5437500000000001 0.0642857142857143 0.4375
39 0.9750000000000001 0.5125000000000001 0.04047619047619048 0.925
