168 0.012077294685990338 0.3527397260273972 0.024154589371980676 0.26712328767123283
196 0.04734299516908212 0.3527397260273972 0.03864734299516908 0.26712328767123283
22 0.05507246376811594 0.8184931506849314 0.0463768115942029 0.23972602739726026
149 0.08985507246376812 0.4143835616438356 0.04057971014492753 0.3904109589041096
160 0.15507246376811593 0.3424657534246575 0.04541062801932367 0.5205479452054794
122 0.2251207729468599 0.3458904109589041 0.05217391304347826 0.45890410958904104
126 0.2975845410628019 0.3356164383561644 0.05990338164251208 0.2602739726027397
53 0.3497584541062802 0.3390410958904109 0.034782608695652174 0.26712328767123283
207 0.3888888888888889 0.3390410958904109 0.03961352657004831 0.2534246575342466
23 0.4429951690821256 0.3253424657534246 0.022222222222222223 0.5273972602739726
20 0.47101449275362317 0.3321917808219178 0.018357487922705314 0.5136986301369862
22 0.5120772946859903 0.8630136986301369 0.050241545893719805 0.2465753424657534
110 0.5120772946859903 0.3253424657534246 0.027053140096618356 0.636986301369863
160 0.5797101449275363 0.32191780821917804 0.044444444444444446 0.5205479452054794
195 0.6241545893719807 0.1267123287671233 0.02318840579710145 0.23972602739726026
75 0.6748792270531401 0.2705479452054794 0.0357487922705314 0.40410958904109584
48 0.7314009661835749 0.2705479452054794 0.04830917874396135 0.3904109589041096
186 0.7492753623188405 0.5102739726027397 0.012560386473429951 0.19863013698630136
105 0.7666666666666666 0.5650684931506849 0.008695652173913044 0.17123287671232876
39 0.7850241545893719 0.3184931506849315 0.018357487922705314 0.5136986301369862
145 0.8154589371980676 0.1267123287671233 0.017391304347826087 0.23972602739726026
176 0.8429951690821256 0.15753424657534246 0.014492753623188406 0.3013698630136986
195 0.8710144927536232 0.11986301369863013 0.024154589371980676 0.23972602739726026
72 0.8995169082125604 0.4828767123287671 0.011594202898550725 0.14383561643835616
145 0.9507246376811594 0.26712328767123283 0.025120772946859903 0.3835616438356164
24 0.9869565217391304 0.3150684931506849 0.022222222222222223 0.5205479452054794
