23 0.04045307443365696 0.4411764705882353 0.08090614886731393 0.7450980392156863
6 0.2184466019417476 0.38235294117647056 0.17152103559870552 0.5686274509803921
54 0.35760517799352753 0.7450980392156863 0.08090614886731393 0.23529411764705882
105 0.3446601941747573 0.16666666666666666 0.03559870550161812 0.3333333333333333
112 0.40938511326860844 0.22549019607843138 0.0744336569579288 0.43137254901960786
24 0.5016181229773463 0.45098039215686275 0.07119741100323625 0.7450980392156863
72 0.598705501618123 0.6862745098039216 0.03883495145631068 0.21568627450980393
41 0.7912621359223302 0.39215686274509803 0.13268608414239483 0.5686274509803921
105 0.894822006472492 0.7058823529411764 0.03559870550161812 0.3333333333333333
112 0.9595469255663431 0.7598039215686274 0.06796116504854369 0.4411764705882353
