0 0.02159468438538206 0.48684210526315785 0.04318936877076412 0.5
112 0.056893687707641194 0.7807017543859649 0.01744186046511628 0.40350877192982454
145 0.06229235880398671 0.2894736842105263 0.016611295681063124 0.3157894736842105
137 0.10963455149501661 0.5438596491228069 0.03156146179401993 0.6491228070175439
117 0.16029900332225913 0.5482456140350876 0.02823920265780731 0.6578947368421052
172 0.19975083056478407 0.5745614035087719 0.0340531561461794 0.3421052631578947
52 0.2350498338870432 0.7368421052631579 0.026578073089700997 0.3157894736842105
164 0.26993355481727577 0.5438596491228069 0.02823920265780731 0.6491228070175439
84 0.34011627906976744 0.5438596491228069 0.04401993355481728 0.17543859649122806
148 0.45556478405315615 0.039473684210526314 0.13704318936877077 0.043859649122807015
52 0.41445182724252494 0.4780701754385965 0.044850498338870434 0.5
0 0.46553156146179403 0.48245614035087714 0.04401993355481728 0.5087719298245614
195 0.5083056478405316 0.2894736842105263 0.02159468438538206 0.3157894736842105
145 0.5083056478405316 0.7280701754385964 0.016611295681063124 0.3157894736842105
74 0.5689368770764119 0.5614035087719298 0.04318936877076412 0.3508771929824561
148 0.6939368770764119 0.03508771929824561 0.16528239202657807 0.05263157894736842
0 0.6362126245847176 0.4780701754385965 0.044850498338870434 0.5
195 0.6773255813953488 0.2807017543859649 0.022425249169435217 0.3157894736842105
145 0.6777408637873754 0.7280701754385964 0.016611295681063124 0.3157894736842105
0 0.7200996677740864 0.47368421052631576 0.04318936877076412 0.5087719298245614
195 0.7616279069767442 0.27192982456140347 0.02159468438538206 0.3157894736842105
195 0.7612126245847176 0.7105263157894737 0.020764119601328904 0.3157894736842105
74 0.8189368770764119 0.5438596491228069 0.04318936877076412 0.3508771929824561
148 0.9294019933554818 0.021929824561403508 0.13787375415282394 0.043859649122807015
0 0.8849667774086379 0.4649122807017544 0.04401993355481728 0.5087719298245614
195 0.9269102990033223 0.7192982456140351 0.02159468438538206 0.3157894736842105
195 0.9269102990033223 0.2807017543859649 0.02159468438538206 0.3157894736842105
52 0.973421926910299 0.4605263157894737 0.046511627906976744 0.5
