83 0.028571428571428574 0.49358974358974356 0.05714285714285715 0.5
145 0.10204081632653061 0.7435897435897436 0.036734693877551024 0.4615384615384615
84 0.2642857142857143 0.47435897435897434 0.10408163265306124 0.2564102564102564
20 0.40816326530612246 0.4807692307692307 0.036734693877551024 0.9615384615384615
145 0.46938775510204084 0.3846153846153846 0.04489795918367347 0.717948717948718
176 0.5459183673469388 0.47435897435897434 0.05510204081632654 0.9487179487179487
195 0.616326530612245 0.3846153846153846 0.07755102040816328 0.7435897435897436
39 0.6826530612244899 0.4807692307692307 0.03877551020408164 0.9615384615384615
126 0.7908163265306123 0.49358974358974356 0.12448979591836735 0.5256410256410257
105 0.879591836734694 0.3782051282051282 0.036734693877551024 0.7564102564102564
130 0.953061224489796 0.49358974358974356 0.08571428571428572 0.5256410256410257
