126 0.058252427184466014 0.6370967741935484 0.11650485436893203 0.6290322580645161
104 0.14757281553398058 0.6370967741935484 0.038834951456310676 0.11290322580645161
75 0.2174757281553398 0.4758064516129032 0.07766990291262135 0.9516129032258064
105 0.2834951456310679 0.46774193548387094 0.031067961165048542 0.9354838709677419
126 0.37087378640776697 0.6048387096774194 0.12427184466019417 0.6290322580645161
80 0.47087378640776695 0.6048387096774194 0.06019417475728155 0.6290322580645161
130 0.5553398058252427 0.6209677419354839 0.07766990291262135 0.6290322580645161
168 0.629126213592233 0.6451612903225806 0.04660194174757282 0.6451612903225806
105 0.6796116504854368 0.46774193548387094 0.031067961165048542 0.9354838709677419
141 0.7466019417475728 0.6290322580645161 0.07184466019417475 0.6451612903225806
130 0.8349514563106796 0.6290322580645161 0.07766990291262135 0.6129032258064516
53 0.9194174757281554 0.6370967741935484 0.06796116504854369 0.6612903225806451
115 0.9796116504854369 0.4758064516129032 0.033009708737864074 0.9516129032258064
