16 0.01346027577150361 0.5186046511627906 0.02692055154300722 0.2651162790697674
20 0.04136572554169402 0.5511627906976744 0.011818778726198291 0.3488372093023256
153 0.06697307944845698 0.5488372093023256 0.030203545633617858 0.35348837209302325
39 0.09225213394615889 0.5511627906976744 0.011162179908076164 0.3488372093023256
84 0.12770847012475375 0.5465116279069767 0.03348653972422849 0.08837209302325581
94 0.24917925147734732 0.5465116279069767 0.1897570584372948 0.023255813953488372
20 0.16217990807616545 0.2813953488372093 0.011818778726198291 0.3488372093023256
177 0.23276428102429414 0.2441860465116279 0.12672357189757058 0.4883720930232558
128 0.24458305975049244 0.27674418604651163 0.03348653972422849 0.023255813953488372
48 0.2508207485226526 0.7767441860465116 0.032829940906106365 0.26046511627906976
145 0.28332239001969795 0.24186046511627907 0.015101772816808929 0.2697674418604651
39 0.3026920551543007 0.2813953488372093 0.011818778726198291 0.3488372093023256
126 0.32370321733420876 0.17209302325581394 0.023637557452396582 0.11162790697674418
110 0.37426132632961256 0.5441860465116279 0.018384766907419567 0.4372093023255814
211 0.37426132632961256 0.9093023255813953 0.01707156927117531 0.16279069767441862
145 0.3739330269205515 0.14651162790697675 0.011162179908076164 0.16279069767441862
75 0.41135915955351277 0.5116279069767442 0.024294156270518712 0.27906976744186046
168 0.4402495075508864 0.555813953488372 0.017728168089297437 0.1813953488372093
22 0.4776756401838476 0.9093023255813953 0.03217334208798424 0.16279069767441862
110 0.47833223900196975 0.5441860465116279 0.017728168089297437 0.42790697674418604
153 0.5233092580433355 0.5395348837209302 0.028890347997373604 0.35348837209302325
20 0.5528562048588312 0.541860465116279 0.011818778726198291 0.3488372093023256
143 0.5794484569927774 0.5581395348837209 0.034799737360472746 0.17674418604651163
126 0.6132632961260669 0.4372093023255814 0.023637557452396582 0.11162790697674418
211 0.6129349967170059 0.6534883720930232 0.017728168089297437 0.16279069767441862
128 0.6575837163493106 0.5395348837209302 0.03348653972422849 0.027906976744186046
20 0.691070256073539 0.5372093023255814 0.01247537754432042 0.3488372093023256
143 0.7183191070256073 0.5581395348837209 0.03414313854235062 0.17674418604651163
211 0.7498358502954694 0.6558139534883721 0.01707156927117531 0.16744186046511628
155 0.7882468811556138 0.541860465116279 0.03348653972422849 0.2372093023255814
168 0.8256730137885752 0.5511627906976744 0.019041365725541694 0.1813953488372093
150 0.855876559422193 0.5023255813953489 0.022980958634274455 0.2697674418604651
150 0.8900196979645436 0.5069767441860465 0.022980958634274455 0.2697674418604651
148 0.8929743926460931 0.3186046511627907 0.022324359816152328 0.023255813953488372
153 0.9258043335521995 0.5348837209302325 0.030203545633617858 0.35348837209302325
39 0.9514116874589625 0.5372093023255814 0.011818778726198291 0.3488372093023256
126 0.9720945502298095 0.43488372093023253 0.022980958634274455 0.10697674418604651
39 0.9931057124097176 0.5372093023255814 0.011162179908076164 0.3488372093023256
