155 0.027604166666666666 0.5551181102362205 0.05520833333333333 0.4330708661417323
6 0.11979166666666667 0.49606299212598426 0.06458333333333333 0.5039370078740157
195 0.16354166666666667 0.8031496062992126 0.027083333333333334 0.3464566929133858
211 0.19791666666666666 0.8070866141732284 0.03125 0.3543307086614173
20 0.23645833333333333 0.5669291338582677 0.020833333333333332 0.6456692913385826
204 0.26458333333333334 0.5669291338582677 0.00625 0.6614173228346456
89 0.3078125 0.547244094488189 0.059375 0.6535433070866141
204 0.353125 0.5669291338582677 0.00625 0.6614173228346456
195 0.3828125 0.17716535433070865 0.028125 0.3543307086614173
168 0.421875 0.5787401574803149 0.035416666666666666 0.3543307086614173
128 0.4713541666666667 0.2204724409448819 0.040625 0.047244094488188976
195 0.5177083333333333 0.18110236220472442 0.027083333333333334 0.3464566929133858
155 0.5578125 0.23228346456692914 0.03854166666666667 0.29133858267716534
195 0.6 0.18503937007874016 0.027083333333333334 0.3543307086614173
83 0.6296875 0.24015748031496062 0.02395833333333333 0.2440944881889764
155 0.7020833333333333 0.5748031496062992 0.05625 0.4251968503937008
204 0.7671875 0.5787401574803149 0.007291666666666667 0.6692913385826772
7 0.8145833333333333 0.515748031496063 0.06666666666666667 0.48031496062992124
89 0.8755208333333333 0.5590551181102362 0.059375 0.6456692913385826
204 0.9203125 0.5826771653543307 0.007291666666666667 0.6614173228346456
189 0.9505208333333334 0.20078740157480315 0.026041666666666668 0.3543307086614173
39 0.9874999999999999 0.5866141732283464 0.020833333333333332 0.6377952755905512
