196 0.015021459227467811 0.5116279069767442 0.030042918454935622 0.4418604651162791
195 0.04363376251788269 0.6337209302325582 0.01859799713876967 0.45348837209302323
84 0.09835479256080114 0.47674418604651164 0.03934191702432046 0.2558139534883721
12 0.16165951359084407 0.3953488372093023 0.04291845493562232 0.6976744186046512
195 0.1963519313304721 0.6453488372093024 0.017882689556509297 0.45348837209302323
20 0.22353361945636624 0.47674418604651164 0.013590844062947067 0.9534883720930233
196 0.25071530758226035 0.5116279069767442 0.030758226037195996 0.4418604651162791
145 0.2804005722460658 0.6395348837209303 0.01430615164520744 0.4418604651162791
72 0.3032904148783977 0.7558139534883721 0.00715307582260372 0.27906976744186046
196 0.3386981402002861 0.5058139534883721 0.030758226037195996 0.43023255813953487
195 0.3676680972818312 0.7383720930232558 0.01859799713876967 0.45348837209302323
56 0.36802575107296137 0.16279069767441862 0.016452074391988557 0.27906976744186046
72 0.39127324749642345 0.7616279069767442 0.00715307582260372 0.29069767441860467
196 0.4259656652360515 0.5116279069767442 0.030758226037195996 0.4418604651162791
189 0.45493562231759654 0.6511627906976745 0.01859799713876967 0.46511627906976744
39 0.4799713876967096 0.47674418604651164 0.01430615164520744 0.9534883720930233
108 0.5286123032904149 0.47093023255813954 0.030042918454935622 0.5697674418604651
6 0.5858369098712446 0.38372093023255816 0.03862660944206009 0.6976744186046512
4 0.6187410586552218 0.4825581395348837 0.008583690987124463 0.9651162790697674
196 0.6409155937052933 0.5174418604651163 0.030042918454935622 0.43023255813953487
145 0.6702432045779685 0.6453488372093024 0.01430615164520744 0.45348837209302323
72 0.6924177396280401 0.7616279069767442 0.00715307582260372 0.29069767441860467
196 0.7274678111587983 0.5116279069767442 0.030042918454935622 0.4418604651162791
195 0.7564377682403434 0.7383720930232558 0.017882689556509297 0.45348837209302323
56 0.7571530758226037 0.1569767441860465 0.016452074391988557 0.29069767441860467
72 0.7804005722460658 0.7558139534883721 0.00715307582260372 0.27906976744186046
196 0.8150929899856938 0.5116279069767442 0.030758226037195996 0.4418604651162791
189 0.844062947067239 0.6511627906976745 0.01859799713876967 0.46511627906976744
5 0.8640915593705293 0.4883720930232558 0.008583690987124463 0.9767441860465116
84 0.9141630901287554 0.4825581395348837 0.03862660944206009 0.2441860465116279
3 0.9774678111587983 0.3953488372093023 0.04220314735336195 0.6744186046511628
