76 0.009782001117942985 0.4117647058823529 0.01956400223588597 0.5882352941176471
112 0.027948574622694244 0.7450980392156863 0.012297372833985467 0.45098039215686275
84 0.06763555058692007 0.4950980392156863 0.029066517607602014 0.18627450980392157
75 0.11347121296813863 0.4166666666666667 0.022358859698155396 0.5784313725490196
105 0.1335941866964785 0.4166666666666667 0.011179429849077698 0.5784313725490196
168 0.1495248742314142 0.5098039215686274 0.015092230296254892 0.39215686274509803
186 0.16657350475125768 0.46078431372549017 0.013415315818893237 0.49019607843137253
20 0.18613750698714365 0.5 0.011179429849077698 0.7450980392156863
50 0.21185019564002236 0.4362745098039216 0.03465623253214086 0.5588235294117647
195 0.2417551704863052 0.7058823529411764 0.013974287311347122 0.3529411764705882
72 0.25992174399105644 0.7205882352941176 0.006707657909446618 0.20588235294117646
15 0.2792062604807155 0.4117647058823529 0.010620458356623813 0.5882352941176471
20 0.2951369480156512 0.5 0.011179429849077698 0.7450980392156863
0 0.3174958077138066 0.4362745098039216 0.030184460592509784 0.5588235294117647
195 0.3457238680827278 0.21568627450980393 0.013974287311347122 0.3529411764705882
145 0.3465623253214086 0.7156862745098039 0.011179429849077698 0.3529411764705882
72 0.36444941307993295 0.7352941176470588 0.006707657909446618 0.19607843137254902
0 0.393236444941308 0.4362745098039216 0.02738960313024036 0.5588235294117647
112 0.4169927333705981 0.7598039215686274 0.012297372833985467 0.4411764705882353
145 0.4209055338177753 0.22058823529411764 0.010061486864169928 0.3431372549019608
128 0.4387926215762996 0.7205882352941176 0.017887087758524316 0.049019607843137254
145 0.46450531022917835 0.7156862745098039 0.011179429849077698 0.3529411764705882
39 0.4801565120178871 0.5 0.011179429849077698 0.7450980392156863
74 0.5170486305198435 0.5245098039215687 0.030184460592509784 0.4019607843137255
15 0.5544997205142538 0.4117647058823529 0.010061486864169928 0.5882352941176471
20 0.5698714365567357 0.5 0.010620458356623813 0.7450980392156863
0 0.5930687534935718 0.4362745098039216 0.029066517607602014 0.5588235294117647
112 0.6171045276690889 0.75 0.012297372833985467 0.4411764705882353
145 0.6201788708775853 0.2107843137254902 0.010620458356623813 0.3431372549019608
128 0.6380659586361096 0.7156862745098039 0.01732811626607043 0.0392156862745098
145 0.6643376187814422 0.7058823529411764 0.010620458356623813 0.3529411764705882
72 0.6813862493012857 0.7254901960784313 0.006707657909446618 0.21568627450980393
0 0.7112912241475685 0.4264705882352941 0.0296254891000559 0.5588235294117647
112 0.7347680268306317 0.7450980392156863 0.011738401341531582 0.45098039215686275
145 0.7386808272778088 0.20588235294117646 0.011738401341531582 0.3529411764705882
39 0.7554499720514254 0.4803921568627451 0.010620458356623813 0.7450980392156863
74 0.7917831190609279 0.5049019607843137 0.0296254891000559 0.4019607843137255
15 0.8289547233091112 0.3872549019607843 0.011179429849077698 0.5784313725490196
20 0.8437674678591393 0.47549019607843135 0.011738401341531582 0.7352941176470588
0 0.8666852990497484 0.4019607843137255 0.0296254891000559 0.5686274509803921
112 0.8912800447177194 0.7205882352941176 0.011738401341531582 0.4411764705882353
145 0.8940749021799889 0.18137254901960784 0.010620458356623813 0.3431372549019608
72 0.9094466182224706 0.696078431372549 0.006707657909446618 0.21568627450980393
0 0.937115707098938 0.39215686274509803 0.0296254891000559 0.5686274509803921
195 0.9639463387367244 0.1764705882352941 0.013974287311347122 0.3529411764705882
145 0.9642258244829514 0.6666666666666666 0.011179429849077698 0.3529411764705882
39 0.980435997764114 0.45098039215686275 0.011179429849077698 0.7450980392156863
39 0.9935718278367803 0.446078431372549 0.010620458356623813 0.7352941176470588
