89 0.047619047619047616 0.4807692307692308 0.09523809523809523 0.9615384615384616
145 0.12087912087912088 0.701923076923077 0.029304029304029304 0.44230769230769235
20 0.184981684981685 0.4711538461538462 0.054945054945054944 0.9038461538461539
207 0.27472527472527475 0.5288461538461539 0.10256410256410256 0.5192307692307693
39 0.3717948717948718 0.5 0.054945054945054944 0.9230769230769231
108 0.5238095238095238 0.46153846153846156 0.13186813186813187 0.6923076923076923
113 0.6996336996336996 0.3942307692307693 0.10256410256410256 0.7884615384615385
4 0.793040293040293 0.46153846153846156 0.047619047619047616 0.9230769230769231
207 0.8809523809523809 0.5192307692307693 0.0989010989010989 0.5384615384615385
5 0.967032967032967 0.4711538461538462 0.05128205128205128 0.9423076923076924
