20 0.01386748844375963 0.48717948717948717 0.02773497688751926 0.9743589743589743
128 0.08859784283513097 0.5128205128205128 0.07550077041602465 0.07692307692307693
145 0.1741140215716487 0.40384615384615385 0.02773497688751926 0.7564102564102564
39 0.23266563944530047 0.49358974358974356 0.02773497688751926 0.9615384615384615
104 0.27889060092449924 0.5256410256410257 0.03389830508474576 0.10256410256410256
64 0.32973805855161786 0.532051282051282 0.04930662557781202 0.5512820512820512
141 0.3952234206471495 0.5256410256410257 0.060092449922958396 0.5384615384615384
126 0.4884437596302003 0.5256410256410257 0.1016949152542373 0.5384615384615384
149 0.5816640986132512 0.6217948717948718 0.06317411402157165 0.7051282051282051
141 0.6556240369799692 0.532051282051282 0.060092449922958396 0.5512820512820512
130 0.728813559322034 0.532051282051282 0.06471494607087827 0.5256410256410257
80 0.7989214175654854 0.532051282051282 0.05084745762711865 0.5512820512820512
130 0.866718027734977 0.532051282051282 0.06317411402157165 0.5256410256410257
186 0.9252696456086287 0.4807692307692307 0.03543913713405239 0.6538461538461539
168 0.9761171032357473 0.5448717948717948 0.04160246533127889 0.5512820512820512
