6 0.01628352490421456 0.5966666666666667 0.03256704980842912 0.38
54 0.04342273307790549 0.8533333333333334 0.015325670498084292 0.16
105 0.03991060025542784 0.45333333333333337 0.007024265644955301 0.24000000000000002
112 0.0533205619412516 0.49333333333333335 0.013409961685823755 0.29333333333333333
65 0.0855683269476373 0.66 0.033205619412515965 0.26666666666666666
6 0.13378033205619413 0.6000000000000001 0.03256704980842912 0.3866666666666667
59 0.16251596424010217 0.8400000000000001 0.015964240102171137 0.29333333333333333
105 0.1583652618135377 0.45 0.007662835249042146 0.23333333333333334
112 0.1711366538952746 0.49000000000000005 0.014048531289910602 0.30000000000000004
84 0.2062579821200511 0.64 0.033205619412515965 0.13333333333333333
23 0.24457215836526183 0.6333333333333334 0.014048531289910602 0.5066666666666667
4 0.26883780332056195 0.64 0.017879948914431676 0.49333333333333335
211 0.2931034482758621 0.5866666666666667 0.022988505747126436 0.3866666666666667
72 0.3109833971902938 0.7966666666666667 0.007662835249042146 0.14
119 0.35600255427841637 0.75 0.040229885057471264 0.060000000000000005
72 0.39591315453384424 0.8 0.007662835249042146 0.14666666666666667
211 0.43007662835249044 0.5833333333333334 0.023627075351213285 0.39333333333333337
72 0.4482758620689655 0.7966666666666667 0.006385696040868455 0.14
20 0.4715836526181354 0.15000000000000002 0.008301404853128991 0.2866666666666667
145 0.4824393358876118 0.5866666666666667 0.013409961685823755 0.37333333333333335
105 0.4821200510855684 0.11666666666666667 0.007662835249042146 0.23333333333333334
39 0.493933588761175 0.14666666666666667 0.007024265644955301 0.28
72 0.5051085568326948 0.7966666666666667 0.007662835249042146 0.14
119 0.5504469987228608 0.7466666666666667 0.04086845466155811 0.05333333333333334
72 0.5893997445721584 0.7966666666666667 0.007662835249042146 0.14
80 0.6206896551724138 0.6533333333333333 0.019157088122605366 0.25333333333333335
113 0.6408045977011495 0.45 0.014687100893997447 0.23333333333333334
149 0.6430395913154534 0.8633333333333334 0.017879948914431676 0.22
20 0.6468710089399745 0.15000000000000002 0.007662835249042146 0.2866666666666667
112 0.659323116219668 0.15000000000000002 0.014687100893997447 0.30000000000000004
155 0.6685823754789273 0.4733333333333334 0.020434227330779056 0.2
39 0.6724137931034483 0.15000000000000002 0.007662835249042146 0.2866666666666667
94 0.6979565772669222 0.47000000000000003 0.019157088122605366 0.04666666666666667
195 0.6976372924648787 0.5633333333333334 0.012132822477650065 0.14
145 0.6982758620689655 0.38333333333333336 0.008301404853128991 0.12666666666666668
72 0.7158365261813538 0.7933333333333333 0.007662835249042146 0.14666666666666667
119 0.7598978288633461 0.7433333333333334 0.03959131545338442 0.060000000000000005
72 0.7988505747126438 0.79 0.007662835249042146 0.14
211 0.8304597701149425 0.5733333333333334 0.023627075351213285 0.3866666666666667
5 0.8537675606641124 0.6266666666666667 0.017879948914431676 0.49333333333333335
24 0.8789910600255428 0.62 0.014687100893997447 0.5066666666666667
178 0.9192209450830141 0.6166666666666667 0.03256704980842912 0.22
41 0.9594508301404854 0.5733333333333334 0.024904214559386975 0.3866666666666667
105 0.9792464878671776 0.7733333333333334 0.007024265644955301 0.24000000000000002
112 0.9920178799489144 0.81 0.013409961685823755 0.30000000000000004
