53 0.04894179894179894 0.4560439560439561 0.09788359788359788 0.4285714285714286
59 0.1455026455026455 0.7252747252747254 0.07407407407407407 0.5054945054945056
20 0.24735449735449733 0.4175824175824176 0.06084656084656084 0.8351648351648352
210 0.32539682539682535 0.4450549450549451 0.08994708994708994 0.40659340659340665
20 0.4325396825396825 0.4175824175824176 0.06084656084656084 0.8351648351648352
205 0.5436507936507936 0.4395604395604396 0.12962962962962962 0.4395604395604396
39 0.6494708994708994 0.42307692307692313 0.06084656084656084 0.8241758241758242
72 0.7169312169312169 0.6758241758241759 0.031746031746031744 0.23076923076923078
205 0.861111111111111 0.4450549450549451 0.12962962962962962 0.4285714285714286
148 0.8809523809523809 0.08791208791208792 0.06878306878306878 0.04395604395604396
39 0.9642857142857142 0.4175824175824176 0.06084656084656084 0.8351648351648352
