14 0.06382978723404255 0.40588235294117647 0.1276595744680851 0.7176470588235294
20 0.16578014184397163 0.5 0.03368794326241135 0.9529411764705882
163 0.22960992907801417 0.5058823529411764 0.054964539007092195 0.49411764705882355
39 0.2952127659574468 0.5 0.03368794326241135 0.9529411764705882
121 0.4228723404255319 0.5 0.09042553191489361 0.788235294117647
6 0.5877659574468085 0.3941176470588235 0.10815602836879433 0.7411764705882353
163 0.6675531914893617 0.49411764705882355 0.054964539007092195 0.49411764705882355
7 0.750886524822695 0.38823529411764707 0.11170212765957446 0.7058823529411764
20 0.849290780141844 0.48823529411764705 0.035460992907801414 0.9529411764705882
163 0.9140070921985816 0.4823529411764706 0.054964539007092195 0.49411764705882355
39 0.9787234042553191 0.4764705882352941 0.035460992907801414 0.9529411764705882
