13 0.031322505800464036 0.4658119658119659 0.06264501160092807 0.5555555555555556
211 0.08004640371229699 0.7820512820512822 0.03480278422273782 0.4017094017094017
20 0.07366589327146171 0.2435897435897436 0.01740139211136891 0.4871794871794872
91 0.10672853828306264 0.20085470085470086 0.027842227378190254 0.38461538461538464
39 0.13631090487238978 0.2435897435897436 0.01740139211136891 0.4871794871794872
108 0.22041763341067283 0.5427350427350428 0.05568445475638051 0.45299145299145305
20 0.3056844547563805 0.5470085470085471 0.024361948955916472 0.7008547008547009
14 0.3654292343387471 0.47008547008547014 0.0765661252900232 0.5299145299145299
209 0.4332946635730858 0.6196581196581197 0.04988399071925754 0.5042735042735044
149 0.48375870069605564 0.6111111111111112 0.05104408352668213 0.5042735042735044
195 0.5319025522041763 0.7264957264957266 0.031322505800464036 0.3931623931623932
72 0.5591647331786542 0.9145299145299146 0.01160092807424594 0.13675213675213677
91 0.5881670533642691 0.7307692307692308 0.027842227378190254 0.38461538461538464
65 0.6676334106728538 0.5128205128205129 0.05916473317865429 0.4786324786324787
14 0.7662412993039442 0.46153846153846156 0.07540603248259861 0.5299145299145299
10 0.8393271461716937 0.46153846153846156 0.0568445475638051 0.5299145299145299
195 0.8874709976798143 0.6581196581196582 0.030162412993039442 0.3931623931623932
72 0.9147331786542923 0.8461538461538463 0.012761020881670533 0.13675213675213677
91 0.9443155452436195 0.6623931623931625 0.027842227378190254 0.38461538461538464
39 0.9849187935034802 0.5384615384615385 0.025522041763341066 0.7008547008547009
