166 0.02986725663716814 0.6290322580645161 0.05973451327433628 0.6774193548387096
123 0.15376106194690264 0.49193548387096775 0.08628318584070796 0.532258064516129
75 0.2975663716814159 0.4032258064516129 0.06858407079646017 0.7419354838709677
105 0.3573008849557522 0.3870967741935484 0.028761061946902654 0.7419354838709677
168 0.4081858407079646 0.5080645161290323 0.046460176991150445 0.5
186 0.4657079646017699 0.4435483870967742 0.04203539823008849 0.6290322580645161
20 0.5265486725663717 0.49193548387096775 0.030973451327433628 0.9516129032258064
30 0.5984513274336283 0.4032258064516129 0.08628318584070796 0.7096774193548387
72 0.665929203539823 0.7903225806451613 0.022123893805309734 0.25806451612903225
117 0.7466814159292036 0.4838709677419355 0.05530973451327434 0.9354838709677419
201 0.831858407079646 0.6209677419354839 0.0752212389380531 0.6935483870967741
164 0.9214601769911505 0.4838709677419355 0.05530973451327434 0.9354838709677419
39 0.9789823008849557 0.4758064516129032 0.0331858407079646 0.9516129032258064
