204 0.0040887850467289715 0.5818181818181818 0.008177570093457943 0.7636363636363636
7 0.05782710280373831 0.5136363636363636 0.07593457943925233 0.5545454545454546
105 0.1197429906542056 0.19545454545454544 0.017523364485981307 0.3909090909090909
200 0.16355140186915887 0.5954545454545455 0.04672897196261682 0.3909090909090909
20 0.21612149532710279 0.5909090909090908 0.02102803738317757 0.7454545454545454
207 0.26460280373831774 0.609090909090909 0.05957943925233644 0.39999999999999997
39 0.3177570093457944 0.6045454545454545 0.02336448598130841 0.7363636363636363
204 0.3498831775700934 0.6 0.008177570093457943 0.7636363636363636
121 0.44100467289719625 0.6 0.05957943925233644 0.6
145 0.5449766355140186 0.5272727272727272 0.02453271028037383 0.5454545454545454
72 0.6051401869158878 0.7999999999999999 0.011682242990654205 0.16363636363636364
105 0.657126168224299 0.5318181818181817 0.026869158878504672 0.5545454545454546
84 0.7529205607476634 0.6045454545454545 0.06191588785046728 0.20909090909090908
145 0.8563084112149532 0.5272727272727272 0.02336448598130841 0.5454545454545454
72 0.9158878504672896 0.8045454545454545 0.011682242990654205 0.17272727272727273
195 0.9748831775700934 0.5318181818181817 0.0455607476635514 0.5727272727272728
