117 0.028333333333333335 0.47468354430379744 0.05666666666666667 0.9493670886075949
54 0.10500000000000001 0.5253164556962026 0.06333333333333334 0.49367088607594933
158 0.15833333333333335 0.13924050632911392 0.02 0.27848101265822783
164 0.21416666666666667 0.47468354430379744 0.058333333333333334 0.9493670886075949
65 0.33916666666666667 0.49367088607594933 0.08833333333333333 0.5063291139240507
117 0.4633333333333334 0.4810126582278481 0.05333333333333334 0.9367088607594937
201 0.5491666666666667 0.620253164556962 0.07833333333333334 0.7088607594936709
158 0.6091666666666667 0.1518987341772152 0.018333333333333333 0.27848101265822783
164 0.6641666666666667 0.4873417721518987 0.055 0.9493670886075949
84 0.8033333333333333 0.49367088607594933 0.09000000000000001 0.25316455696202533
82 0.9541666666666667 0.4050632911392405 0.085 0.7594936708860759
