204 0.003575685339690107 0.5685483870967741 0.007151370679380214 0.6854838709677419
7 0.056615017878426696 0.5 0.07508939213349225 0.5
89 0.12574493444576876 0.5483870967741935 0.06793802145411204 0.6612903225806451
20 0.18295589988081049 0.564516129032258 0.02264600715137068 0.6612903225806451
207 0.23301549463647198 0.5766129032258064 0.05840286054827175 0.3629032258064516
211 0.28188319427890346 0.8064516129032258 0.03456495828367104 0.3548387096774194
39 0.3247914183551847 0.5604838709677419 0.02264600715137068 0.6532258064516129
204 0.3575685339690107 0.564516129032258 0.007151370679380214 0.6774193548387096
195 0.3909415971394517 0.1975806451612903 0.030989272943980926 0.3629032258064516
84 0.4815256257449344 0.5604838709677419 0.06436233611442192 0.18548387096774194
182 0.601311084624553 0.5483870967741935 0.09415971394517282 0.6935483870967741
17 0.6829558998808104 0.18951612903225806 0.052443384982121574 0.34677419354838707
105 0.6692491060786651 0.8024193548387096 0.017878426698450536 0.34677419354838707
84 0.7091775923718713 0.8387096774193548 0.04529201430274136 0.12903225806451613
145 0.7568533969010727 0.7943548387096774 0.014302741358760428 0.34677419354838707
204 0.8104886769964242 0.5443548387096774 0.007151370679380214 0.6854838709677419
18 0.8617401668653158 0.4758064516129032 0.066746126340882 0.5
105 0.9177592371871275 0.7862903225806451 0.01907032181168057 0.34677419354838707
204 0.9487485101311084 0.5403225806451613 0.007151370679380214 0.6774193548387096
195 0.9821215733015494 0.1774193548387097 0.030989272943980926 0.3548387096774194
