20 0.019262981574539362 0.48148148148148145 0.038525963149078725 0.9382716049382716
47 0.10720268006700168 0.4074074074074074 0.09715242881072027 0.7160493827160493
211 0.1708542713567839 0.7530864197530864 0.04690117252931324 0.4444444444444444
65 0.2705192629815745 0.5 0.08877721943048576 0.5061728395061729
7 0.39028475711892796 0.38888888888888884 0.10050251256281408 0.7037037037037037
39 0.47822445561139026 0.48148148148148145 0.038525963149078725 0.9382716049382716
191 0.5728643216080402 0.4691358024691358 0.06700167504187604 0.49382716049382713
12 0.6917922948073701 0.38888888888888884 0.09045226130653267 0.728395061728395
158 0.7763819095477387 0.16049382716049382 0.018425460636515914 0.2716049382716049
20 0.8157453936348409 0.4691358024691358 0.04020100502512563 0.9382716049382716
76 0.8718592964824121 0.3765432098765432 0.05862646566164154 0.7530864197530864
158 0.9396984924623115 0.16049382716049382 0.020100502512562814 0.2716049382716049
39 0.9773869346733669 0.4691358024691358 0.038525963149078725 0.9382716049382716
