35 0.05894308943089432 0.5 0.11788617886178863 0.9104477611940298
104 0.1595528455284553 0.6417910447761194 0.0467479674796748 0.14925373134328357
53 0.23069105691056913 0.6343283582089552 0.07520325203252033 0.6716417910447761
75 0.3252032520325204 0.48507462686567165 0.0894308943089431 0.9402985074626865
126 0.451219512195122 0.6194029850746269 0.13821138211382114 0.6417910447761194
105 0.5538617886178863 0.47014925373134325 0.03861788617886179 0.9402985074626865
168 0.6178861788617886 0.6268656716417911 0.05691056910569106 0.6567164179104478
168 0.6880081300813009 0.6268656716417911 0.05894308943089432 0.6567164179104478
105 0.7489837398373984 0.47014925373134325 0.03861788617886179 0.9402985074626865
57 0.821138211382114 0.48507462686567165 0.0894308943089431 0.9402985074626865
115 0.894308943089431 0.5 0.03658536585365854 0.9402985074626865
80 0.9613821138211384 0.6343283582089552 0.06910569105691057 0.6716417910447761
