207 0.03404255319148936 0.45108695652173914 0.06808510638297872 0.46739130434782605
109 0.11418439716312058 0.8260869565217391 0.08368794326241136 0.30434782608695654
84 0.2517730496453901 0.43478260869565216 0.07517730496453902 0.2391304347826087
20 0.3588652482269504 0.44021739130434784 0.025531914893617023 0.858695652173913
109 0.43829787234042555 0.46195652173913043 0.10496453900709221 0.42391304347826086
169 0.5347517730496454 0.5163043478260869 0.01702127659574468 0.5760869565217391
109 0.6468085106382979 0.46195652173913043 0.10496453900709221 0.42391304347826086
39 0.7283687943262411 0.4293478260869565 0.02695035460992908 0.858695652173913
108 0.8276595744680851 0.4293478260869565 0.06382978723404256 0.532608695652174
7 0.9539007092198583 0.34239130434782605 0.08652482269503546 0.6413043478260869
