105 0.015130674002751032 0.33163265306122447 0.030261348005502064 0.6224489795918366
84 0.11348005502063274 0.41326530612244894 0.07565337001375516 0.2346938775510204
145 0.22145804676753783 0.32653061224489793 0.030261348005502064 0.6122448979591836
72 0.29298486932599727 0.6377551020408163 0.016506189821182946 0.19387755102040816
195 0.36176066024759285 0.3214285714285714 0.052269601100412656 0.6428571428571428
72 0.4312242090784044 0.6428571428571428 0.015130674002751032 0.2040816326530612
189 0.5027510316368639 0.336734693877551 0.048143053645116916 0.6530612244897959
72 0.5722145804676754 0.6479591836734694 0.016506189821182946 0.19387755102040816
207 0.6822558459422283 0.4438775510204081 0.0687757909215956 0.4591836734693877
108 0.7936726272352133 0.42857142857142855 0.06602475928473178 0.5306122448979591
3 0.9050894085281981 0.35204081632653056 0.0797799174690509 0.6224489795918366
186 0.9594222833562586 0.7857142857142857 0.023383768913342505 0.3877551020408163
158 0.9889958734525447 0.6530612244897959 0.016506189821182946 0.22448979591836732
