0 0.046902654867256637 0.36250000000000004 0.09380530973451327 0.7000000000000001
158 0.115929203539823 0.13125 0.019469026548672566 0.2625
72 0.1486725663716814 0.74375 0.021238938053097345 0.2625
3 0.24778761061946902 0.375 0.08495575221238938 0.7000000000000001
158 0.3106194690265487 0.1375 0.019469026548672566 0.275
108 0.39646017699115044 0.47500000000000003 0.06725663716814159 0.5
8 0.5123893805309735 0.3875 0.07610619469026549 0.7000000000000001
58 0.6185840707964602 0.47500000000000003 0.047787610619469026 0.9500000000000001
117 0.7115044247787611 0.47500000000000003 0.05663716814159292 0.925
31 0.8097345132743363 0.3875 0.09026548672566372 0.7000000000000001
145 0.8911504424778761 0.75 0.03008849557522124 0.45
164 0.9672566371681416 0.47500000000000003 0.0584070796460177 0.925
