201 0.012534059945504088 0.6505376344086022 0.025068119891008177 0.5913978494623656
20 0.036512261580381476 0.5322580645161291 0.009809264305177113 0.8064516129032259
186 0.05068119891008174 0.5053763440860215 0.010899182561307903 0.49462365591397855
128 0.07384196185286104 0.7473118279569894 0.016893732970027248 0.05376344086021506
39 0.09400544959128065 0.510752688172043 0.010354223433242507 0.8064516129032259
84 0.13596730245231609 0.5215053763440861 0.02779291553133515 0.20430107526881722
20 0.17547683923705723 0.5053763440860215 0.008719346049046322 0.7956989247311829
207 0.19564032697547684 0.5322580645161291 0.017438692098092644 0.39784946236559143
148 0.1994550408719346 0.17204301075268819 0.014168937329700274 0.06451612903225806
128 0.24277929155313352 0.510752688172043 0.02888283378746594 0.05376344086021506
83 0.2885558583106267 0.5268817204301076 0.014713896457765668 0.40860215053763443
145 0.3081743869209809 0.7473118279569894 0.009264305177111716 0.37634408602150543
72 0.3253405994550409 0.7634408602150539 0.006539509536784741 0.23655913978494625
89 0.34495912806539514 0.5215053763440861 0.018528610354223433 0.7634408602150539
20 0.37275204359673025 0.5053763440860215 0.009809264305177113 0.7956989247311829
207 0.3929155313351499 0.5322580645161291 0.017438692098092644 0.39784946236559143
148 0.39591280653950955 0.17204301075268819 0.013623978201634877 0.06451612903225806
128 0.4389645776566758 0.510752688172043 0.02888283378746594 0.05376344086021506
83 0.4844686648501363 0.5322580645161291 0.014168937329700274 0.41935483870967744
145 0.5029972752043597 0.7473118279569894 0.009809264305177113 0.3548387096774194
39 0.5188010899182561 0.510752688172043 0.009809264305177113 0.8064516129032259
39 0.5310626702997275 0.5053763440860215 0.009264305177111716 0.7956989247311829
72 0.5427792915531335 0.7580645161290324 0.005449591280653952 0.22580645161290325
201 0.5700272479564032 0.6290322580645161 0.023978201634877384 0.5913978494623656
4 0.5983651226158039 0.5053763440860215 0.014168937329700274 0.903225806451613
211 0.6196185286103543 0.435483870967742 0.019618528610354225 0.6344086021505377
72 0.6362397820163488 0.7526881720430109 0.005994550408719346 0.21505376344086025
148 0.6555858310626703 0.03763440860215054 0.017438692098092644 0.07526881720430108
186 0.6544959128065395 0.48924731182795705 0.010899182561307903 0.4838709677419355
5 0.673024523160763 0.510752688172043 0.015258855585831062 0.89247311827957
65 0.7152588555858311 0.5322580645161291 0.02779291553133515 0.41935483870967744
35 0.7618528610354224 0.4408602150537635 0.028337874659400547 0.6021505376344086
84 0.8147138964577657 0.5215053763440861 0.029427792915531336 0.20430107526881722
201 0.8656675749318802 0.6397849462365592 0.02452316076294278 0.5913978494623656
4 0.896457765667575 0.5215053763440861 0.014168937329700274 0.89247311827957
186 0.9133514986376022 0.5 0.009809264305177113 0.5053763440860215
128 0.9348773841961854 0.7634408602150539 0.016893732970027248 0.043010752688172046
72 0.9544959128065396 0.7741935483870969 0.005994550408719346 0.21505376344086025
148 0.9738419618528611 0.06451612903225806 0.016348773841961855 0.06451612903225806
186 0.9730245231607629 0.5053763440860215 0.010354223433242507 0.49462365591397855
5 0.9915531335149864 0.5268817204301076 0.014713896457765668 0.903225806451613
