10 0.039880952380952385 0.355 0.07976190476190477 0.6900000000000001
145 0.07678571428571429 0.765 0.015476190476190477 0.43
20 0.12083333333333335 0.465 0.022619047619047622 0.81
168 0.16011904761904763 0.47500000000000003 0.03928571428571429 0.45
39 0.2035714285714286 0.465 0.02380952380952381 0.81
84 0.2892857142857143 0.45 0.0642857142857143 0.22
10 0.39940476190476193 0.34 0.07976190476190477 0.68
145 0.43630952380952387 0.765 0.015476190476190477 0.43
145 0.47440476190476194 0.765 0.015476190476190477 0.43
20 0.5172619047619048 0.455 0.022619047619047622 0.81
168 0.5565476190476191 0.465 0.03928571428571429 0.45
39 0.6000000000000001 0.45 0.02380952380952381 0.8200000000000001
155 0.6797619047619048 0.455 0.0642857142857143 0.55
10 0.7839285714285715 0.335 0.07976190476190477 0.67
145 0.8208333333333334 0.76 0.015476190476190477 0.42
195 0.8583333333333334 0.75 0.030952380952380953 0.44
20 0.9029761904761906 0.45 0.022619047619047622 0.8200000000000001
168 0.9422619047619049 0.46 0.03928571428571429 0.46
39 0.9857142857142858 0.44 0.02380952380952381 0.8200000000000001
