15 0.0250501002004008 0.375 0.0501002004008016 0.7250000000000001
130 0.1032064128256513 0.48750000000000004 0.08216432865731463 0.5
186 0.17434869739478956 0.42500000000000004 0.044088176352705406 0.625
117 0.2565130260521042 0.48125 0.06412825651302605 0.9375
160 0.3547094188376753 0.48125 0.09619238476953906 0.9625
164 0.4569138276553106 0.48125 0.06813627254509018 0.9375
178 0.6122244488977956 0.48750000000000004 0.0781563126252505 0.675
15 0.75250501002004 0.4 0.06212424849699398 0.7000000000000001
20 0.8226452905811622 0.49375 0.038076152304609215 0.9375
201 0.8987975951903807 0.625 0.09018036072144288 0.7000000000000001
39 0.9769539078156312 0.48750000000000004 0.038076152304609215 0.9500000000000001
