150 0.034722222222222224 0.42613636363636365 0.06944444444444445 0.6931818181818182
50 0.14087301587301587 0.4375 0.12698412698412698 0.6477272727272727
176 0.22023809523809523 0.5284090909090909 0.04365079365079365 0.875
150 0.28869047619047616 0.42613636363636365 0.06944444444444445 0.6931818181818182
207 0.3740079365079365 0.5397727272727273 0.08531746031746032 0.4431818181818182
105 0.44047619047619047 0.7613636363636364 0.023809523809523808 0.4090909090909091
20 0.5009920634920635 0.5113636363636364 0.04563492063492063 0.8636363636363636
207 0.5714285714285714 0.5454545454545454 0.0873015873015873 0.4545454545454546
39 0.6438492063492063 0.5227272727272727 0.04563492063492063 0.8636363636363636
108 0.742063492063492 0.5511363636363636 0.07539682539682539 0.46590909090909094
27 0.8759920634920635 0.4375 0.10912698412698413 0.6704545454545455
207 0.9692460317460317 0.8352272727272727 0.05357142857142857 0.2840909090909091
112 0.9742063492063492 0.26136363636363635 0.04365079365079365 0.5227272727272727
