129 0.04275092936802974 0.6144578313253012 0.08550185873605948 0.6987951807228916
20 0.12639405204460966 0.5 0.03345724907063197 0.9518072289156627
4 0.18401486988847582 0.5060240963855422 0.03345724907063197 0.9156626506024097
76 0.25092936802973975 0.3795180722891566 0.07434944237918215 0.7590361445783133
5 0.3252788104089219 0.5120481927710844 0.03345724907063197 0.9277108433734941
39 0.38104089219330856 0.5 0.03345724907063197 0.9518072289156627
108 0.5111524163568772 0.49397590361445787 0.08550185873605948 0.6024096385542169
0 0.6691449814126393 0.4096385542168675 0.10780669144981413 0.6987951807228916
196 0.7695167286245352 0.5180722891566265 0.07434944237918215 0.5060240963855422
186 0.8410780669144982 0.45783132530120485 0.04275092936802974 0.6265060240963856
13 0.9479553903345724 0.3795180722891566 0.0966542750929368 0.7349397590361446
