141 0.02753623188405797 0.5 0.05507246376811594 0.4382022471910112
163 0.08188405797101449 0.4943820224719101 0.042028985507246375 0.42696629213483145
75 0.1391304347826087 0.37640449438202245 0.06086956521739131 0.6629213483146067
208 0.19420289855072465 0.6853932584269663 0.03768115942028986 0.5842696629213483
95 0.25507246376811593 0.5955056179775281 0.05507246376811594 0.6067415730337078
20 0.31231884057971016 0.4606741573033708 0.02753623188405797 0.9213483146067416
208 0.3601449275362319 0.46629213483146065 0.050724637681159424 0.8426966292134831
72 0.40942028985507245 0.7247191011235955 0.015942028985507246 0.2808988764044944
211 0.4753623188405797 0.4044943820224719 0.052173913043478265 0.651685393258427
39 0.5253623188405797 0.46629213483146065 0.02753623188405797 0.9325842696629213
97 0.631159420289855 0.47191011235955055 0.07391304347826087 0.7191011235955056
53 0.7442028985507246 0.5 0.05652173913043478 0.4382022471910112
189 0.8007246376811594 0.6292134831460674 0.0391304347826087 0.449438202247191
176 0.8601449275362318 0.46629213483146065 0.04492753623188406 0.9325842696629213
53 0.922463768115942 0.4943820224719101 0.05652173913043478 0.42696629213483145
195 0.9782608695652174 0.6123595505617977 0.03768115942028986 0.4382022471910112
