210 0.04545454545454545 0.4671052631578947 0.0909090909090909 0.48684210526315785
148 0.07085561497326202 0.03289473684210526 0.07219251336898395 0.06578947368421052
195 0.13101604278074866 0.7171052631578947 0.06951871657754011 0.48684210526315785
72 0.2286096256684492 0.7434210526315789 0.034759358288770054 0.2763157894736842
119 0.39705882352941174 0.6644736842105263 0.16844919786096255 0.11842105263157894
72 0.5481283422459893 0.7434210526315789 0.0320855614973262 0.2763157894736842
210 0.6617647058823529 0.4671052631578947 0.08823529411764705 0.48684210526315785
148 0.6885026737967914 0.039473684210526314 0.07219251336898395 0.05263157894736842
130 0.75 0.8092105263157894 0.06149732620320855 0.3289473684210526
128 0.8609625668449198 0.7236842105263157 0.0855614973262032 0.05263157894736842
145 0.9692513368983957 0.7302631578947368 0.05080213903743315 0.4605263157894737
