54 0.02110091743119266 0.5287356321839081 0.04220183486238532 0.4367816091954023
105 0.05596330275229358 0.6551724137931034 0.01651376146788991 0.4367816091954023
84 0.12110091743119267 0.4885057471264368 0.04954128440366973 0.24137931034482757
12 0.20275229357798166 0.41379310344827586 0.05137614678899083 0.6896551724137931
6 0.2591743119266055 0.40229885057471265 0.046788990825688076 0.6896551724137931
7 0.31467889908256885 0.40804597701149425 0.05137614678899083 0.6551724137931034
20 0.36100917431192664 0.4885057471264368 0.01743119266055046 0.9540229885057471
23 0.3931192660550459 0.4942528735632184 0.026605504587155965 0.9655172413793103
53 0.4321100917431193 0.5287356321839081 0.03486238532110092 0.4367816091954023
145 0.46788990825688076 0.6494252873563219 0.01651376146788991 0.4482758620689655
72 0.4972477064220184 0.7701149425287356 0.009174311926605505 0.27586206896551724
53 0.5403669724770642 0.5287356321839081 0.03486238532110092 0.4367816091954023
195 0.5756880733944955 0.6494252873563219 0.022935779816513763 0.4482758620689655
72 0.6055045871559633 0.7701149425287356 0.009174311926605505 0.27586206896551724
53 0.6486238532110092 0.5172413793103449 0.03486238532110092 0.4367816091954023
189 0.6834862385321101 0.6666666666666666 0.023853211009174313 0.45977011494252873
24 0.7211009174311926 0.4885057471264368 0.025688073394495414 0.9540229885057471
128 0.786697247706422 0.4885057471264368 0.044954128440366975 0.05747126436781609
23 0.8522935779816514 0.48275862068965514 0.025688073394495414 0.9655172413793103
53 0.8917431192660551 0.5287356321839081 0.03486238532110092 0.4367816091954023
105 0.9224770642201835 0.6551724137931034 0.015596330275229359 0.4367816091954023
24 0.9559633027522936 0.4885057471264368 0.027522935779816515 0.9540229885057471
39 0.9889908256880735 0.4942528735632184 0.01834862385321101 0.9425287356321839
