23 0.0044604927782497875 0.5271739130434783 0.008920985556499575 0.8152173913043478
6 0.02824978759558199 0.44565217391304346 0.022514868309260833 0.6086956521739131
54 0.04609175870858114 0.8478260869565217 0.010620220900594732 0.2608695652173913
105 0.044180118946474084 0.21195652173913043 0.005097706032285472 0.3804347826086956
24 0.05926083262531861 0.5163043478260869 0.008920985556499575 0.8369565217391304
84 0.08602378929481734 0.5163043478260869 0.021665250637213255 0.20652173913043478
23 0.11045029736618522 0.5108695652173912 0.009345794392523366 0.8260869565217391
161 0.127017841971113 0.6358695652173912 0.016142735768903994 0.5978260869565217
196 0.14634664401019543 0.5434782608695652 0.015717926932880204 0.41304347826086957
53 0.16503823279524216 0.532608695652174 0.015717926932880204 0.43478260869565216
75 0.18330501274426508 0.44021739130434784 0.01656754460492778 0.6413043478260869
163 0.20008496176720475 0.5217391304347826 0.011045029736618521 0.41304347826086957
53 0.21580288870008496 0.5271739130434783 0.014443500424808835 0.42391304347826086
186 0.22982158028887 0.47282608695652173 0.009345794392523366 0.532608695652174
105 0.24086661002548854 0.42391304347826086 0.006796941376380629 0.6304347826086957
64 0.25382327952421413 0.5271739130434783 0.013169073916737469 0.42391304347826086
105 0.27888700084961765 0.4293478260869565 0.007221750212404418 0.6195652173913043
126 0.2982158028887001 0.5217391304347826 0.027187765505522515 0.41304347826086957
53 0.32285471537807986 0.5217391304347826 0.015293118096856415 0.43478260869565216
95 0.33984706881903143 0.6358695652173912 0.014443500424808835 0.5978260869565217
80 0.35641461342395925 0.5163043478260869 0.01274426508071368 0.42391304347826086
105 0.3804163126593033 0.42391304347826086 0.007221750212404418 0.6304347826086957
130 0.3961342395921835 0.5217391304347826 0.01656754460492778 0.41304347826086957
22 0.4358538657604078 0.4293478260869565 0.03313508920985556 0.6195652173913043
141 0.4749362786745964 0.5163043478260869 0.015293118096856415 0.42391304347826086
89 0.49129141886151234 0.4076086956521739 0.010620220900594732 0.6195652173913043
115 0.509983007646559 0.40217391304347827 0.00637213254035684 0.6304347826086957
105 0.5199660152931181 0.41304347826086957 0.006796941376380629 0.6304347826086957
130 0.5344095157179269 0.5163043478260869 0.016142735768903994 0.42391304347826086
80 0.5518266779949023 0.5163043478260869 0.01274426508071368 0.42391304347826086
168 0.566482582837723 0.5108695652173912 0.010620220900594732 0.43478260869565216
105 0.5909090909090909 0.41304347826086957 0.0076465590484282074 0.6304347826086957
130 0.6059898045879354 0.5108695652173912 0.01656754460492778 0.41304347826086957
6 0.6427357689039932 0.42391304347826086 0.020390824129141887 0.6304347826086957
30 0.6654630416312659 0.42391304347826086 0.020815632965165677 0.6086956521739131
195 0.6850042480883602 0.1902173913043478 0.010620220900594732 0.3804347826086956
149 0.7141036533559898 0.6141304347826086 0.016992353440951572 0.5978260869565217
53 0.7340696686491079 0.5108695652173912 0.015293118096856415 0.43478260869565216
168 0.7493627867459643 0.5163043478260869 0.010195412064570943 0.42391304347826086
168 0.7625318606627018 0.5108695652173912 0.010195412064570943 0.43478260869565216
105 0.7740016992353441 0.41304347826086957 0.006796941376380629 0.6304347826086957
130 0.7884451996601529 0.5054347826086957 0.016142735768903994 0.42391304347826086
95 0.8069243840271878 0.6032608695652174 0.014868309260832626 0.5978260869565217
186 0.8328377230246389 0.45108695652173914 0.008920985556499575 0.532608695652174
101 0.8485556499575191 0.3967391304347826 0.01656754460492778 0.6413043478260869
163 0.8657604078164826 0.4945652173913043 0.011045029736618521 0.40217391304347827
141 0.8819031435853866 0.4891304347826087 0.016142735768903994 0.43478260869565216
196 0.9027187765505522 0.4945652173913043 0.016992353440951572 0.42391304347826086
95 0.9216227697536109 0.6032608695652174 0.014868309260832626 0.5978260869565217
101 0.939677145284622 0.3804347826086956 0.016142735768903994 0.6304347826086957
207 0.9694137638062872 0.4891304347826087 0.016142735768903994 0.41304347826086957
105 0.9832200509770603 0.717391304347826 0.004672897196261683 0.3695652173913043
24 0.9944774851316908 0.45652173913043476 0.009345794392523366 0.8260869565217391
