161 0.015648854961832062 0.5962962962962963 0.031297709923664124 0.43703703703703706
108 0.07442748091603053 0.5333333333333333 0.03587786259541985 0.3851851851851852
168 0.12786259541984732 0.5444444444444445 0.022137404580152672 0.33333333333333337
149 0.15916030534351144 0.5925925925925926 0.03282442748091603 0.42962962962962964
186 0.1881679389312977 0.5074074074074074 0.019083969465648856 0.3925925925925926
20 0.21259541984732824 0.5296296296296297 0.01450381679389313 0.6
11 0.250381679389313 0.4666666666666667 0.04580152671755725 0.45925925925925926
155 0.31755725190839695 0.5296296296296297 0.04122137404580153 0.40740740740740744
89 0.38053435114503814 0.5111111111111112 0.04351145038167939 0.6074074074074074
39 0.416793893129771 0.5259259259259259 0.015267175572519083 0.6074074074074074
171 0.4381679389312977 0.7962962962962963 0.012213740458015267 0.37777777777777777
20 0.4622137404580153 0.5259259259259259 0.01450381679389313 0.6074074074074074
6 0.5034351145038168 0.46296296296296297 0.046564885496183206 0.4814814814814815
163 0.533587786259542 0.7962962962962963 0.016793893129770993 0.21481481481481482
145 0.5419847328244275 0.16666666666666669 0.00916030534351145 0.31851851851851853
39 0.5694656488549619 0.5259259259259259 0.015267175572519083 0.6074074074074074
84 0.6244274809160305 0.5222222222222223 0.04122137404580153 0.17037037037037037
168 0.6805343511450381 0.5296296296296297 0.022137404580152672 0.33333333333333337
149 0.7114503816793893 0.5814814814814815 0.03358778625954199 0.43703703703703706
186 0.7408396946564886 0.4962962962962963 0.019083969465648856 0.4
45 0.7919847328244275 0.45925925925925926 0.04351145038167939 0.45925925925925926
163 0.815267175572519 0.788888888888889 0.016793893129770993 0.22962962962962963
145 0.8290076335877863 0.15925925925925927 0.00916030534351145 0.31851851851851853
178 0.8862595419847328 0.5185185185185185 0.03969465648854962 0.3851851851851852
22 0.9652671755725191 0.45555555555555555 0.06641221374045801 0.4518518518518519
