163 0.03444180522565321 0.5323529411764706 0.06888361045130642 0.21764705882352942
20 0.12589073634204276 0.5235294117647059 0.052256532066508314 0.44705882352941173
210 0.1959619952494062 0.5352941176470588 0.0831353919239905 0.22352941176470587
72 0.2660332541567696 0.6617647058823529 0.028503562945368172 0.12352941176470589
211 0.3776722090261283 0.4764705882352941 0.08551068883610452 0.3411764705882353
39 0.45724465558194777 0.5235294117647059 0.05463182897862233 0.44705882352941173
84 0.5938242280285035 0.5176470588235293 0.12351543942992875 0.11764705882352941
94 0.7410926365795725 0.538235294117647 0.0997624703087886 0.01764705882352941
195 0.7399049881235155 0.8176470588235294 0.0831353919239905 0.3411764705882353
105 0.7458432304038005 0.16176470588235295 0.04275534441805226 0.3235294117647059
210 0.8954869358669834 0.5470588235294117 0.08076009501187649 0.22352941176470587
145 0.9726840855106889 0.6647058823529411 0.045130641330166275 0.21176470588235294
