141 0.026695526695526696 0.4943181818181818 0.05339105339105339 0.4431818181818182
163 0.0808080808080808 0.4943181818181818 0.0404040404040404 0.42045454545454547
75 0.13636363636363635 0.3806818181818182 0.05916305916305916 0.6704545454545455
212 0.19480519480519481 0.6875 0.03751803751803752 0.5795454545454546
95 0.2546897546897547 0.5909090909090909 0.05627705627705628 0.6136363636363636
20 0.3124098124098124 0.4715909090909091 0.027417027417027416 0.9431818181818182
211 0.36363636363636365 0.40340909090909094 0.05194805194805195 0.6477272727272727
72 0.41125541125541126 0.7386363636363636 0.01443001443001443 0.2727272727272727
212 0.47763347763347763 0.4715909090909091 0.05194805194805195 0.8295454545454546
39 0.5295815295815296 0.46590909090909094 0.02886002886002886 0.9318181818181819
97 0.6341991341991342 0.4715909090909091 0.0707070707070707 0.7386363636363636
53 0.746031746031746 0.5 0.05483405483405483 0.4318181818181818
195 0.8008658008658008 0.625 0.03751803751803752 0.4318181818181818
176 0.86002886002886 0.4715909090909091 0.046176046176046176 0.9431818181818182
53 0.9235209235209235 0.5 0.05483405483405483 0.4318181818181818
189 0.9776334776334776 0.6306818181818182 0.03896103896103896 0.4431818181818182
