168 0.00995732574679943 0.4074074074074074 0.01991465149359886 0.4074074074074074
149 0.0387624466571835 0.4722222222222222 0.030583214793741112 0.537037037037037
186 0.06614509246088193 0.3611111111111111 0.017069701280227598 0.5
20 0.08819345661450925 0.39814814814814814 0.01422475106685633 0.7592592592592592
11 0.12375533428165007 0.3194444444444444 0.042674253200568994 0.5648148148148148
155 0.1895448079658606 0.39814814814814814 0.03769559032716928 0.5
89 0.2503556187766714 0.3796296296296296 0.03982930298719772 0.7592592592592592
39 0.2834281650071124 0.40277777777777773 0.013513513513513514 0.75
171 0.30369843527738266 0.7453703703703703 0.011379800853485065 0.4722222222222222
20 0.3271692745376956 0.40277777777777773 0.01422475106685633 0.75
47 0.3662873399715505 0.3333333333333333 0.042674253200568994 0.5740740740740741
39 0.4014935988620199 0.4074074074074074 0.013513513513513514 0.7592592592592592
84 0.46230440967283076 0.40277777777777773 0.03840682788051209 0.21296296296296297
95 0.52524893314367 0.4861111111111111 0.026315789473684213 0.5462962962962963
163 0.552275960170697 0.4074074074074074 0.02062588904694168 0.38888888888888884
53 0.5785917496443812 0.4074074074074074 0.026315789473684213 0.4074074074074074
149 0.6102418207681366 0.4768518518518518 0.029871977240398296 0.5277777777777778
101 0.6447368421052632 0.3194444444444444 0.029160739687055477 0.5648148148148148
20 0.6738975817923186 0.40277777777777773 0.013513513513513514 0.75
11 0.7087482219061166 0.32407407407407407 0.041963015647226175 0.5555555555555556
155 0.7759601706970128 0.4074074074074074 0.03840682788051209 0.5
89 0.8367709815078237 0.3796296296296296 0.04054054054054054 0.7592592592592592
204 0.8933143669985776 0.4074074074074074 0.004267425320056899 0.7777777777777777
47 0.9562588904694168 0.33796296296296297 0.04338549075391181 0.5833333333333333
39 0.9914651493598863 0.40277777777777773 0.01422475106685633 0.75
