94 0.08353510895883777 0.4941860465116279 0.16707021791767554 0.03488372093023256
50 0.08353510895883777 0.16279069767441862 0.1476997578692494 0.313953488372093
51 0.08474576271186442 0.752906976744186 0.13075060532687652 0.3081395348837209
84 0.3026634382566586 0.4941860465116279 0.12106537530266344 0.11627906976744186
94 0.5145278450363197 0.4941860465116279 0.1476997578692494 0.03488372093023256
34 0.5145278450363197 0.7877906976744186 0.12832929782082325 0.4011627906976744
30 0.516949152542373 0.1569767441860465 0.12832929782082325 0.313953488372093
84 0.7239709443099274 0.49127906976744184 0.12106537530266344 0.11046511627906977
208 0.887409200968523 0.49709302325581395 0.07990314769975787 0.3895348837209302
195 0.9673123486682809 0.3226744186046512 0.05569007263922519 0.20348837209302326
