163 0.014028056112224447 0.5277777777777778 0.028056112224448895 0.41111111111111115
195 0.049098196392785565 0.7777777777777778 0.026052104208416832 0.4
84 0.11022044088176351 0.5055555555555555 0.05410821643286573 0.2111111111111111
163 0.16783567134268534 0.5166666666666667 0.027054108216432865 0.41111111111111115
195 0.2034068136272545 0.7611111111111112 0.024048096192384766 0.3888888888888889
20 0.23947895791583165 0.5 0.018036072144288574 0.8444444444444444
83 0.26803607214428854 0.5277777777777778 0.027054108216432865 0.43333333333333335
72 0.29308617234468937 0.7611111111111112 0.011022044088176352 0.23333333333333334
35 0.35120240480961923 0.41111111111111115 0.0531062124248497 0.6222222222222222
195 0.4033066132264529 0.75 0.0250501002004008 0.3888888888888889
39 0.4308617234468938 0.48888888888888893 0.018036072144288574 0.8444444444444444
100 0.48697394789579157 0.4666666666666667 0.052104208416833664 0.4666666666666667
211 0.5511022044088176 0.3888888888888889 0.038076152304609215 0.6444444444444445
72 0.5811623246492985 0.7277777777777779 0.012024048096192383 0.23333333333333334
6 0.6543086172344689 0.38333333333333336 0.0501002004008016 0.6333333333333333
84 0.7234468937875751 0.45 0.052104208416833664 0.2111111111111111
6 0.8001002004008015 0.3666666666666667 0.049098196392785565 0.6444444444444445
20 0.8391783567134268 0.4388888888888889 0.019038076152304607 0.8333333333333334
76 0.8722444889779558 0.3388888888888889 0.033066132264529056 0.6555555555555556
72 0.9013026052104207 0.7000000000000001 0.011022044088176352 0.24444444444444446
59 0.9559118236472945 0.4277777777777778 0.04208416833667334 0.8555555555555556
39 0.9884769539078155 0.4277777777777778 0.019038076152304607 0.8333333333333334
