20 0.009988901220865706 0.5520833333333333 0.01997780244173141 0.8541666666666666
143 0.05493895671476138 0.5729166666666666 0.05438401775804662 0.3958333333333333
72 0.10099889012208657 0.8072916666666666 0.011098779134295227 0.26041666666666663
186 0.14483906770255273 0.5052083333333333 0.02774694783573807 0.5520833333333333
39 0.17702552719200887 0.5520833333333333 0.021087680355160933 0.8541666666666666
66 0.22918978912319646 0.5520833333333333 0.009988901220865706 0.08333333333333333
20 0.28190899001109876 0.5520833333333333 0.01997780244173141 0.8541666666666666
57 0.3196448390677026 0.46875 0.033296337402885685 0.6041666666666666
210 0.36126526082130966 0.5885416666666666 0.038845726970033294 0.38541666666666663
105 0.39622641509433965 0.22395833333333331 0.017758046614872364 0.40625
39 0.43118756936736957 0.5520833333333333 0.021087680355160933 0.8541666666666666
84 0.5110987791342952 0.546875 0.061043285238623755 0.21875
143 0.6015538290788014 0.5885416666666666 0.0532741398446171 0.38541666666666663
105 0.6459489456159823 0.22395833333333331 0.01997780244173141 0.40625
186 0.6809100998890122 0.5052083333333333 0.025527192008879023 0.5520833333333333
112 0.7108768035516093 0.28125 0.02774694783573807 0.5208333333333333
113 0.7519422863485017 0.20833333333333331 0.029966703662597113 0.41666666666666663
155 0.8002219755826859 0.26041666666666663 0.04661487236403996 0.4375
105 0.8412874583795783 0.22395833333333331 0.017758046614872364 0.40625
115 0.8701442841287459 0.21354166666666666 0.02663706992230855 0.4270833333333333
57 0.9112097669256382 0.47916666666666663 0.033296337402885685 0.6041666666666666
210 0.9528301886792453 0.5885416666666666 0.038845726970033294 0.38541666666666663
105 0.98834628190899 0.22395833333333331 0.018867924528301886 0.40625
