12 0.05063291139240506 0.39285714285714285 0.10126582278481013 0.7142857142857142
6 0.16365280289330922 0.39285714285714285 0.0922242314647378 0.738095238095238
7 0.2730560578661844 0.3988095238095238 0.10126582278481013 0.6785714285714285
20 0.364376130198915 0.4880952380952381 0.034358047016274866 0.9761904761904762
54 0.4394213381555154 0.5238095238095237 0.08318264014466546 0.45238095238095233
195 0.5162748643761301 0.6607142857142857 0.045207956600361664 0.46428571428571425
72 0.5768535262206148 0.7738095238095237 0.018083182640144666 0.2857142857142857
54 0.6690777576853526 0.5178571428571428 0.08318264014466546 0.46428571428571425
189 0.7450271247739602 0.6666666666666666 0.04701627486437613 0.47619047619047616
39 0.8092224231464737 0.4821428571428571 0.0379746835443038 0.9642857142857142
84 0.9475587703435805 0.4880952380952381 0.09764918625678119 0.23809523809523808
