161 0.036312849162011177 0.6637931034482758 0.07262569832402235 0.603448275862069
186 0.10474860335195531 0.5344827586206896 0.036312849162011177 0.5517241379310345
20 0.15363128491620112 0.5344827586206896 0.0335195530726257 0.7586206896551724
0 0.24162011173184358 0.49137931034482757 0.10893854748603353 0.6379310344827586
39 0.33379888268156427 0.5431034482758621 0.036312849162011177 0.8103448275862069
84 0.44972067039106145 0.5086206896551724 0.0893854748603352 0.25862068965517243
161 0.585195530726257 0.6551724137931034 0.07541899441340782 0.6206896551724138
186 0.6536312849162011 0.5258620689655172 0.03910614525139665 0.5689655172413793
20 0.7067039106145252 0.5431034482758621 0.03910614525139665 0.8103448275862069
3 0.7918994413407822 0.47413793103448276 0.09776536312849163 0.6724137931034483
12 0.9022346368715084 0.20689655172413793 0.0670391061452514 0.41379310344827586
39 0.973463687150838 0.5431034482758621 0.04189944134078213 0.8103448275862069
