113 0.018945634266886325 0.2926267281105991 0.03789126853377265 0.2995391705069124
20 0.05642504118616145 0.34101382488479265 0.015650741350906095 0.3778801843317972
207 0.08978583196046129 0.3456221198156682 0.04118616144975289 0.20276497695852536
39 0.128500823723229 0.34101382488479265 0.016474464579901153 0.3778801843317972
84 0.18739703459637563 0.3387096774193548 0.045304777594728174 0.10599078341013825
209 0.25 0.8917050691244239 0.025535420098846788 0.1889400921658986
108 0.28500823723228996 0.8594470046082949 0.03130148270181219 0.1889400921658986
182 0.34884678747940695 0.3387096774193548 0.0914332784184514 0.5483870967741935
196 0.3200164744645799 0.868663594470046 0.023887973640856673 0.14285714285714285
128 0.3525535420098847 0.7972350230414746 0.02471169686985173 0.018433179723502304
145 0.38097199341021415 0.7903225806451613 0.005766062602965404 0.1336405529953917
20 0.40362438220757824 0.8640552995391705 0.009884678747940693 0.2534562211981567
207 0.42833607907743 0.8663594470046083 0.02800658978583196 0.1382488479262673
39 0.4546952224052718 0.8640552995391705 0.009884678747940693 0.2534562211981567
37 0.4822899505766063 0.3387096774193548 0.027182866556836903 0.3640552995391705
113 0.520181219110379 0.2903225806451613 0.03706754530477759 0.30414746543778803
190 0.5214168039538715 0.08986175115207373 0.019769357495881386 0.05069124423963134
20 0.5572487644151565 0.3387096774193548 0.015650741350906095 0.37327188940092165
209 0.5930807248764415 0.38018433179723504 0.03789126853377265 0.271889400921659
39 0.6301482701812191 0.3387096774193548 0.016474464579901153 0.37327188940092165
38 0.6606260296540363 0.34101382488479265 0.026359143327841845 0.3686635944700461
108 0.720345963756178 0.3387096774193548 0.03871499176276771 0.2350230414746544
34 0.792009884678748 0.33410138248847926 0.05024711696869852 0.3640552995391705
17 0.8381383855024712 0.4769585253456221 0.03542009884678748 0.19815668202764977
20 0.8747940691927513 0.3387096774193548 0.016474464579901153 0.37327188940092165
35 0.914332784184514 0.29723502304147464 0.047775947281713346 0.28110599078341014
101 0.9567545304777595 0.10829493087557604 0.022240527182866558 0.21658986175115208
39 0.9901153212520594 0.3387096774193548 0.016474464579901153 0.37327188940092165
