83 0.01804812834224599 0.5 0.03609625668449198 0.19191919191919193
84 0.09692513368983957 0.4823232323232324 0.07085561497326202 0.09595959595959597
94 0.38101604278074863 0.48989898989898994 0.4572192513368984 0.030303030303030304
93 0.17780748663101603 0.7272727272727273 0.0481283422459893 0.2828282828282829
154 0.24465240641711228 0.7904040404040404 0.05080213903743315 0.18686868686868688
76 0.3135026737967914 0.148989898989899 0.044117647058823525 0.297979797979798
128 0.33288770053475936 0.7702020202020202 0.06684491978609625 0.025252525252525256
145 0.36631016042780745 0.31818181818181823 0.02406417112299465 0.17171717171717174
115 0.40240641711229946 0.7323232323232324 0.0213903743315508 0.29292929292929293
59 0.4364973262032085 0.196969696969697 0.057486631016042775 0.37373737373737376
76 0.45187165775401067 0.7348484848484849 0.04545454545454545 0.297979797979798
145 0.5086898395721925 0.9015151515151516 0.022727272727272724 0.1767676767676768
59 0.5775401069518716 0.7803030303030304 0.05614973262032085 0.37878787878787884
72 0.6296791443850267 0.6186868686868687 0.0160427807486631 0.10606060606060606
76 0.7232620320855615 0.4545454545454546 0.0427807486631016 0.30303030303030304
84 0.8074866310160428 0.4974747474747475 0.06684491978609625 0.09595959595959597
115 0.8790106951871657 0.4570707070707071 0.020053475935828877 0.2878787878787879
76 0.9291443850267379 0.4570707070707071 0.04545454545454545 0.297979797979798
145 0.9846256684491979 0.6237373737373738 0.025401069518716575 0.1767676767676768
