89 0.009415262636273538 0.5698924731182796 0.018830525272547076 0.7526881720430109
195 0.02651139742319128 0.2634408602150538 0.011397423191278493 0.37634408602150543
20 0.04311199207135778 0.5698924731182796 0.008919722497522299 0.8172043010752689
45 0.06268582755203171 0.49462365591397855 0.02527254707631318 0.5806451612903226
39 0.08225966303270565 0.5645161290322581 0.008919722497522299 0.8279569892473119
128 0.11199207135777997 0.5698924731182796 0.022794846382556987 0.06451612903225806
45 0.14816650148662042 0.4838709677419355 0.024777006937561942 0.5806451612903226
195 0.16798810703666997 0.25268817204301075 0.010901883052527254 0.37634408602150543
53 0.18136769078295342 0.3064516129032258 0.011892963330029732 0.2688172043010753
128 0.19846382556987116 0.2849462365591398 0.015361744301288404 0.05376344086021506
145 0.21481665014866203 0.24193548387096775 0.007433102081268583 0.37634408602150543
84 0.24628344895936571 0.5483870967741936 0.023785926660059464 0.21505376344086025
20 0.27750247770069375 0.5483870967741936 0.008919722497522299 0.8172043010752689
89 0.29509415262636274 0.5430107526881721 0.018334985133795837 0.7419354838709677
20 0.31367690782953417 0.5483870967741936 0.008919722497522299 0.8172043010752689
45 0.33349851337958375 0.4731182795698925 0.02576808721506442 0.5806451612903226
39 0.352824578790882 0.5430107526881721 0.008919722497522299 0.8064516129032259
128 0.3833002973240832 0.5430107526881721 0.023290386521308225 0.05376344086021506
45 0.41897918731417244 0.467741935483871 0.02527254707631318 0.5913978494623656
53 0.4390485629335976 0.2903225806451613 0.01288404360753221 0.2795698924731183
145 0.4519326065411298 0.34946236559139787 0.006937561942517344 0.2903225806451613
39 0.4672943508424182 0.5322580645161291 0.008919722497522299 0.8064516129032259
20 0.482408325074331 0.5268817204301076 0.00842418235877106 0.8172043010752689
89 0.5004955401387512 0.5322580645161291 0.018830525272547076 0.7419354838709677
20 0.518830525272547 0.5268817204301076 0.008919722497522299 0.8172043010752689
45 0.5388999008919723 0.456989247311828 0.02527254707631318 0.5913978494623656
39 0.5582259663032706 0.5322580645161291 0.009415262636273538 0.8064516129032259
155 0.5882061446977205 0.5268817204301076 0.024777006937561942 0.5376344086021506
45 0.6233894945490585 0.4516129032258065 0.02576808721506442 0.5806451612903226
53 0.6434588701684837 0.2741935483870968 0.012388503468780971 0.2688172043010753
145 0.6565906838453914 0.33870967741935487 0.006937561942517344 0.2903225806451613
39 0.671209117938553 0.5161290322580645 0.009415262636273538 0.8172043010752689
85 0.7034192269573836 0.5161290322580645 0.024281466798810703 0.3655913978494624
211 0.7366204162537165 0.456989247311828 0.015361744301288404 0.5698924731182796
126 0.7777502477700694 0.5215053763440861 0.02626362735381566 0.39784946236559143
141 0.8010406342913776 0.5215053763440861 0.01635282457879088 0.41935483870967744
75 0.820366699702676 0.446236559139785 0.018334985133795837 0.5913978494623656
20 0.8429137760158573 0.5161290322580645 0.008919722497522299 0.8172043010752689
45 0.8627353815659068 0.4408602150537635 0.024777006937561942 0.5806451612903226
128 0.8974231912784936 0.5161290322580645 0.022794846382556987 0.06451612903225806
145 0.929633300297324 0.4516129032258065 0.011892963330029732 0.5591397849462366
39 0.9444995044598612 0.5161290322580645 0.008919722497522299 0.8172043010752689
75 0.9591179385530227 0.20430107526881722 0.013379583746283449 0.40860215053763443
128 0.9762140733399405 0.25268817204301075 0.015857284440039643 0.05376344086021506
195 0.9935579781962339 0.20967741935483872 0.010901883052527254 0.37634408602150543
