172 0.0347758887171561 0.5588235294117647 0.0695517774343122 0.36134453781512604
108 0.1561051004636785 0.5504201680672268 0.07109737248840804 0.4117647058823529
14 0.3075734157650695 0.47058823529411764 0.14528593508500773 0.5378151260504201
10 0.4544049459041731 0.4663865546218487 0.10200927357032458 0.5462184873949579
188 0.5394126738794436 0.18067226890756302 0.04327666151468315 0.36134453781512604
20 0.5996908809891808 0.5630252100840336 0.027820710973724884 0.6554621848739496
35 0.6746522411128284 0.49159663865546216 0.08809891808346212 0.49579831932773105
211 0.749613601236476 0.8025210084033613 0.04327666151468315 0.36134453781512604
72 0.8191653786707882 0.7605042016806722 0.01854714064914992 0.1764705882352941
101 0.9173106646058733 0.47478991596638653 0.06027820710973725 0.5462184873949579
39 0.9829984544049459 0.5630252100840336 0.027820710973724884 0.6554621848739496
