89 0.045307443365695796 0.544 0.09061488673139159 0.656
71 0.1156957928802589 0.584 0.01779935275080906 0.352
3 0.20954692556634305 0.5 0.09223300970873786 0.488
163 0.27750809061488674 0.86 0.03398058252427184 0.248
195 0.2896440129449838 0.188 0.042071197411003236 0.376
167 0.4279935275080906 0.5680000000000001 0.11812297734627833 0.224
34 0.5922330097087379 0.556 0.10032362459546926 0.632
17 0.6828478964401294 0.808 0.07119741100323625 0.352
20 0.7548543689320388 0.5640000000000001 0.03074433656957929 0.648
35 0.8325242718446603 0.496 0.09546925566343042 0.496
101 0.9166666666666667 0.2 0.043689320388349516 0.368
39 0.9813915857605179 0.556 0.03074433656957929 0.648
