47 0.01471825063078217 0.869281045751634 0.02943650126156434 0.23529411764705882
110 0.01345668629100084 0.3496732026143791 0.02354920100925147 0.607843137254902
204 0.05172413793103448 0.3464052287581699 0.004205214465937763 0.48366013071895425
101 0.07905803195962993 0.2908496732026144 0.030277544154751892 0.38562091503267976
204 0.10639192598822539 0.3464052287581699 0.004205214465937763 0.48366013071895425
195 0.13036164844407064 0.16013071895424838 0.02018502943650126 0.22875816993464054
80 0.17409587888982336 0.3627450980392157 0.025231286795626577 0.2549019607843137
128 0.21194280908326324 0.19607843137254902 0.028595458368376785 0.026143790849673203
20 0.24474348191757778 0.18627450980392157 0.01009251471825063 0.28104575163398693
54 0.2640874684608915 0.1895424836601307 0.021867115222876366 0.1568627450980392
188 0.29184188393608074 0.1568627450980392 0.018502943650126155 0.23529411764705882
155 0.32506307821698904 0.18300653594771243 0.027754415475189233 0.19607843137254902
86 0.36038687973086625 0.22222222222222224 0.017661900756938603 0.20915032679738563
115 0.39234650967199325 0.14052287581699346 0.009251471825063078 0.21568627450980393
141 0.4091673675357443 0.17973856209150327 0.019343986543313707 0.1503267973856209
95 0.4318755256518082 0.21241830065359477 0.022708158116063918 0.21568627450980393
204 0.45836837678721615 0.16339869281045752 0.00336417157275021 0.32679738562091504
210 0.4772918418839361 0.18627450980392157 0.017661900756938603 0.1503267973856209
204 0.49831791421362487 0.16666666666666669 0.004205214465937763 0.33333333333333337
126 0.5248107653490328 0.10457516339869281 0.030277544154751892 0.11764705882352941
155 0.5651808242220353 0.16666666666666669 0.02691337258200168 0.20261437908496732
116 0.6017661900756939 0.14705882352941177 0.021026072329688814 0.22875816993464054
153 0.6345668629100084 0.16666666666666669 0.02607232968881413 0.29411764705882354
105 0.6572750210260723 0.21241830065359477 0.007569386038687973 0.16339869281045752
155 0.6875525651808242 0.16666666666666669 0.02607232968881413 0.20261437908496732
166 0.7249789739276703 0.2058823529411765 0.021867115222876366 0.21568627450980393
39 0.7451640033641715 0.16666666666666669 0.01009251471825063 0.28104575163398693
75 0.7834314550042052 0.2647058823529412 0.031118587047939444 0.38562091503267976
48 0.8330529857022708 0.26143790849673204 0.04121110176619008 0.36601307189542487
47 0.8612279226240538 0.47058823529411764 0.028595458368376785 0.23529411764705882
122 0.9129520605550883 0.3104575163398693 0.044575273338940284 0.43790849673202614
6 0.977291841883936 0.2581699346405229 0.04205214465937763 0.37254901960784315
