204 0.0049504950495049506 0.4810126582278481 0.009900990099009901 0.9367088607594937
89 0.0801980198019802 0.4810126582278481 0.09702970297029703 0.9620253164556962
20 0.1722772277227723 0.49367088607594933 0.031683168316831684 0.9620253164556962
207 0.24455445544554455 0.5063291139240507 0.06930693069306931 0.4810126582278481
39 0.30396039603960395 0.4873417721518987 0.03762376237623762 0.9493670886075949
128 0.4514851485148515 0.4873417721518987 0.10693069306930693 0.06329113924050633
209 0.6128712871287129 0.6139240506329113 0.07722772277227723 0.6962025316455696
148 0.6297029702970297 0.10759493670886076 0.055445544554455446 0.08860759493670886
204 0.6871287128712872 0.4810126582278481 0.011881188118811881 0.9367088607594937
123 0.8227722772277228 0.4810126582278481 0.100990099009901 0.5316455696202531
83 0.9702970297029703 0.5 0.05148514851485149 0.49367088607594933
