12 0.045662100456621 0.3941176470588235 0.091324200913242 0.7176470588235294
20 0.12100456621004566 0.4823529411764706 0.0289193302891933 0.9647058823529412
145 0.17579908675799086 0.40588235294117647 0.0410958904109589 0.6470588235294118
72 0.22602739726027396 0.7647058823529411 0.0136986301369863 0.2823529411764706
208 0.2929984779299848 0.49411764705882355 0.0532724505327245 0.8705882352941177
72 0.3439878234398782 0.7647058823529411 0.015220700152207 0.2823529411764706
212 0.41324200913242004 0.4823529411764706 0.0532724505327245 0.8705882352941177
39 0.46803652968036524 0.49411764705882355 0.0289193302891933 0.9647058823529412
84 0.578386605783866 0.48823529411764705 0.0821917808219178 0.24705882352941178
95 0.6925418569254185 0.611764705882353 0.0578386605783866 0.6352941176470588
20 0.7526636225266362 0.4823529411764706 0.0289193302891933 0.9647058823529412
208 0.8059360730593607 0.49411764705882355 0.0532724505327245 0.8705882352941177
72 0.8569254185692541 0.7647058823529411 0.015220700152207 0.2823529411764706
212 0.926179604261796 0.49411764705882355 0.0532724505327245 0.8705882352941177
39 0.9817351598173516 0.49411764705882355 0.030441400304414 0.9647058823529412
