117 0.012653374233128834 0.5776699029126213 0.02530674846625767 0.7281553398058251
172 0.04946319018404908 0.6019417475728155 0.03144171779141104 0.3689320388349514
105 0.07438650306748466 0.7864077669902912 0.009202453987730062 0.3495145631067961
56 0.08320552147239264 0.3543689320388349 0.02530674846625767 0.30097087378640774
164 0.11771472392638037 0.5776699029126213 0.02530674846625767 0.7281553398058251
84 0.1790644171779141 0.5825242718446602 0.040644171779141106 0.19417475728155337
148 0.2956288343558282 0.02427184466019417 0.14493865030674846 0.04854368932038834
50 0.25153374233128833 0.5145631067961165 0.049079754601226995 0.5631067961165048
158 0.2848926380368098 0.33009708737864074 0.009969325153374233 0.21359223300970873
105 0.285659509202454 0.7864077669902912 0.009969325153374233 0.3495145631067961
50 0.32745398773006135 0.5194174757281553 0.04754601226993865 0.5533980582524272
105 0.36119631901840493 0.7961165048543689 0.009202453987730062 0.3495145631067961
74 0.4083588957055215 0.6116504854368932 0.039110429447852764 0.38834951456310673
117 0.4651073619631902 0.5922330097087378 0.02530674846625767 0.7184466019417475
172 0.5007668711656442 0.616504854368932 0.03067484662576687 0.37864077669902907
105 0.5253067484662577 0.8009708737864077 0.009202453987730062 0.3398058252427184
164 0.5506134969325154 0.587378640776699 0.026073619631901843 0.7281553398058251
74 0.6100460122699387 0.6213592233009708 0.040644171779141106 0.38834951456310673
148 0.709739263803681 0.038834951456310676 0.11886503067484663 0.038834951456310676
51 0.6771472392638037 0.529126213592233 0.0352760736196319 0.5533980582524272
105 0.6924846625766872 0.8058252427184466 0.009202453987730062 0.3495145631067961
51 0.7331288343558282 0.529126213592233 0.03680981595092025 0.5533980582524272
105 0.7476993865030676 0.8058252427184466 0.009202453987730062 0.3495145631067961
158 0.7611196319018405 0.3349514563106796 0.00843558282208589 0.20388349514563106
72 0.7791411042944786 0.7912621359223301 0.009202453987730062 0.16504854368932037
105 0.8151840490797546 0.5388349514563107 0.013803680981595092 0.5339805825242718
84 0.8696319018404908 0.6019417475728155 0.03987730061349693 0.19417475728155337
145 0.9305981595092024 0.529126213592233 0.01763803680981595 0.5728155339805825
72 0.9539877300613497 0.8058252427184466 0.009202453987730062 0.17475728155339804
195 0.9842791411042945 0.5242718446601942 0.028374233128834355 0.5631067961165048
