35 0.01109715242881072 0.42134831460674155 0.02219430485762144 0.6404494382022472
145 0.03161641541038526 0.7247191011235955 0.00711892797319933 0.3932584269662921
84 0.06679229480737019 0.4831460674157303 0.02219430485762144 0.2247191011235955
4 0.10238693467336683 0.47752808988764045 0.011306532663316583 0.9550561797752809
207 0.11871859296482412 0.5 0.016331658291457288 0.4382022471910112
148 0.12144053601340034 0.1404494382022472 0.010050251256281407 0.07865168539325842
128 0.1541038525963149 0.47191011235955055 0.021775544388609715 0.06741573033707865
83 0.1884422110552764 0.4943820224719101 0.01172529313232831 0.449438202247191
72 0.19995812395309884 0.7359550561797753 0.005443886097152429 0.23595505617977527
207 0.22236180904522612 0.4943820224719101 0.01507537688442211 0.42696629213483145
148 0.2219430485762144 0.1348314606741573 0.010887772194304857 0.06741573033707865
155 0.25774706867671693 0.4831460674157303 0.02135678391959799 0.5842696629213483
83 0.2908291457286432 0.5 0.011306532663316583 0.4382022471910112
5 0.30402010050251255 0.47752808988764045 0.01172529313232831 0.9550561797752809
191 0.3402428810720268 0.4887640449438202 0.016331658291457288 0.4382022471910112
4 0.3766750418760469 0.4943820224719101 0.011306532663316583 0.9662921348314606
209 0.3923785594639866 0.6123595505617977 0.015912897822445562 0.6179775280898876
148 0.3955192629815745 0.14606741573033707 0.010469011725293133 0.06741573033707865
128 0.42755443886097155 0.5056179775280899 0.021775544388609715 0.06741573033707865
83 0.4608458961474037 0.5224719101123595 0.011306532663316583 0.4382022471910112
72 0.4721524288107203 0.7584269662921348 0.0046063651591289785 0.23595505617977527
209 0.4905778894472362 0.6179775280898876 0.016331658291457288 0.6067415730337078
148 0.4937185929648241 0.1404494382022472 0.010887772194304857 0.07865168539325842
155 0.5276381909547738 0.4943820224719101 0.021775544388609715 0.5842696629213483
83 0.5605108877721943 0.5224719101123595 0.011306532663316583 0.4382022471910112
5 0.5737018425460637 0.4887640449438202 0.010887772194304857 0.9550561797752809
178 0.606574539363484 0.4887640449438202 0.016331658291457288 0.5955056179775281
8 0.641750418760469 0.4101123595505618 0.018006700167504188 0.6404494382022472
72 0.6589195979899498 0.7528089887640449 0.0046063651591289785 0.2247191011235955
4 0.676926298157454 0.47752808988764045 0.011306532663316583 0.9550561797752809
207 0.6930485762144054 0.5112359550561798 0.01675041876046901 0.4382022471910112
148 0.6955611390284757 0.1348314606741573 0.010887772194304857 0.06741573033707865
128 0.7296901172529313 0.4831460674157303 0.02135678391959799 0.06741573033707865
83 0.7638190954773869 0.5 0.010887772194304857 0.4382022471910112
72 0.7747068676716918 0.7303370786516854 0.005025125628140704 0.2247191011235955
207 0.7943886097152429 0.4943820224719101 0.015912897822445562 0.42696629213483145
148 0.7964824120603016 0.11797752808988764 0.01172529313232831 0.07865168539325842
155 0.8310301507537688 0.47191011235955055 0.02135678391959799 0.5842696629213483
83 0.8645309882747069 0.5 0.011306532663316583 0.4382022471910112
5 0.8770938023450586 0.47191011235955055 0.011306532663316583 0.9438202247191011
178 0.9099664991624791 0.47752808988764045 0.01675041876046901 0.5955056179775281
20 0.9394891122278057 0.4943820224719101 0.007956448911222781 0.8314606741573034
53 0.9533082077051926 0.5056179775280899 0.014656616415410386 0.42696629213483145
72 0.9662897822445561 0.747191011235955 0.0046063651591289785 0.23595505617977527
57 0.9822026800670017 0.4044943820224719 0.013819095477386936 0.6741573033707865
39 0.9951842546063652 0.4887640449438202 0.007956448911222781 0.8426966292134831
