210 0.03585657370517928 0.41869918699187 0.07171314741035856 0.33333333333333337
108 0.18625498007968128 0.410569105691057 0.09362549800796813 0.39837398373983746
13 0.34561752988047806 0.33333333333333337 0.10159362549800796 0.5040650406504066
163 0.42330677290836655 0.6951219512195123 0.04183266932270916 0.23577235772357727
211 0.4641434262948207 0.8577235772357724 0.0398406374501992 0.2520325203252033
20 0.5348605577689243 0.41463414634146345 0.037848605577689244 0.6504065040650407
101 0.6145418326693227 0.3373983739837399 0.07768924302788845 0.5284552845528456
148 0.6125498007968128 0.016260162601626018 0.053784860557768925 0.032520325203252036
39 0.697211155378486 0.410569105691057 0.03585657370517928 0.6422764227642277
58 0.7729083665338645 0.41869918699187 0.06374501992031872 0.6747967479674798
0 0.8735059760956175 0.3455284552845529 0.10557768924302789 0.47967479674796754
101 0.9691235059760956 0.6422764227642277 0.053784860557768925 0.3739837398373984
