7 0.033490011750881316 0.5145631067961165 0.06698002350176263 0.5048543689320388
84 0.12220916568742655 0.5242718446601942 0.06110458284371328 0.19417475728155337
23 0.20387779083431257 0.4902912621359223 0.022326674500587545 0.9805825242718446
166 0.2526439482961222 0.6407766990291262 0.04465334900117509 0.5048543689320388
54 0.30552291421856637 0.733009708737864 0.03290246768507638 0.2233009708737864
204 0.3589894242068155 0.48543689320388345 0.008225616921269096 0.9708737864077669
54 0.40305522914218567 0.5728155339805825 0.05640423031727379 0.3689320388349514
108 0.4853113983548766 0.529126213592233 0.07520564042303172 0.6504854368932038
0 0.5699177438307873 0.4757281553398058 0.06110458284371328 0.6213592233009708
24 0.6351351351351351 0.4951456310679611 0.022326674500587545 0.9708737864077669
108 0.717978848413631 0.5339805825242718 0.07755581668625147 0.6407766990291262
12 0.8061104582843713 0.4805825242718446 0.0681551116333725 0.6310679611650485
20 0.8672150411280846 0.5242718446601942 0.025851938895417155 0.7572815533980581
50 0.9242068155111633 0.4757281553398058 0.08108108108108107 0.5631067961165048
39 0.9853113983548766 0.5339805825242718 0.024676850763807285 0.7378640776699028
