204 0.0038461538461538464 0.5328467153284672 0.007692307692307693 0.6131386861313869
31 0.06346153846153846 0.4635036496350365 0.08333333333333333 0.45985401459854014
105 0.12243589743589743 0.7518248175182481 0.019230769230769232 0.32116788321167883
112 0.15 0.7883211678832116 0.03333333333333333 0.3941605839416058
113 0.1891025641025641 0.7372262773722628 0.03717948717948718 0.3357664233576642
204 0.23461538461538461 0.5255474452554745 0.007692307692307693 0.6131386861313869
121 0.3641025641025641 0.5218978102189781 0.06666666666666667 0.4890510948905109
204 0.49230769230769234 0.5182481751824818 0.007692307692307693 0.6131386861313869
7 0.5512820512820513 0.4562043795620438 0.08205128205128205 0.44525547445255476
189 0.6230769230769231 0.16423357664233576 0.03076923076923077 0.3284671532846715
31 0.6935897435897436 0.44525547445255476 0.08461538461538462 0.46715328467153283
204 0.7512820512820513 0.510948905109489 0.007692307692307693 0.6131386861313869
121 0.8371794871794872 0.5145985401459854 0.06666666666666667 0.4890510948905109
6 0.9583333333333334 0.44525547445255476 0.0782051282051282 0.46715328467153283
