187 0.02768456375838926 0.4206349206349206 0.05536912751677852 0.3333333333333333
71 0.0964765100671141 0.41666666666666663 0.018456375838926176 0.3412698412698413
148 0.22818791946308725 0.01984126984126984 0.12080536912751677 0.03968253968253968
52 0.22483221476510068 0.3492063492063492 0.10067114093959731 0.47619047619047616
143 0.33053691275167785 0.6984126984126984 0.07046979865771812 0.23809523809523808
167 0.5033557046979865 0.4206349206349206 0.12080536912751677 0.2222222222222222
13 0.6837248322147651 0.33730158730158727 0.08557046979865772 0.5
163 0.75 0.6984126984126984 0.03355704697986577 0.2222222222222222
211 0.7835570469798657 0.861111111111111 0.03355704697986577 0.24603174603174602
20 0.8447986577181208 0.4087301587301587 0.031879194630872486 0.611111111111111
101 0.910234899328859 0.33730158730158727 0.06543624161073826 0.5158730158730158
148 0.9077181208053691 0.027777777777777776 0.0436241610738255 0.023809523809523808
39 0.9815436241610738 0.41666666666666663 0.030201342281879193 0.626984126984127
