204 0.00970873786407767 0.5023923444976076 0.01941747572815534 0.9760765550239234
110 0.10194174757281554 0.5023923444976076 0.1197411003236246 0.8899521531100478
75 0.2354368932038835 0.4665071770334928 0.07281553398058253 0.30143540669856456
105 0.29692556634304207 0.4593301435406698 0.03398058252427184 0.3062200956937799
200 0.35436893203883496 0.49760765550239233 0.07119741100323625 0.21052631578947367
50 0.4724919093851133 0.4617224880382775 0.11003236245954694 0.29186602870813394
75 0.5995145631067962 0.4497607655502392 0.07605177993527508 0.3157894736842105
204 0.6642394822006473 0.49760765550239233 0.011326860841423949 0.4019138755980861
204 0.6909385113268609 0.49760765550239233 0.00970873786407767 0.4019138755980861
45 0.772653721682848 0.45215311004784686 0.09223300970873786 0.30143540669856456
163 0.8228155339805826 0.6650717703349283 0.03398058252427184 0.14354066985645933
195 0.8495145631067962 0.2583732057416268 0.042071197411003236 0.21052631578947367
204 0.9029126213592233 0.492822966507177 0.00970873786407767 0.4019138755980861
204 0.9296116504854369 0.492822966507177 0.011326860841423949 0.4019138755980861
204 0.9919093851132686 0.48564593301435405 0.00970873786407767 0.9712918660287081
