207 0.02767052767052767 0.6708860759493671 0.05534105534105534 0.4810126582278481
155 0.1287001287001287 0.6265822784810127 0.0694980694980695 0.6962025316455696
207 0.22844272844272845 0.6582278481012658 0.05276705276705276 0.4810126582278481
195 0.2812097812097812 0.25949367088607594 0.032175032175032175 0.49367088607594933
128 0.37773487773487774 0.620253164556962 0.06563706563706563 0.05063291139240506
186 0.46653796653796653 0.5569620253164557 0.032175032175032175 0.6835443037974683
195 0.5070785070785071 0.24683544303797467 0.03346203346203346 0.49367088607594933
155 0.6023166023166023 0.6075949367088608 0.0694980694980695 0.7088607594936709
210 0.6994851994851995 0.6455696202531646 0.04504504504504504 0.4810126582278481
96 0.7503217503217503 0.4050632911392405 0.043758043758043756 0.4810126582278481
84 0.8648648648648648 0.6012658227848101 0.0694980694980695 0.26582278481012656
211 0.9742599742599742 0.5253164556962026 0.04633204633204633 0.7215189873417721
