0 0.017410714285714286 0.4928571428571428 0.03482142857142857 0.5571428571428572
11 0.05669642857142857 0.4857142857142857 0.03660714285714286 0.5714285714285714
195 0.07901785714285714 0.7 0.013392857142857142 0.34285714285714286
84 0.11383928571428571 0.5071428571428571 0.029464285714285714 0.21428571428571427
23 0.15312499999999998 0.5285714285714286 0.015178571428571428 0.7142857142857143
201 0.17723214285714284 0.6714285714285714 0.02589285714285714 0.4857142857142857
108 0.22544642857142858 0.5142857142857142 0.033035714285714286 0.5142857142857142
12 0.27633928571428573 0.4714285714285714 0.03482142857142857 0.5714285714285714
0 0.3138392857142857 0.4857142857142857 0.03482142857142857 0.5428571428571428
195 0.3424107142857143 0.6857142857142857 0.013392857142857142 0.34285714285714286
204 0.3678571428571428 0.4857142857142857 0.005357142857142857 0.9714285714285714
201 0.40267857142857144 0.65 0.026785714285714284 0.4714285714285714
84 0.44955357142857144 0.5 0.029464285714285714 0.22857142857142856
20 0.4875 0.5357142857142857 0.012499999999999999 0.6714285714285714
89 0.5075892857142857 0.5428571428571428 0.024107142857142855 0.7142857142857143
72 0.5223214285714286 0.75 0.008928571428571428 0.21428571428571427
95 0.553125 0.6428571428571428 0.024107142857142855 0.5142857142857142
39 0.5776785714285714 0.5499999999999999 0.012499999999999999 0.6714285714285714
72 0.5941964285714285 0.7571428571428571 0.008035714285714285 0.19999999999999998
75 0.6236607142857142 0.4714285714285714 0.024107142857142855 0.5428571428571428
80 0.6482142857142857 0.5571428571428572 0.02142857142857143 0.37142857142857144
95 0.6732142857142857 0.6357142857142857 0.024999999999999998 0.5285714285714286
89 0.7102678571428571 0.5428571428571428 0.024107142857142855 0.7142857142857143
84 0.7513392857142857 0.5142857142857142 0.029464285714285714 0.22857142857142856
75 0.79375 0.47857142857142854 0.024999999999999998 0.5571428571428572
80 0.81875 0.5714285714285714 0.02142857142857143 0.37142857142857144
95 0.8441964285714285 0.6428571428571428 0.02589285714285714 0.5428571428571428
95 0.8830357142857143 0.6571428571428571 0.024999999999999998 0.5142857142857142
84 0.9276785714285714 0.5285714285714286 0.030357142857142857 0.22857142857142856
145 0.9705357142857143 0.5071428571428571 0.012499999999999999 0.5571428571428572
24 0.990625 0.5499999999999999 0.015178571428571428 0.7285714285714285
