50 0.05855855855855856 0.4007352941176471 0.11711711711711711 0.4338235294117647
41 0.14594594594594595 0.6838235294117647 0.06486486486486487 0.3235294117647059
211 0.1972972972972973 0.875 0.03783783783783784 0.22058823529411764
71 0.2945945945945946 0.46691176470588236 0.01981981981981982 0.3161764705882353
84 0.3738738738738739 0.4632352941176471 0.09549549549549549 0.16176470588235295
89 0.5270270270270271 0.4485294117647059 0.0990990990990991 0.5882352941176471
128 0.6207207207207207 0.1838235294117647 0.07027027027027027 0.029411764705882353
145 0.6990990990990991 0.14705882352941177 0.021621621621621623 0.29411764705882354
20 0.7666666666666667 0.46691176470588236 0.03063063063063063 0.5808823529411765
41 0.845945945945946 0.40441176470588236 0.0918918918918919 0.45588235294117646
211 0.9162162162162162 0.6838235294117647 0.04864864864864865 0.3235294117647059
39 0.9801801801801802 0.4632352941176471 0.032432432432432434 0.5735294117647058
