201 0.02453027139874739 0.613095238095238 0.04906054279749478 0.6547619047619048
20 0.06993736951983298 0.494047619047619 0.018789144050104383 0.8928571428571428
186 0.09655532359081419 0.4583333333333333 0.021920668058455113 0.5595238095238095
156 0.13726513569937368 0.7559523809523809 0.032359081419624215 0.44047619047619047
39 0.17693110647181626 0.4880952380952381 0.019832985386221292 0.9047619047619047
84 0.2531315240083507 0.4880952380952381 0.05532359081419624 0.23809523809523808
20 0.32933194154488515 0.4880952380952381 0.019832985386221292 0.9047619047619047
207 0.3648225469728601 0.5 0.04279749478079332 0.45238095238095233
148 0.37108559498956156 0.11904761904761904 0.028183716075156573 0.07142857142857142
156 0.45198329853862207 0.4821428571428571 0.05427974947807933 0.75
83 0.5302713987473904 0.5 0.027139874739039664 0.47619047619047616
145 0.5662839248434237 0.7261904761904762 0.019832985386221292 0.42857142857142855
72 0.6017745302713987 0.744047619047619 0.013569937369519832 0.25
89 0.6461377870563674 0.46428571428571425 0.052192066805845504 0.9047619047619047
20 0.6946764091858036 0.4583333333333333 0.019832985386221292 0.8928571428571428
207 0.7306889352818371 0.494047619047619 0.04175365344467641 0.46428571428571425
148 0.7369519832985385 0.10714285714285714 0.027139874739039664 0.07142857142857142
156 0.8194154488517744 0.46428571428571425 0.05427974947807933 0.738095238095238
83 0.8956158663883089 0.47619047619047616 0.027139874739039664 0.47619047619047616
145 0.9316283924843423 0.7142857142857142 0.019832985386221292 0.42857142857142855
39 0.9624217118997911 0.45238095238095233 0.020876826722338204 0.9047619047619047
39 0.987473903966597 0.4583333333333333 0.020876826722338204 0.8928571428571428
