20 0.013343799058084773 0.5511363636363636 0.026687598116169546 0.8522727272727273
50 0.0847723704866562 0.46590909090909094 0.09419152276295134 0.6136363636363636
128 0.20957613814756673 0.5454545454545454 0.07378335949764521 0.06818181818181818
145 0.31083202511773944 0.4772727272727273 0.03767660910518054 0.5909090909090909
39 0.3610675039246468 0.5454545454545454 0.0282574568288854 0.8409090909090909
75 0.4089481946624804 0.21022727272727273 0.0423861852433281 0.42045454545454547
128 0.46075353218210363 0.2556818181818182 0.04866562009419152 0.05681818181818182
195 0.5149136577708007 0.21022727272727273 0.03453689167974883 0.39772727272727276
204 0.5777080062794349 0.5397727272727273 0.009419152276295134 0.875
160 0.652276295133438 0.5397727272727273 0.0706436420722135 0.7613636363636364
20 0.7158555729984302 0.5340909090909091 0.0282574568288854 0.8636363636363636
50 0.7864992150706437 0.4545454545454546 0.09419152276295134 0.6136363636363636
72 0.8516483516483517 0.7840909090909091 0.0141287284144427 0.25
145 0.9340659340659341 0.46590909090909094 0.03767660910518054 0.5909090909090909
39 0.9835164835164836 0.5340909090909091 0.026687598116169546 0.8636363636363636
