201 0.03519417475728155 0.6372549019607843 0.0703883495145631 0.6470588235294118
148 0.04975728155339806 0.11764705882352941 0.046116504854368925 0.11764705882352941
20 0.10922330097087378 0.46078431372549017 0.03398058252427184 0.9215686274509803
209 0.1711165048543689 0.5980392156862745 0.06067961165048543 0.6862745098039216
148 0.18689320388349512 0.10784313725490197 0.04368932038834951 0.09803921568627451
145 0.24150485436893201 0.7156862745098039 0.03640776699029126 0.49019607843137253
39 0.26941747572815533 0.47058823529411764 0.03398058252427184 0.9019607843137255
128 0.36286407766990286 0.43137254901960786 0.08009708737864077 0.11764705882352941
209 0.4757281553398058 0.6078431372549019 0.058252427184466014 0.7058823529411764
148 0.48907766990291257 0.11764705882352941 0.046116504854368925 0.11764705882352941
145 0.5315533980582524 0.696078431372549 0.014563106796116504 0.45098039215686275
84 0.6274271844660194 0.4411764705882353 0.08009708737864077 0.29411764705882354
101 0.7475728155339805 0.4117647058823529 0.058252427184466014 0.7843137254901961
20 0.8191747572815533 0.5 0.03155339805825243 0.9215686274509803
207 0.8774271844660193 0.5294117647058824 0.06553398058252427 0.5490196078431373
148 0.8944174757281552 0.12745098039215685 0.046116504854368925 0.09803921568627451
145 0.9381067961165048 0.7156862745098039 0.01699029126213592 0.45098039215686275
39 0.9769417475728155 0.5 0.03640776699029126 0.9215686274509803
