117 0.01387787470261697 0.4545454545454546 0.02775574940523394 0.37373737373737376
54 0.04837430610626487 0.4772727272727273 0.028548770816812053 0.196969696969697
164 0.08287073750991276 0.4545454545454546 0.026169706582077717 0.38383838383838387
84 0.14750198255352895 0.4570707070707071 0.041237113402061855 0.09595959595959597
105 0.1895321173671689 0.8484848484848485 0.009516256938937352 0.18181818181818182
61 0.22839016653449642 0.4570707070707071 0.052339413164155434 0.47979797979797983
84 0.21927042030134813 0.8510101010101011 0.026169706582077717 0.07575757575757576
113 0.22759714512291832 0.0883838383838384 0.019032513877874704 0.1767676767676768
145 0.25693893735130846 0.8535353535353536 0.01586042823156225 0.18181818181818182
148 0.3766851704996035 0.1691919191919192 0.1998413957176844 0.025252525252525256
0 0.2985725614591594 0.42171717171717177 0.040444091990483745 0.2878787878787879
105 0.33068992862807295 0.5656565656565657 0.009516256938937352 0.18181818181818182
128 0.35804916732751785 0.5656565656565657 0.02458366375892149 0.020202020202020204
145 0.394528152260111 0.5681818181818182 0.01506740681998414 0.1767676767676768
0 0.43536875495638383 0.42424242424242425 0.04282315622521808 0.2828282828282829
105 0.4690721649484536 0.5656565656565657 0.010309278350515464 0.18181818181818182
72 0.4908802537668517 0.5757575757575758 0.009516256938937352 0.11111111111111112
117 0.5293417922283902 0.4570707070707071 0.026169706582077717 0.37878787878787884
59 0.5642347343378271 0.4595959595959596 0.03251387787470262 0.393939393939394
164 0.6003172085646312 0.4570707070707071 0.025376685170499604 0.37878787878787884
84 0.6645519429024583 0.4595959595959596 0.04282315622521808 0.10101010101010102
112 0.7097541633624108 0.8762626262626263 0.017446471054718478 0.2272727272727273
61 0.7450436161776368 0.4570707070707071 0.05313243457573354 0.47979797979797983
84 0.7410785091197463 0.8510101010101011 0.026169706582077717 0.07575757575757576
126 0.746233148295004 0.11616161616161617 0.03013481363996828 0.12121212121212122
145 0.7775574940523394 0.8484848484848485 0.016653449643140365 0.18181818181818182
148 0.8973037272006344 0.16414141414141414 0.20222045995241872 0.025252525252525256
3 0.8180015860428231 0.4191919191919192 0.03885804916732752 0.2828282828282829
112 0.8493259318001586 0.5833333333333334 0.017446471054718478 0.2272727272727273
128 0.880650277557494 0.5606060606060607 0.026169706582077717 0.020202020202020204
145 0.9191118160190325 0.5631313131313131 0.01586042823156225 0.1767676767676768
3 0.9579698651863601 0.4141414141414142 0.03965107057890563 0.2828282828282829
112 0.9892942109436955 0.5833333333333334 0.016653449643140365 0.2272727272727273
