207 0.026683608640406607 0.6052631578947368 0.053367217280813214 0.3894736842105263
155 0.12198221092757307 0.5736842105263158 0.06861499364675985 0.5789473684210527
207 0.21601016518424399 0.6 0.053367217280813214 0.39999999999999997
163 0.2674714104193139 0.28421052631578947 0.03430749682337993 0.2736842105263158
209 0.3202033036848793 0.6947368421052631 0.04828462515883101 0.5684210526315789
128 0.4142312579415502 0.5736842105263158 0.06353240152477764 0.05263157894736842
186 0.49682337992376113 0.5210526315789473 0.030495552731893267 0.5578947368421052
59 0.5419313850063533 0.26842105263157895 0.044472681067344345 0.5368421052631579
155 0.636594663278272 0.5736842105263158 0.06861499364675985 0.5789473684210527
210 0.727445997458704 0.6105263157894737 0.044472681067344345 0.39999999999999997
96 0.7776365946632783 0.3526315789473684 0.04066073697585769 0.3894736842105263
84 0.8792884371029225 0.5789473684210527 0.06861499364675985 0.23157894736842105
211 0.9758576874205845 0.5052631578947369 0.043202033036848796 0.5894736842105263
