117 0.023947750362844702 0.4810126582278481 0.047895500725689405 0.9367088607594937
31 0.10304789550072568 0.3924050632911392 0.07256894049346879 0.7088607594936709
105 0.15892597968069666 0.7531645569620253 0.018867924528301886 0.4430379746835443
164 0.204644412191582 0.47468354430379744 0.04934687953555878 0.9240506329113924
84 0.330188679245283 0.47468354430379744 0.07692307692307693 0.24050632911392406
117 0.44992743105950656 0.4430379746835443 0.04354136429608128 0.8607594936708861
201 0.5239477503628447 0.6139240506329113 0.06386066763425254 0.6962025316455696
105 0.5776487663280117 0.7341772151898734 0.01451378809869376 0.43037974683544306
164 0.6240928882438317 0.46835443037974683 0.04644412191582003 0.9367088607594937
74 0.7329462989840348 0.5063291139240507 0.07547169811320754 0.5063291139240507
117 0.8432510885341074 0.46835443037974683 0.04644412191582003 0.9367088607594937
207 0.909288824383164 0.5 0.05660377358490566 0.46835443037974683
164 0.974600870827286 0.4810126582278481 0.04499274310595065 0.9367088607594937
