155 0.01433389544688027 0.5242718446601942 0.02866779089376054 0.2524271844660194
22 0.05199550309162451 0.9053398058252426 0.027543563799887576 0.1699029126213592
110 0.05171444631815627 0.5218446601941747 0.01461495222034851 0.4514563106796116
150 0.08712759977515458 0.4781553398058252 0.01911186059584036 0.28640776699029125
153 0.11804384485666104 0.5121359223300971 0.025857223159078135 0.37378640776699024
206 0.15739179314221474 0.5242718446601942 0.023608768971332208 0.1844660194174757
37 0.19168071950534007 0.47330097087378636 0.01911186059584036 0.28640776699029125
153 0.22231590781337832 0.5097087378640777 0.025295109612141653 0.3689320388349514
206 0.26082068577852724 0.5169902912621359 0.023608768971332208 0.18932038834951453
126 0.2942664418212479 0.11407766990291261 0.020798201236649803 0.1116504854368932
113 0.29482855536818436 0.8907766990291262 0.012928611579539067 0.1699029126213592
182 0.32152894884766725 0.5048543689320388 0.035975267003934795 0.4466019417475728
84 0.31703204047217537 0.9223300970873786 0.01911186059584036 0.058252427184466014
128 0.3226531759415402 0.11650485436893203 0.01911186059584036 0.019417475728155338
145 0.34513771781899943 0.8859223300970873 0.01011804384485666 0.1699029126213592
145 0.34879145587408655 0.0849514563106796 0.00955593029792018 0.1699029126213592
94 0.45053400786958964 0.49999999999999994 0.1523327712197864 0.029126213592233007
113 0.38617200674536256 0.17718446601941745 0.01911186059584036 0.2766990291262136
126 0.41287240022484545 0.7864077669902912 0.03204047217537943 0.1844660194174757
20 0.40809443507588533 0.22087378640776698 0.011242270938729624 0.36407766990291257
113 0.42692523889825745 0.17475728155339804 0.019673974142776843 0.2815533980582524
155 0.4541877459246768 0.774271844660194 0.02922990444069702 0.24757281553398056
155 0.462619449128724 0.21359223300970873 0.030354131534569985 0.2524271844660194
145 0.48988195615514335 0.7354368932038834 0.012928611579539067 0.2766990291262136
145 0.4971894322653176 0.17718446601941745 0.012928611579539067 0.2766990291262136
39 0.5148960089938167 0.21601941747572814 0.01011804384485666 0.36407766990291257
143 0.5576166385609893 0.5072815533980582 0.030354131534569985 0.18932038834951453
126 0.5860033726812817 0.3810679611650485 0.020798201236649803 0.1116504854368932
211 0.5860033726812817 0.6067961165048543 0.015177065767284992 0.17475728155339804
128 0.6152332771219786 0.3810679611650485 0.019673974142776843 0.014563106796116504
113 0.6391231028667791 0.3519417475728155 0.013490725126475547 0.1699029126213592
128 0.6638560989319843 0.37864077669902907 0.01911186059584036 0.019417475728155338
145 0.6897133220910624 0.3422330097087378 0.01011804384485666 0.1699029126213592
206 0.7223159078133783 0.4902912621359223 0.023608768971332208 0.1844660194174757
143 0.7625070264193368 0.49757281553398053 0.029792017987633503 0.18932038834951453
113 0.7855536818437324 0.3422330097087378 0.012928611579539067 0.1699029126213592
128 0.8108487914558741 0.3689320388349514 0.019673974142776843 0.019417475728155338
145 0.8375491849353569 0.33252427184466016 0.01011804384485666 0.1699029126213592
206 0.8715570545250141 0.4781553398058252 0.02304665542439573 0.18932038834951453
150 0.9052838673412029 0.42718446601941745 0.01854974704890388 0.2912621359223301
37 0.9325463743676222 0.42718446601941745 0.01911186059584036 0.2912621359223301
153 0.962619449128724 0.4611650485436893 0.025295109612141653 0.3689320388349514
77 0.96964586846543 0.23543689320388347 0.005621135469364812 0.04368932038834951
5 0.9901630129286116 0.4611650485436893 0.017425519955030916 0.8349514563106796
