89 0.03249714937286203 0.5511811023622047 0.06499429874572406 0.6456692913385826
71 0.08209806157354618 0.5787401574803149 0.013683010262257697 0.3543307086614173
3 0.1476624857468643 0.5039370078740157 0.06499429874572406 0.4881889763779528
64 0.19555302166476626 0.8622047244094488 0.028506271379703536 0.2440944881889764
195 0.20410490307867732 0.2125984251968504 0.029646522234891677 0.3464566929133858
178 0.30216647662485746 0.5669291338582677 0.059293044469783354 0.4094488188976378
35 0.4144811858608894 0.49606299212598426 0.06727480045610035 0.4881889763779528
195 0.47434435575826683 0.2047244094488189 0.029646522234891677 0.3464566929133858
167 0.5826681870011403 0.5551181102362205 0.08437856328392246 0.22834645669291337
34 0.7109464082098061 0.547244094488189 0.06955530216647662 0.6220472440944882
17 0.774230330672748 0.7913385826771654 0.05017103762827822 0.33858267716535434
20 0.8255416191562144 0.547244094488189 0.02280501710376283 0.6377952755905512
35 0.8802736602052452 0.48031496062992124 0.0661345496009122 0.4881889763779528
101 0.9407069555302167 0.18110236220472442 0.03192702394526796 0.36220472440944884
39 0.9863169897377423 0.5393700787401575 0.02280501710376283 0.6377952755905512
