14 0.07128309572301425 0.3941176470588235 0.1425661914460285 0.6705882352941176
105 0.15682281059063136 0.6470588235294118 0.03665987780040733 0.44705882352941173
20 0.2260692464358452 0.48823529411764705 0.04073319755600814 0.9764705882352941
51 0.3228105906313645 0.3941176470588235 0.12016293279022403 0.6705882352941176
158 0.41038696537678204 0.17058823529411765 0.030549898167006106 0.3411764705882353
72 0.4643584521384928 0.7647058823529411 0.02036659877800407 0.2823529411764706
52 0.570264765784114 0.4 0.10183299389002036 0.6823529411764706
39 0.6568228105906313 0.4823529411764706 0.038696537678207736 0.9647058823529412
84 0.8044806517311608 0.48823529411764705 0.10997963340122198 0.24705882352941178
211 0.9592668024439918 0.4176470588235294 0.07331975560081466 0.6705882352941176
