84 0.009996297667530544 0.488929889298893 0.01999259533506109 0.08487084870848709
110 0.0457238059977786 0.48523985239852396 0.02702702702702703 0.6900369003690037
3 0.05664568678267309 0.7712177121771218 0.014068863383931877 0.16236162361623616
163 0.067197334320622 0.8431734317343174 0.0055534987041836355 0.07749077490774907
105 0.08385783043317291 0.8726937269372693 0.0055534987041836355 0.15867158671586715
84 0.09644576082932248 0.8911439114391143 0.013698630136986302 0.06273062730627306
17 0.11051462421325435 0.1051660516605166 0.015920029618659758 0.15867158671586715
182 0.1234727878563495 0.4833948339483395 0.04109589041095891 0.44280442804428044
145 0.11088485746019994 0.8690036900369004 0.004072565716401333 0.15867158671586715
72 0.12550907071455017 0.9446494464944649 0.0022213994816734544 0.04428044280442804
72 0.1281007034431692 0.18081180811808117 0.0022213994816734544 0.04428044280442804
112 0.13328396890040725 0.8929889298892989 0.00962606442058497 0.1992619926199262
16 0.13772676786375418 0.1070110701107011 0.011847463902258423 0.16236162361623616
84 0.1480932987782303 0.8911439114391143 0.013328396890040726 0.06273062730627306
145 0.16271751203258053 0.8708487084870848 0.004072565716401333 0.15498154981549814
94 0.5501666049611256 0.4797047970479705 0.7449092928544984 0.04428044280442804
20 0.18326545723805998 0.25276752767527677 0.006664198445020363 0.2988929889298893
7 0.20177711958533878 0.22140221402214022 0.023694927804516847 0.2287822878228782
196 0.21917808219178084 0.39114391143911437 0.01036653091447612 0.11808118081180811
50 0.23991114402073307 0.22140221402214022 0.024435394298408 0.2287822878228782
66 0.2650870048130322 0.24907749077490773 0.004442798963346909 0.047970479704797044
196 0.28582006664198445 0.25461254612546125 0.014809329877823029 0.16236162361623616
204 0.2987782302850796 0.25276752767527677 0.0022213994816734544 0.3136531365313653
200 0.31173639392817476 0.25092250922509224 0.014809329877823029 0.16236162361623616
204 0.3265457238059978 0.25276752767527677 0.0022213994816734544 0.3136531365313653
195 0.3370973713439467 0.08487084870848709 0.009255831173639394 0.16236162361623616
155 0.3635690485005554 0.25092250922509224 0.01999259533506109 0.1992619926199262
7 0.3952239911144021 0.21955719557195572 0.02332469455757127 0.22509225092250923
200 0.41114402073306183 0.3892988929889299 0.009996297667530544 0.1143911439114391
50 0.43391336542021475 0.2177121771217712 0.024435394298408 0.2287822878228782
66 0.45871899296556834 0.24723247232472323 0.004442798963346909 0.04428044280442804
200 0.4785264716771566 0.25092250922509224 0.015179563124768605 0.16236162361623616
204 0.49352091817845245 0.24907749077490773 0.0022213994816734544 0.3136531365313653
196 0.5074046649389116 0.25276752767527677 0.015179563124768605 0.16605166051660517
204 0.5094409477971122 0.6937269372693726 0.0022213994816734544 0.3099630996309963
196 0.5235098111810441 0.6974169741697417 0.014809329877823029 0.16236162361623616
204 0.520918178452425 0.24907749077490773 0.0022213994816734544 0.3136531365313653
195 0.5310995927434283 0.08118081180811808 0.009255831173639394 0.16236162361623616
206 0.5496112550907072 0.6863468634686347 0.01740096260644206 0.1992619926199262
128 0.557571269900037 0.24723247232472323 0.018511662347278787 0.02214022140221402
200 0.5755275823768975 0.6937269372693726 0.015179563124768605 0.16236162361623616
196 0.5864494631617919 0.25092250922509224 0.014809329877823029 0.16236162361623616
204 0.5905220288781933 0.6918819188191881 0.0022213994816734544 0.3136531365313653
66 0.6066271751203258 0.24169741697416974 0.004813032210292485 0.047970479704797044
200 0.6262495372084413 0.24538745387453872 0.015179563124768605 0.15867158671586715
20 0.6432802665679378 0.24354243542435425 0.007034431691965938 0.3025830258302583
7 0.6617919289152167 0.2121771217712177 0.02332469455757127 0.22509225092250923
196 0.6788226582747131 0.38191881918819187 0.009996297667530544 0.1143911439114391
50 0.7001110699740837 0.2103321033210332 0.024435394298408 0.2287822878228782
66 0.7252869307663828 0.23800738007380073 0.004442798963346909 0.047970479704797044
200 0.7449092928544984 0.23985239852398524 0.014809329877823029 0.16236162361623616
155 0.7741577193631989 0.23985239852398524 0.01999259533506109 0.1992619926199262
7 0.8054424287301 0.20848708487084872 0.02332469455757127 0.22509225092250923
200 0.8217326915957053 0.37453874538745385 0.009996297667530544 0.1143911439114391
50 0.8443169196593855 0.2047970479704797 0.024065161051462423 0.22509225092250923
66 0.8689374305812663 0.23247232472324722 0.004442798963346909 0.04428044280442804
196 0.8896704924102184 0.23985239852398524 0.014809329877823029 0.16236162361623616
39 0.904109589041096 0.23431734317343172 0.0074046649389115145 0.2988929889298893
39 0.9157719363198815 0.23247232472324722 0.007034431691965938 0.3025830258302583
75 0.9407626804887079 0.42988929889298894 0.017771195853387635 0.24723247232472323
18 0.9685301740096262 0.4243542435424354 0.03554239170677527 0.25092250922509224
195 0.9944465012958164 0.2822878228782288 0.00962606442058497 0.15867158671586715
