196 0.031967213114754096 0.39814814814814814 0.06393442622950819 0.4074074074074074
105 0.09098360655737706 0.6805555555555555 0.02459016393442623 0.39814814814814814
112 0.12786885245901639 0.736111111111111 0.04262295081967213 0.4907407407407407
84 0.2532786885245902 0.3935185185185185 0.08688524590163935 0.21296296296296297
11 0.4 0.3194444444444444 0.09836065573770492 0.5648148148148148
105 0.46311475409836067 0.6851851851851851 0.02459016393442623 0.38888888888888884
72 0.5180327868852459 0.875 0.009836065573770491 0.10185185185185185
168 0.5524590163934426 0.7453703703703703 0.036065573770491806 0.28703703703703703
155 0.6672131147540984 0.39814814814814814 0.08852459016393442 0.5
89 0.7991803278688525 0.3796296296296296 0.09016393442622951 0.7592592592592592
105 0.8434426229508196 0.6898148148148148 0.02459016393442623 0.39814814814814814
112 0.8803278688524591 0.736111111111111 0.04262295081967213 0.4907407407407407
72 0.9442622950819672 0.8796296296296295 0.009836065573770491 0.1111111111111111
168 0.9778688524590164 0.7453703703703703 0.03770491803278689 0.28703703703703703
