155 0.014319111630625365 0.48205128205128206 0.02863822326125073 0.2564102564102564
50 0.049678550555230856 0.4461538461538462 0.03506721215663355 0.27692307692307694
51 0.08649912331969607 0.44871794871794873 0.030391583869082407 0.2717948717948718
20 0.12945645821157217 0.48205128205128206 0.020455873758036234 0.9641025641025641
94 0.18439509059029807 0.48205128205128206 0.08123904149620105 0.03076923076923077
189 0.1554646405610754 0.2 0.017533606078316773 0.26666666666666666
175 0.17445938047925189 0.717948717948718 0.01928696668614845 0.26666666666666666
51 0.19023962594973698 0.19230769230769232 0.0309760374050263 0.2717948717948718
93 0.19549970777323203 0.7128205128205128 0.018118059614260665 0.26666666666666666
93 0.21537112799532435 0.09487179487179487 0.013442431326709525 0.1794871794871795
128 0.255406195207481 0.4846153846153846 0.02688486265341905 0.02564102564102564
94 0.34628872004675626 0.48717948717948717 0.12098188194038573 0.03076923076923077
91 0.29748684979544127 0.20512820512820512 0.017533606078316773 0.26666666666666666
51 0.3319696084161309 0.19487179487179487 0.030391583869082407 0.27692307692307694
145 0.3357685563997662 0.7205128205128205 0.014611338398597311 0.26153846153846155
175 0.3571011104617183 0.7230769230769231 0.018702513150204558 0.26666666666666666
189 0.3571011104617183 0.1 0.012857977790765633 0.1794871794871795
50 0.38603156049094095 0.19743589743589743 0.03565166569257744 0.2717948717948718
155 0.43717124488603154 0.49230769230769234 0.029222676797194622 0.2564102564102564
94 0.5479251899473991 0.49230769230769234 0.1618936294564582 0.03076923076923077
93 0.4786674459380479 0.20256410256410257 0.018702513150204558 0.26153846153846155
91 0.5005844535359438 0.21025641025641026 0.018118059614260665 0.26666666666666666
51 0.5362361192285213 0.2 0.032144944476914086 0.27692307692307694
189 0.5368205727644652 0.7282051282051282 0.018118059614260665 0.26666666666666666
195 0.5590298071303331 0.7230769230769231 0.018118059614260665 0.26666666666666666
195 0.5616598480420806 0.10512820512820513 0.012857977790765633 0.1794871794871795
50 0.5908825248392753 0.20256410256410257 0.03623611922852133 0.2717948717948718
195 0.6186440677966102 0.1076923076923077 0.013442431326709525 0.18461538461538463
155 0.6589713617767388 0.49743589743589745 0.02863822326125073 0.2564102564102564
94 0.7583284628872005 0.5 0.1385154880187025 0.035897435897435895
145 0.7001753360607831 0.2128205128205128 0.014026884862653417 0.26153846153846155
91 0.7215078901227352 0.2153846153846154 0.018118059614260665 0.26666666666666666
51 0.7556984219754529 0.2076923076923077 0.030391583869082407 0.2717948717948718
145 0.7481005260081823 0.7333333333333333 0.012857977790765633 0.2564102564102564
175 0.7688486265341905 0.7333333333333333 0.018118059614260665 0.26666666666666666
50 0.7904734073641145 0.21025641025641026 0.034482758620689655 0.27692307692307694
189 0.8176504967855055 0.11538461538461539 0.012857977790765633 0.1794871794871795
128 0.8576855639976622 0.5025641025641026 0.027469316189362943 0.03076923076923077
94 0.9310344827586207 0.5076923076923077 0.08533021624780829 0.03076923076923077
91 0.8994739918176504 0.2205128205128205 0.017533606078316773 0.26666666666666666
175 0.9202220923436586 0.7410256410256411 0.018118059614260665 0.2717948717948718
50 0.9365867913500876 0.2128205128205128 0.03565166569257744 0.2717948717948718
93 0.9415546464056107 0.7410256410256411 0.018702513150204558 0.26153846153846155
93 0.9634716540035067 0.12051282051282051 0.013442431326709525 0.1794871794871795
39 0.988895382817066 0.5102564102564102 0.019871420222092342 0.958974358974359
