20 0.005023796932839768 0.588 0.010047593865679535 0.632
196 0.026705446853516657 0.592 0.020624008461131677 0.336
195 0.048651507139079855 0.812 0.013749338974087784 0.34400000000000003
20 0.04547858276044421 0.24 0.006345848757271285 0.432
113 0.060814383923849816 0.18 0.015864621893178214 0.36
39 0.07747223691168693 0.23600000000000002 0.006874669487043892 0.44
20 0.09439450026441036 0.588 0.010047593865679535 0.632
186 0.1115811739820201 0.56 0.011634056054997356 0.41600000000000004
39 0.1277102062400846 0.584 0.010047593865679535 0.64
72 0.1496562665256478 0.772 0.006345848757271285 0.184
200 0.18297197250132205 0.588 0.021152829190904283 0.34400000000000003
195 0.20412480169222633 0.812 0.013749338974087784 0.34400000000000003
20 0.20412480169222633 0.24 0.007403490216816499 0.432
113 0.21946060285563193 0.184 0.015864621893178214 0.352
39 0.23585404547858277 0.23600000000000002 0.006345848757271285 0.44
20 0.2535695399259651 0.588 0.010047593865679535 0.632
186 0.26996298254891593 0.556 0.012162876784769964 0.424
39 0.28582760444209415 0.584 0.010047593865679535 0.64
39 0.3030142781597039 0.58 0.009518773135906928 0.632
84 0.3413537810682179 0.58 0.028027498677948175 0.184
20 0.3791644632469593 0.584 0.009518773135906928 0.64
207 0.4016393442622951 0.588 0.025912215758857746 0.34400000000000003
113 0.42279217345319936 0.8 0.014278159703860392 0.368
20 0.44447382337387625 0.58 0.010047593865679535 0.632
186 0.461660497091486 0.552 0.011634056054997356 0.41600000000000004
39 0.4772607086197779 0.584 0.010047593865679535 0.64
72 0.5002644103648863 0.768 0.006345848757271285 0.192
209 0.5319936541512428 0.648 0.023268112109994712 0.464
113 0.5536753040719197 0.8 0.015864621893178214 0.368
20 0.5750925436277102 0.5760000000000001 0.010047593865679535 0.64
186 0.5925436277102062 0.552 0.011105235325224748 0.41600000000000004
39 0.6078794288736118 0.5760000000000001 0.010047593865679535 0.64
207 0.6308831306187203 0.592 0.02538339502908514 0.352
113 0.6528291909042835 0.796 0.01639344262295082 0.36
128 0.6602326811210999 0.22 0.020624008461131677 0.04
145 0.6832363828662084 0.184 0.006345848757271285 0.336
20 0.7030671602326811 0.5760000000000001 0.010047593865679535 0.64
186 0.7199894235854045 0.552 0.011105235325224748 0.41600000000000004
39 0.7353252247488101 0.5760000000000001 0.010047593865679535 0.64
39 0.7527763088313062 0.584 0.010047593865679535 0.64
84 0.7908514013749339 0.5760000000000001 0.028027498677948175 0.176
20 0.828397673188789 0.5760000000000001 0.010047593865679535 0.64
186 0.8455843469063987 0.552 0.011634056054997356 0.41600000000000004
72 0.8670015864621893 0.768 0.006874669487043892 0.176
95 0.9021681649920676 0.644 0.024325753569539928 0.47200000000000003
113 0.9222633527234267 0.8 0.015864621893178214 0.352
20 0.9439450026441036 0.58 0.010576414595452142 0.632
186 0.9611316763617134 0.544 0.011105235325224748 0.41600000000000004
39 0.976467477525119 0.58 0.010047593865679535 0.632
39 0.993918561607615 0.5760000000000001 0.010047593865679535 0.64
