196 0.02477763659466328 0.5813008130081302 0.04955527318932656 0.34959349593495936
105 0.07052096569250318 0.8170731707317074 0.016518424396442185 0.33333333333333337
84 0.1588310038119441 0.5731707317073171 0.06861499364675985 0.1869918699186992
210 0.2623888182973316 0.5813008130081302 0.04701397712833545 0.33333333333333337
105 0.30813214739517153 0.17479674796747968 0.016518424396442185 0.33333333333333337
176 0.3532401524777637 0.5772357723577236 0.03811944091486658 0.6666666666666667
209 0.4066073697585769 0.6382113821138212 0.05590851334180432 0.4634146341463415
84 0.51143583227446 0.5691056910569107 0.0673443456162643 0.1788617886178862
207 0.6143583227445998 0.5813008130081302 0.062261753494282084 0.34959349593495936
176 0.6772554002541297 0.5772357723577236 0.03811944091486658 0.6504065040650407
210 0.7369758576874206 0.5772357723577236 0.04828462515883101 0.3252032520325204
130 0.7903430749682339 0.22357723577235775 0.03303684879288437 0.23577235772357727
128 0.8481575603557815 0.20731707317073172 0.04955527318932656 0.04065040650406505
105 0.8983481575603558 0.17073170731707318 0.017789072426937738 0.34146341463414637
155 0.9390088945362135 0.21138211382113822 0.0457433290978399 0.29268292682926833
145 0.9898348157560356 0.17073170731707318 0.015247776365946633 0.3252032520325204
