64 0.0308641975308642 0.5373134328358209 0.0617283950617284 0.5970149253731343
104 0.09567901234567902 0.5373134328358209 0.04320987654320988 0.11940298507462686
64 0.16255144032921812 0.5447761194029851 0.06584362139917696 0.582089552238806
141 0.24794238683127573 0.5447761194029851 0.07613168724279835 0.582089552238806
130 0.34567901234567905 0.5373134328358209 0.08230452674897121 0.5671641791044776
186 0.4320987654320988 0.47761194029850745 0.05349794238683128 0.7462686567164178
163 0.4989711934156379 0.5746268656716418 0.05967078189300412 0.5522388059701493
53 0.5761316872427984 0.5746268656716418 0.07818930041152264 0.582089552238806
64 0.6594650205761318 0.5895522388059702 0.06790123456790124 0.582089552238806
186 0.7376543209876544 0.5223880597014925 0.05555555555555556 0.7462686567164178
105 0.7942386831275721 0.44029850746268656 0.03292181069958848 0.8805970149253731
141 0.8631687242798355 0.6417910447761194 0.08024691358024692 0.5970149253731343
130 0.9567901234567902 0.6716417910447761 0.07818930041152264 0.5970149253731343
