154 0.050890585241730284 0.5246913580246914 0.10178117048346057 0.48148148148148145
145 0.14758269720101783 0.7530864197530864 0.04580152671755726 0.41975308641975306
20 0.2315521628498728 0.48765432098765427 0.06106870229007634 0.9259259259259258
45 0.34478371501272265 0.4012345679012346 0.12977099236641224 0.7037037037037037
72 0.4173027989821883 0.7716049382716049 0.03053435114503817 0.2839506172839506
89 0.5381679389312978 0.5 0.13994910941475827 0.9259259259259258
20 0.6463104325699746 0.47530864197530864 0.06106870229007634 0.9506172839506173
209 0.7290076335877863 0.6234567901234568 0.10432569974554708 0.6790123456790123
145 0.816793893129771 0.7530864197530864 0.04580152671755726 0.4444444444444444
39 0.8956743002544529 0.47530864197530864 0.06106870229007634 0.9506172839506173
39 0.9643765903307889 0.48765432098765427 0.06106870229007634 0.9506172839506173
