0 0.035849056603773584 0.48404255319148937 0.07169811320754717 0.6276595744680851
190 0.04009433962264151 0.06914893617021277 0.03490566037735849 0.13829787234042554
113 0.08113207547169811 0.7872340425531915 0.022641509433962266 0.3829787234042553
84 0.13443396226415094 0.5478723404255319 0.05 0.20212765957446807
14 0.21745283018867925 0.4787234042553191 0.08018867924528301 0.6170212765957447
190 0.22216981132075472 0.06382978723404255 0.03490566037735849 0.1276595744680851
113 0.2627358490566038 0.7819148936170213 0.02169811320754717 0.39361702127659576
65 0.31556603773584907 0.5744680851063829 0.05 0.425531914893617
20 0.3669811320754717 0.5531914893617021 0.020754716981132074 0.8085106382978723
20 0.3929245283018868 0.5425531914893617 0.02169811320754717 0.8085106382978723
48 0.4429245283018868 0.48404255319148937 0.05 0.6063829787234042
145 0.4693396226415094 0.776595744680851 0.017924528301886792 0.3829787234042553
65 0.5264150943396226 0.5744680851063829 0.0509433962264151 0.425531914893617
7 0.5933962264150944 0.46808510638297873 0.05660377358490566 0.5957446808510638
148 0.6051886792452831 0.0797872340425532 0.0330188679245283 0.05319148936170213
39 0.6424528301886793 0.5478723404255319 0.022641509433962266 0.7978723404255319
191 0.6957547169811321 0.5319148936170213 0.038679245283018866 0.425531914893617
12 0.7632075471698113 0.4627659574468085 0.0509433962264151 0.6276595744680851
113 0.8028301886792453 0.776595744680851 0.022641509433962266 0.3829787234042553
191 0.8556603773584905 0.5372340425531915 0.03773584905660377 0.4148936170212766
30 0.9212264150943397 0.4627659574468085 0.05 0.6063829787234042
145 0.9580188679245283 0.7712765957446809 0.017924528301886792 0.3723404255319149
39 0.9872641509433963 0.5372340425531915 0.02169811320754717 0.7978723404255319
