17 0.015507753876938469 0.4789473684210526 0.031015507753876938 0.6
20 0.04077038519259629 0.5526315789473684 0.009504752376188093 0.8105263157894737
54 0.058529264632316155 0.5842105263157895 0.018009004502251125 0.4105263157894737
68 0.061280640320160076 0.18421052631578946 0.011505752876438218 0.17894736842105263
169 0.07753876938469234 0.631578947368421 0.006003001500750374 0.5473684210526316
117 0.09854927463731865 0.5473684210526316 0.01700850425212606 0.7789473684210526
31 0.12631315657828915 0.47368421052631576 0.026513256628314157 0.6105263157894737
195 0.15032516258129064 0.7736842105263158 0.013506753376688344 0.3894736842105263
164 0.17108554277138568 0.5473684210526316 0.016008004002001 0.7789473684210526
39 0.1875937968984492 0.5421052631578948 0.009004502251125562 0.8105263157894737
84 0.22236118059029514 0.5526315789473684 0.025512756378189092 0.22105263157894736
17 0.2691345672836418 0.47368421052631576 0.032016008004002 0.6105263157894737
20 0.29489744872436213 0.5526315789473684 0.009504752376188093 0.7894736842105263
0 0.31615807903951976 0.4842105263157895 0.027013506753376687 0.6105263157894737
158 0.3356678339169585 0.2789473684210526 0.006003001500750374 0.22105263157894736
169 0.35017508754377186 0.631578947368421 0.006003001500750374 0.5473684210526316
117 0.3731865932966483 0.5578947368421052 0.01700850425212606 0.7789473684210526
31 0.40045022511255624 0.4894736842105263 0.025512756378189092 0.6
195 0.42371185592796395 0.7789473684210526 0.013006503251625811 0.37894736842105264
164 0.4449724862431215 0.5526315789473684 0.017508754377188594 0.7894736842105263
39 0.4624812406203101 0.5578947368421052 0.009504752376188093 0.7999999999999999
84 0.49924962481240615 0.5578947368421052 0.028014007003501748 0.21052631578947367
17 0.5472736368184091 0.4894736842105263 0.032016008004002 0.6
20 0.5720360180090045 0.5631578947368421 0.009504752376188093 0.7894736842105263
3 0.5910455227613807 0.4842105263157895 0.02451225612806403 0.6105263157894737
158 0.6090545272636317 0.28421052631578947 0.006503251625812906 0.23157894736842105
169 0.6238119059529764 0.6421052631578947 0.006003001500750374 0.5473684210526316
117 0.6475737868934467 0.5631578947368421 0.017508754377188594 0.7894736842105263
31 0.6750875437718858 0.4842105263157895 0.026513256628314157 0.6105263157894737
195 0.6998499249624812 0.7894736842105263 0.013006503251625811 0.37894736842105264
164 0.720360180090045 0.5526315789473684 0.016008004002001 0.7894736842105263
39 0.7371185592796398 0.5578947368421052 0.009504752376188093 0.7999999999999999
84 0.7733866933466733 0.5578947368421052 0.027013506753376687 0.21052631578947367
17 0.8199099549774886 0.4842105263157895 0.031015507753876938 0.6105263157894737
20 0.8449224612306152 0.5631578947368421 0.010005002501250625 0.7894736842105263
59 0.8629314657328664 0.5526315789473684 0.02101050525262631 0.8105263157894737
68 0.8666833416708354 0.06842105263157895 0.014507253626813406 0.1368421052631579
169 0.8826913456728364 0.631578947368421 0.006503251625812906 0.5473684210526316
117 0.9064532266133066 0.5631578947368421 0.01700850425212606 0.7894736842105263
31 0.9337168584292146 0.4842105263157895 0.026513256628314157 0.6105263157894737
195 0.9569784892446223 0.7789473684210526 0.013006503251625811 0.37894736842105264
164 0.977488744372186 0.5578947368421052 0.016008004002001 0.7789473684210526
39 0.9942471235617808 0.5526315789473684 0.009504752376188093 0.7894736842105263
