46 0.05258764607679466 0.3404255319148936 0.10517529215358933 0.6808510638297872
20 0.13522537562604342 0.4361702127659574 0.03005008347245409 0.851063829787234
211 0.2020033388981636 0.35106382978723405 0.0667779632721202 0.6808510638297872
39 0.2662771285475793 0.4361702127659574 0.03171953255425709 0.851063829787234
84 0.3956594323873122 0.425531914893617 0.09015025041736227 0.23404255319148937
149 0.5459098497495827 0.5159574468085106 0.07679465776293823 0.6063829787234042
145 0.6126878130217028 0.7606382978723404 0.02003338898163606 0.4361702127659574
67 0.7512520868113522 0.4202127659574468 0.13689482470784642 0.09574468085106383
149 0.9015025041736228 0.5106382978723404 0.07679465776293823 0.6170212765957447
113 0.9716193656093489 0.7287234042553191 0.05008347245409015 0.4787234042553191
