7 0.04205607476635514 0.4900990099009901 0.08411214953271028 0.6039603960396039
20 0.11548731642189586 0.5693069306930694 0.025367156208277702 0.801980198019802
89 0.17757009345794392 0.5445544554455446 0.07476635514018691 0.8118811881188119
72 0.2576769025367156 0.7871287128712872 0.01335113484646195 0.18811881188118812
163 0.3204272363150868 0.5792079207920792 0.04005340453938585 0.42574257425742573
39 0.36782376502002667 0.5742574257425742 0.025367156208277702 0.8118811881188119
121 0.4759679572763685 0.5742574257425742 0.06809078771695594 0.6732673267326733
7 0.6068090787716955 0.4801980198019802 0.08678237650200267 0.6237623762376238
20 0.6809078771695594 0.5742574257425742 0.0267022696929239 0.8118811881188119
89 0.7436582109479305 0.5445544554455446 0.07476635514018691 0.8118811881188119
158 0.8164218958611482 0.15841584158415842 0.020026702269692925 0.31683168316831684
72 0.8738317757009345 0.7871287128712872 0.014686248331108143 0.18811881188118812
163 0.9365821094793058 0.5693069306930694 0.04138851802403204 0.42574257425742573
39 0.9846461949265687 0.5643564356435644 0.025367156208277702 0.8118811881188119
