22 0.04976019184652278 0.5321100917431193 0.09952038369304556 0.5688073394495413
20 0.12290167865707433 0.6100917431192661 0.02278177458033573 0.7431192660550459
41 0.17565947242206234 0.5229357798165137 0.06354916067146282 0.5871559633027523
39 0.23081534772182252 0.5963302752293578 0.02278177458033573 0.7522935779816514
121 0.3171462829736211 0.6009174311926606 0.06115107913669064 0.6146788990825689
6 0.42985611510791366 0.518348623853211 0.07314148681055155 0.5779816513761469
163 0.48381294964028776 0.6055045871559633 0.03717026378896882 0.3853211009174312
25 0.5419664268585132 0.19724770642201836 0.05515587529976019 0.3944954128440367
155 0.6019184652278177 0.2522935779816514 0.043165467625899276 0.3394495412844037
53 0.6486810551558753 0.26146788990825687 0.03357314148681055 0.28440366972477066
72 0.724820143884892 0.798165137614679 0.013189448441247002 0.1651376146788991
53 0.7859712230215827 0.6055045871559633 0.049160671462829736 0.4036697247706422
100 0.8788968824940048 0.5963302752293578 0.05995203836930455 0.44036697247706424
211 0.9730215827338129 0.518348623853211 0.049160671462829736 0.5779816513761469
