204 0.0031201248049922 0.8246753246753248 0.0062402496099844 0.3246753246753247
210 0.041341653666146644 0.8441558441558442 0.0358814352574103 0.14285714285714288
204 0.08268330733229329 0.827922077922078 0.0062402496099844 0.3181818181818182
110 0.1060842433697348 0.29870129870129875 0.046801872074883 0.5974025974025975
123 0.1435257410296412 0.8441558441558442 0.046801872074883 0.15584415584415584
163 0.20280811232449297 0.8538961038961039 0.031201248049921998 0.14935064935064937
80 0.2636505460218409 0.32142857142857145 0.0499219968798752 0.2532467532467533
128 0.33619344773790955 0.16233766233766234 0.0514820592823713 0.025974025974025976
116 0.40561622464898595 0.12662337662337664 0.0405616224648986 0.2272727272727273
160 0.4641185647425897 0.15584415584415584 0.0452418096723869 0.28571428571428575
20 0.5124804992199689 0.15584415584415584 0.0171606864274571 0.27272727272727276
210 0.5444617784711389 0.16558441558441558 0.0343213728549142 0.14935064935064937
39 0.5819032761310453 0.1590909090909091 0.0187207488299532 0.27922077922077926
75 0.6482059282371295 0.25974025974025977 0.057722308892355696 0.37662337662337664
207 0.7293291731669267 0.33116883116883117 0.06396255850234009 0.24675324675324678
122 0.8322932917316693 0.32142857142857145 0.08268330733229329 0.4350649350649351
6 0.9563182527301093 0.26623376623376627 0.0811232449297972 0.37662337662337664
