3 0.03457943925233645 0.48275862068965514 0.0691588785046729 0.6896551724137931
158 0.09065420560747664 0.29310344827586204 0.016822429906542057 0.27586206896551724
176 0.12149532710280374 0.5086206896551724 0.026168224299065422 0.8103448275862069
30 0.17757009345794394 0.49137931034482757 0.06728971962616823 0.7068965517241379
105 0.2177570093457944 0.7241379310344828 0.013084112149532711 0.41379310344827586
178 0.29345794392523367 0.5431034482758621 0.06728971962616823 0.603448275862069
3 0.394392523364486 0.49137931034482757 0.06728971962616823 0.6724137931034483
176 0.4476635514018692 0.5086206896551724 0.028037383177570093 0.8103448275862069
30 0.502803738317757 0.49137931034482757 0.06728971962616823 0.6724137931034483
158 0.5616822429906543 0.3017241379310345 0.016822429906542057 0.25862068965517243
105 0.5654205607476636 0.75 0.013084112149532711 0.43103448275862066
174 0.6327102803738318 0.5258620689655172 0.06542056074766356 0.25862068965517243
0 0.7364485981308412 0.49137931034482757 0.07476635514018692 0.6724137931034483
176 0.7925233644859814 0.5172413793103449 0.026168224299065422 0.7931034482758621
22 0.866355140186916 0.48275862068965514 0.102803738317757 0.6896551724137931
4 0.9383177570093458 0.25 0.014953271028037384 0.5
105 0.9392523364485982 0.7586206896551724 0.013084112149532711 0.41379310344827586
145 0.9644859813084112 0.23275862068965517 0.014953271028037384 0.39655172413793105
5 0.988785046728972 0.25 0.014953271028037384 0.5
