0 0.055873925501432664 0.48275862068965514 0.11174785100286533 0.6896551724137931
4 0.15329512893982808 0.5172413793103449 0.03724928366762178 0.8275862068965517
45 0.24785100286532952 0.47413793103448276 0.10601719197707736 0.6724137931034483
5 0.332378223495702 0.5344827586206896 0.034383954154727794 0.8275862068965517
174 0.45415472779369626 0.5258620689655172 0.10601719197707736 0.25862068965517243
113 0.5988538681948424 0.46551724137931033 0.07449856733524356 0.6896551724137931
4 0.6747851002865329 0.5431034482758621 0.03724928366762178 0.8448275862068966
11 0.7693409742120344 0.48275862068965514 0.12320916905444125 0.6896551724137931
5 0.8567335243553008 0.5517241379310345 0.034383954154727794 0.8275862068965517
4 0.9040114613180515 0.25 0.025787965616045846 0.5
195 0.9441260744985673 0.20689655172413793 0.04297994269340974 0.41379310344827586
5 0.982808022922636 0.24137931034482757 0.022922636103151862 0.48275862068965514
