148 0.17662337662337663 0.02702702702702703 0.35324675324675325 0.05405405405405406
0 0.03766233766233766 0.481981981981982 0.07012987012987013 0.5315315315315315
112 0.09480519480519481 0.7792792792792793 0.02857142857142857 0.40540540540540543
145 0.1038961038961039 0.2882882882882883 0.025974025974025976 0.34234234234234234
128 0.1448051948051948 0.7387387387387387 0.04285714285714286 0.036036036036036036
145 0.2051948051948052 0.7297297297297297 0.023376623376623377 0.32432432432432434
0 0.2701298701298701 0.4774774774774775 0.06493506493506493 0.5225225225225225
112 0.3246753246753247 0.7747747747747747 0.02857142857142857 0.3963963963963964
145 0.33181818181818185 0.28378378378378377 0.02207792207792208 0.3153153153153153
65 0.42467532467532465 0.5495495495495496 0.07012987012987013 0.36036036036036034
15 0.5097402597402597 0.45495495495495497 0.024675324675324677 0.5315315315315315
20 0.5454545454545454 0.545045045045045 0.023376623376623377 0.6756756756756757
50 0.6058441558441559 0.47297297297297297 0.07922077922077922 0.5135135135135135
195 0.6727272727272727 0.7297297297297297 0.03116883116883117 0.32432432432432434
72 0.7155844155844155 0.7387387387387387 0.015584415584415584 0.1981981981981982
51 0.785064935064935 0.46846846846846846 0.06363636363636363 0.5045045045045045
195 0.8207792207792208 0.7207207207207207 0.03636363636363636 0.32432432432432434
39 0.861038961038961 0.527027027027027 0.025974025974025976 0.6756756756756757
84 0.9636363636363636 0.5315315315315315 0.06753246753246753 0.18018018018018017
