14 0.023061825318940136 0.44867549668874174 0.04612365063788027 0.20860927152317882
20 0.055937193326790965 0.4817880794701987 0.008832188420019626 0.26158940397350994
109 0.08439646712463199 0.4917218543046358 0.03631010794896958 0.1291390728476821
39 0.11236506378802746 0.48509933774834435 0.008832188420019626 0.26158940397350994
74 0.1430323846908734 0.4768211920529801 0.023061825318940136 0.17218543046357615
14 0.18842001962708538 0.4503311258278146 0.04612365063788027 0.2119205298013245
10 0.2347890088321884 0.44867549668874174 0.03189401373895976 0.22185430463576158
188 0.26226692836113835 0.32450331125827814 0.01324828263002944 0.1390728476821192
20 0.28115799803729147 0.48509933774834435 0.008832188420019626 0.26158940397350994
35 0.30495583905789986 0.4602649006622517 0.027968596663395483 0.1986754966887417
211 0.32924435721295386 0.5844370860927153 0.013738959764474975 0.1423841059602649
72 0.35181550539744844 0.5662251655629139 0.005888125613346418 0.0728476821192053
101 0.3822374877330716 0.4552980132450331 0.018645731108930322 0.2152317880794702
39 0.40309126594700684 0.48841059602649006 0.009322865554465161 0.26158940397350994
84 0.43866535819430813 0.48841059602649006 0.02551521099116781 0.0695364238410596
14 0.4884690873405299 0.45695364238410596 0.04563297350343474 0.2119205298013245
20 0.521099116781158 0.4900662251655629 0.008832188420019626 0.2582781456953642
109 0.549558390578999 0.49834437086092714 0.03631010794896958 0.1291390728476821
39 0.5775269872423945 0.4900662251655629 0.008832188420019626 0.2582781456953642
74 0.6081943081452403 0.48344370860927155 0.023061825318940136 0.17218543046357615
4 0.6506378802747792 0.49337748344370863 0.013738959764474975 0.9867549668874173
105 0.665603532875368 0.847682119205298 0.01030421982335623 0.1390728476821192
148 0.6643768400392541 0.7632450331125827 0.0068694798822374874 0.0033112582781456954
108 0.6793424926398429 0.8642384105960265 0.01815505397448479 0.13245033112582782
61 0.7011776251226692 0.4917218543046358 0.04121687929342492 0.38079470198675497
15 0.6987242394504416 0.8460264900662252 0.009813542688910696 0.1357615894039735
20 0.7112365063788026 0.8658940397350994 0.0053974484789008825 0.16887417218543047
188 0.7259568204121687 0.8460264900662252 0.01324828263002944 0.1423841059602649
39 0.740431795878312 0.8675496688741722 0.005888125613346418 0.17218543046357615
20 0.7539254170755643 0.49337748344370863 0.008341511285574092 0.2582781456953642
14 0.7843473994111874 0.4586092715231788 0.04563297350343474 0.20860927152317882
20 0.8172227674190382 0.4966887417218543 0.008341511285574092 0.2582781456953642
148 0.8351324828263003 0.347682119205298 0.012757605495583905 0.013245033112582781
105 0.8341511285574091 0.4685430463576159 0.009813542688910696 0.20198675496688742
39 0.8486261040235524 0.49337748344370863 0.009322865554465161 0.2582781456953642
65 0.8800294406280667 0.48841059602649006 0.023061825318940136 0.17549668874172186
14 0.9246810598626103 0.4619205298013245 0.04563297350343474 0.20860927152317882
188 0.9585377821393523 0.3344370860927152 0.01324828263002944 0.1390728476821192
39 0.9771835132482826 0.4966887417218543 0.009322865554465161 0.2582781456953642
5 0.9923945044160941 0.5 0.01324828263002944 0.9867549668874173
