161 0.02252906976744186 0.5569948186528497 0.04505813953488372 0.2538860103626943
20 0.07049418604651163 0.5103626943005182 0.024709302325581394 0.38860103626943004
168 0.11482558139534883 0.5233160621761658 0.040697674418604654 0.18652849740932642
72 0.15479651162790697 0.6217616580310881 0.013081395348837208 0.11398963730569948
186 0.2238372093023256 0.4844559585492228 0.03197674418604651 0.2538860103626943
39 0.26308139534883723 0.5051813471502591 0.026162790697674417 0.38860103626943004
84 0.3553779069767442 0.5051813471502591 0.06831395348837209 0.09844559585492228
75 0.4484011627906977 0.09585492227979275 0.036337209302325583 0.1917098445595855
182 0.4941860465116279 0.5025906735751295 0.11918604651162791 0.46632124352331605
105 0.44549418604651164 0.9015544041450777 0.0188953488372093 0.1761658031088083
84 0.4898255813953488 0.9196891191709845 0.04941860465116279 0.07772020725388601
128 0.49636627906976744 0.11658031088082901 0.04505813953488372 0.02590673575129534
211 0.5392441860465116 0.8989637305699483 0.03488372093023256 0.18134715025906736
93 0.5443313953488372 0.09585492227979275 0.03343023255813953 0.18134715025906736
64 0.6068313953488372 0.5181347150259068 0.04215116279069767 0.18652849740932642
105 0.6409883720930233 0.5751295336787565 0.020348837209302327 0.1761658031088083
168 0.6838662790697674 0.5155440414507773 0.04215116279069767 0.18134715025906736
105 0.7223837209302325 0.35492227979274615 0.020348837209302327 0.18134715025906736
186 0.7587209302325582 0.47927461139896377 0.03197674418604651 0.2538860103626943
75 0.7994186046511628 0.34974093264248707 0.0377906976744186 0.1917098445595855
128 0.8481104651162791 0.37305699481865284 0.04505813953488372 0.02072538860103627
93 0.8960755813953488 0.3523316062176166 0.03343023255813953 0.1761658031088083
128 0.9454941860465116 0.37305699481865284 0.04505813953488372 0.02072538860103627
105 0.9876453488372093 0.3523316062176166 0.0188953488372093 0.1761658031088083
