95 0.022296015180265655 0.6149425287356322 0.04459203036053131 0.7011494252873564
84 0.10056925996204934 0.5 0.051233396584440226 0.28735632183908044
20 0.16888045540796964 0.4942528735632184 0.020872865275142316 0.9425287356321839
91 0.20683111954459205 0.40229885057471265 0.03225806451612903 0.7126436781609196
128 0.273719165085389 0.4942528735632184 0.04838709677419355 0.09195402298850575
145 0.3425047438330171 0.40804597701149425 0.020872865275142316 0.7011494252873564
39 0.377134724857685 0.5 0.019924098671726755 0.9540229885057471
20 0.4098671726755218 0.5057471264367817 0.020872865275142316 0.9425287356321839
91 0.4473434535104364 0.41379310344827586 0.031309297912713474 0.735632183908046
128 0.5147058823529412 0.4942528735632184 0.04838709677419355 0.09195402298850575
195 0.5830170777988615 0.39655172413793105 0.03700189753320683 0.7241379310344828
39 0.6190702087286528 0.4942528735632184 0.019924098671726755 0.9425287356321839
176 0.6537001897533207 0.4885057471264368 0.030360531309297913 0.9770114942528736
195 0.6959203036053131 0.3793103448275862 0.03700189753320683 0.7126436781609196
128 0.7628083491461101 0.47701149425287354 0.04933586337760911 0.08045977011494253
189 0.8325426944971537 0.3850574712643678 0.033206831119544596 0.7241379310344828
84 0.9055977229601518 0.47126436781609193 0.05218216318785579 0.27586206896551724
189 0.9810246679316889 0.3793103448275862 0.03415559772296015 0.735632183908046
