54 0.03501945525291829 0.5 0.07003891050583658 0.47500000000000003
20 0.10992217898832685 0.47500000000000003 0.03696498054474708 0.9500000000000001
22 0.2178988326848249 0.3875 0.14785992217898833 0.7250000000000001
39 0.31809338521400776 0.48750000000000004 0.03696498054474708 0.925
84 0.42120622568093385 0.47500000000000003 0.09922178988326849 0.25
54 0.5389105058365758 0.525 0.07003891050583658 0.47500000000000003
20 0.6138132295719845 0.48750000000000004 0.03696498054474708 0.9500000000000001
22 0.7198443579766537 0.40625 0.15175097276264593 0.7125
72 0.8190661478599222 0.7875000000000001 0.023346303501945526 0.275
95 0.9182879377431907 0.625 0.07392996108949416 0.675
39 0.9776264591439688 0.50625 0.03696498054474708 0.9375
