143 0.06887052341597796 0.48148148148148145 0.13774104683195593 0.4691358024691358
53 0.19146005509641872 0.7037037037037037 0.07988980716253444 0.32098765432098764
145 0.2809917355371901 0.8024691358024691 0.03856749311294766 0.345679012345679
104 0.37327823691460055 0.48765432098765427 0.06336088154269973 0.06172839506172839
168 0.46005509641873277 0.48148148148148145 0.07713498622589532 0.4691358024691358
186 0.546831955922865 0.3950617283950617 0.06887052341597796 0.6419753086419753
53 0.6556473829201102 0.48148148148148145 0.1046831955922865 0.4691358024691358
57 0.7727272727272727 0.35802469135802467 0.11294765840220386 0.7160493827160493
115 0.8677685950413223 0.35802469135802467 0.049586776859504134 0.7160493827160493
80 0.9504132231404959 0.48148148148148145 0.0881542699724518 0.4691358024691358
