20 0.012686567164179105 0.5511363636363636 0.02537313432835821 0.8522727272727273
50 0.08059701492537313 0.4715909090909091 0.08955223880597014 0.6022727272727273
155 0.19850746268656716 0.5511363636363636 0.0746268656716418 0.5568181818181819
145 0.2947761194029851 0.48295454545454547 0.0373134328358209 0.5795454545454546
39 0.3417910447761194 0.5454545454545454 0.026865671641791045 0.8409090909090909
75 0.3873134328358209 0.21022727272727273 0.04029850746268657 0.42045454545454547
128 0.43656716417910446 0.26704545454545453 0.04626865671641791 0.05681818181818182
195 0.4880597014925373 0.2215909090909091 0.03283582089552239 0.39772727272727276
204 0.5462686567164179 0.5454545454545454 0.008955223880597015 0.8636363636363636
160 0.6179104477611941 0.5397727272727273 0.06865671641791045 0.7613636363636364
20 0.6783582089552239 0.5397727272727273 0.02537313432835821 0.8522727272727273
50 0.746268656716418 0.46022727272727276 0.08955223880597014 0.6022727272727273
195 0.817910447761194 0.21022727272727273 0.03283582089552239 0.39772727272727276
72 0.8574626865671642 0.7840909090909091 0.013432835820895522 0.25
145 0.9373134328358209 0.4715909090909091 0.03582089552238806 0.5795454545454546
39 0.9843283582089553 0.5284090909090909 0.02537313432835821 0.8522727272727273
