143 0.04666666666666667 0.5068493150684932 0.09333333333333334 0.5205479452054794
53 0.13238095238095238 0.7397260273972602 0.05523809523809524 0.3561643835616438
104 0.20857142857142857 0.5068493150684932 0.04 0.0821917808219178
80 0.2761904761904762 0.5068493150684932 0.05714285714285714 0.5205479452054794
161 0.34285714285714286 0.6095890410958904 0.06095238095238095 0.726027397260274
196 0.4180952380952381 0.5068493150684932 0.07428571428571429 0.5205479452054794
105 0.4838095238095238 0.3904109589041096 0.0419047619047619 0.7534246575342465
200 0.5466666666666666 0.5068493150684932 0.06476190476190476 0.5205479452054794
53 0.6228571428571429 0.5068493150684932 0.06857142857142857 0.5205479452054794
163 0.6980952380952381 0.5068493150684932 0.06285714285714286 0.5205479452054794
105 0.7523809523809524 0.3835616438356164 0.0419047619047619 0.7671232876712328
53 0.82 0.5068493150684932 0.06666666666666667 0.5205479452054794
130 0.9028571428571428 0.5068493150684932 0.08 0.5205479452054794
186 0.9742857142857143 0.40410958904109584 0.04380952380952381 0.726027397260274
