89 0.052941176470588235 0.5290697674418604 0.10588235294117647 0.8953488372093024
71 0.12745098039215685 0.5697674418604651 0.0196078431372549 0.46511627906976744
3 0.24411764705882352 0.45930232558139533 0.1 0.6627906976744186
148 0.24313725490196078 0.029069767441860465 0.07058823529411765 0.05813953488372093
130 0.32450980392156864 0.27325581395348836 0.045098039215686274 0.29069767441860467
65 0.43333333333333335 0.5697674418604651 0.10196078431372549 0.46511627906976744
47 0.5901960784313726 0.46511627906976744 0.11372549019607843 0.6744186046511628
167 0.7205882352941176 0.5465116279069767 0.12352941176470589 0.3488372093023256
6 0.8598039215686274 0.46511627906976744 0.10392156862745097 0.6976744186046512
25 0.9607843137254902 0.21511627906976744 0.07058823529411765 0.4069767441860465
