49 0.06324582338902149 0.47857142857142854 0.12649164677804298 0.5571428571428572
84 0.20525059665871123 0.5 0.07637231503579953 0.19999999999999998
23 0.30787589498806683 0.5357142857142857 0.03818615751789976 0.7285714285714285
205 0.3866348448687351 0.5714285714285714 0.081145584725537 0.37142857142857144
201 0.45107398568019097 0.7999999999999999 0.042959427207637235 0.2857142857142857
204 0.5381861575178998 0.4857142857142857 0.016706443914081145 0.9714285714285714
201 0.630071599045346 0.6642857142857143 0.07159904534606205 0.4714285714285714
108 0.7565632458233891 0.5214285714285715 0.08591885441527447 0.5
12 0.8926014319809069 0.4928571428571428 0.09546539379474941 0.5857142857142857
24 0.9749403341288784 0.5357142857142857 0.0405727923627685 0.7285714285714285
