11 0.03504043126684636 0.45180722891566266 0.07008086253369272 0.6385542168674699
20 0.09299191374663074 0.5301204819277109 0.02425876010781671 0.8915662650602411
45 0.14690026954177898 0.45180722891566266 0.06738544474393532 0.6385542168674699
39 0.20080862533692723 0.5301204819277109 0.02425876010781671 0.8915662650602411
84 0.28706199460916443 0.5301204819277109 0.06738544474393532 0.21686746987951808
20 0.37601078167115903 0.5301204819277109 0.02425876010781671 0.8915662650602411
145 0.41913746630727766 0.45783132530120485 0.03234501347708895 0.6024096385542169
155 0.5047169811320755 0.5301204819277109 0.0660377358490566 0.6024096385542169
45 0.601078167115903 0.44578313253012053 0.06738544474393532 0.6506024096385542
39 0.6549865229110512 0.5301204819277109 0.02425876010781671 0.8915662650602411
75 0.6954177897574124 0.21686746987951808 0.03504043126684636 0.43373493975903615
128 0.7419137466307278 0.26506024096385544 0.04177897574123989 0.07228915662650603
195 0.7884097035040432 0.21686746987951808 0.02964959568733154 0.4096385542168675
161 0.8342318059299192 0.6385542168674699 0.04043126684636119 0.5783132530120483
190 0.8409703504043127 0.19879518072289157 0.02964959568733154 0.08433734939759037
20 0.8780323450134772 0.5240963855421688 0.022911051212938006 0.9036144578313253
45 0.9319407008086253 0.43975903614457834 0.06873315363881402 0.6385542168674699
39 0.9851752021563343 0.5240963855421688 0.02425876010781671 0.8795180722891567
