88 0.03926701570680628 0.22619047619047616 0.07853403141361257 0.45238095238095233
209 0.19633507853403143 0.376984126984127 0.09947643979057592 0.4206349206349206
105 0.27225130890052357 0.4841269841269841 0.02617801047120419 0.2698412698412698
108 0.37434554973821993 0.30952380952380953 0.09424083769633508 0.31746031746031744
3 0.5143979057591623 0.23809523809523808 0.12827225130890052 0.4444444444444444
94 0.6426701570680629 0.5873015873015872 0.10732984293193717 0.031746031746031744
93 0.6374345549738221 0.8492063492063492 0.07591623036649216 0.2698412698412698
163 0.6361256544502618 0.33730158730158727 0.04712041884816754 0.18253968253968253
20 0.7447643979057592 0.30952380952380953 0.044502617801047126 0.5873015873015872
207 0.8403141361256545 0.3214285714285714 0.08900523560209425 0.2936507936507936
105 0.9201570680628273 0.49206349206349204 0.02879581151832461 0.2698412698412698
39 0.9698952879581152 0.30952380952380953 0.04973821989528796 0.5873015873015872
