89 0.0343980343980344 0.5166666666666666 0.0687960687960688 0.6833333333333333
211 0.07186732186732187 0.7916666666666666 0.03562653562653562 0.36666666666666664
71 0.11117936117936118 0.5458333333333333 0.013513513513513513 0.375
25 0.19103194103194102 0.4708333333333333 0.08476658476658476 0.5083333333333333
163 0.24017199017199017 0.8458333333333333 0.025798525798525797 0.24166666666666667
167 0.35196560196560195 0.5416666666666666 0.08968058968058967 0.23333333333333334
34 0.4858722358722359 0.5375 0.07493857493857493 0.6583333333333333
16 0.5436117936117936 0.8041666666666667 0.04054054054054054 0.35833333333333334
20 0.5958230958230958 0.55 0.02457002457002457 0.6833333333333333
35 0.6541769041769041 0.4791666666666667 0.07248157248157248 0.5083333333333333
195 0.7186732186732187 0.18333333333333332 0.03194103194103194 0.36666666666666664
155 0.7659705159705159 0.23333333333333334 0.045454545454545456 0.31666666666666665
126 0.828009828009828 0.24583333333333332 0.05651105651105651 0.2583333333333333
155 0.89004914004914 0.24166666666666667 0.045454545454545456 0.31666666666666665
130 0.9398034398034398 0.25 0.0343980343980344 0.25
39 0.9858722358722358 0.5666666666666667 0.02334152334152334 0.6833333333333333
