89 0.011658031088082901 0.5303030303030303 0.023316062176165803 0.7575757575757576
20 0.03151986183074266 0.5303030303030303 0.012953367875647668 0.7272727272727273
45 0.0613126079447323 0.4696969696969697 0.031088082901554404 0.6060606060606061
72 0.07901554404145078 0.7651515151515151 0.007772020725388601 0.2272727272727273
209 0.10924006908462866 0.6515151515151515 0.02158894645941278 0.5454545454545454
39 0.13255613126079446 0.5454545454545454 0.012953367875647668 0.7272727272727273
84 0.16839378238341968 0.49242424242424243 0.02936096718480138 0.2272727272727273
45 0.21934369602763384 0.48484848484848486 0.031088082901554404 0.6060606060606061
149 0.24611398963730569 0.34090909090909094 0.015544041450777202 0.3181818181818182
130 0.26338514680483593 0.1893939393939394 0.012089810017271156 0.19696969696969696
155 0.30008635578583764 0.5303030303030303 0.028497409326424868 0.48484848484848486
53 0.34110535405872194 0.5833333333333334 0.02245250431778929 0.4090909090909091
130 0.36226252158894645 0.7651515151515151 0.01468048359240069 0.25757575757575757
128 0.38298791018998274 0.7348484848484849 0.018134715025906734 0.07575757575757576
145 0.4015544041450777 0.7272727272727273 0.0069084628670120895 0.36363636363636365
45 0.43005181347150256 0.5 0.031088082901554404 0.6060606060606061
149 0.45682210708117443 0.3484848484848485 0.015544041450777202 0.33333333333333337
130 0.4740932642487046 0.20454545454545456 0.012089810017271156 0.2272727272727273
128 0.4913644214162349 0.16666666666666669 0.015544041450777202 0.06060606060606061
145 0.5069084628670121 0.15151515151515152 0.005181347150259067 0.30303030303030304
209 0.5259067357512953 0.6590909090909091 0.020725388601036267 0.5606060606060607
149 0.5496545768566494 0.3560606060606061 0.01640759930915371 0.3181818181818182
130 0.5673575129533679 0.20454545454545456 0.012089810017271156 0.19696969696969696
128 0.5837651122625216 0.28030303030303033 0.018998272884283247 0.07575757575757576
149 0.6027633851468048 0.3560606060606061 0.015544041450777202 0.3181818181818182
130 0.6200345423143351 0.21212121212121213 0.012089810017271156 0.21212121212121213
128 0.6377374784110535 0.1893939393939394 0.01468048359240069 0.07575757575757576
145 0.6528497409326425 0.16666666666666669 0.005181347150259067 0.2727272727272727
155 0.6835060449050087 0.5378787878787878 0.028497409326424868 0.5
67 0.7435233160621761 0.5530303030303031 0.06044905008635578 0.13636363636363635
155 0.8035405872193436 0.5606060606060607 0.028497409326424868 0.48484848484848486
53 0.8432642487046632 0.6136363636363636 0.023316062176165803 0.4090909090909091
211 0.864853195164076 0.7424242424242424 0.01468048359240069 0.36363636363636365
45 0.8937823834196891 0.5303030303030303 0.031088082901554404 0.6060606060606061
209 0.9183937823834196 0.696969696969697 0.02158894645941278 0.5454545454545454
149 0.9417098445595854 0.38636363636363635 0.01640759930915371 0.3484848484848485
130 0.9598445595854922 0.24242424242424243 0.012953367875647668 0.21212121212121213
128 0.9766839378238341 0.3181818181818182 0.018998272884283247 0.09090909090909091
145 0.9948186528497409 0.2878787878787879 0.0069084628670120895 0.36363636363636365
