149 0.03048780487804878 0.5546875 0.06097560975609756 0.4375
128 0.10298102981029811 0.1875 0.051490514905149054 0.03125
145 0.1632791327913279 0.15625 0.014905149051490514 0.3125
20 0.21341463414634146 0.4921875 0.023035230352303523 0.609375
143 0.28252032520325204 0.50390625 0.07994579945799458 0.3359375
39 0.34823848238482386 0.5 0.024390243902439025 0.609375
167 0.5047425474254743 0.4921875 0.17750677506775067 0.203125
173 0.5006775067750677 0.1796875 0.058265582655826556 0.109375
13 0.6754742547425474 0.42578125 0.06910569105691057 0.4921875
95 0.736449864498645 0.828125 0.04200542005420054 0.3125
191 0.8394308943089431 0.5 0.05555555555555555 0.328125
143 0.9566395663956639 0.5078125 0.08130081300813008 0.328125
