207 0.03767660910518054 0.5813008130081302 0.07535321821036108 0.34959349593495936
84 0.17032967032967034 0.5691056910569107 0.08320251177394035 0.1788617886178862
196 0.2990580847723705 0.5813008130081302 0.06122448979591837 0.34959349593495936
105 0.3563579277864992 0.8130081300813009 0.02197802197802198 0.34146341463414637
20 0.40423861852433285 0.5731707317073171 0.029827315541601257 0.6422764227642277
196 0.46938775510204084 0.5772357723577236 0.06279434850863423 0.3577235772357724
105 0.5274725274725275 0.8170731707317074 0.02197802197802198 0.33333333333333337
200 0.5855572998430142 0.5691056910569107 0.06279434850863423 0.34146341463414637
105 0.641287284144427 0.8130081300813009 0.020408163265306124 0.34146341463414637
39 0.6875981161695448 0.5731707317073171 0.0282574568288854 0.6422764227642277
130 0.7417582417582418 0.22357723577235775 0.0423861852433281 0.23577235772357727
128 0.8116169544740974 0.20731707317073172 0.06279434850863423 0.04065040650406505
105 0.8736263736263736 0.17479674796747968 0.020408163265306124 0.33333333333333337
155 0.9262166405023549 0.21138211382113822 0.0565149136577708 0.29268292682926833
145 0.9866562009419153 0.17073170731707318 0.020408163265306124 0.34146341463414637
