145 0.012733446519524618 0.3962264150943396 0.025466893039049237 0.7169811320754716
135 0.08743633276740237 0.43396226415094336 0.05602716468590832 0.6792452830188679
201 0.17487266553480474 0.6415094339622641 0.04753820033955857 0.6415094339622641
84 0.2640067911714771 0.4150943396226415 0.05602716468590832 0.2641509433962264
20 0.3361629881154499 0.4528301886792453 0.023769100169779286 0.9056603773584906
207 0.3777589134125637 0.49056603773584906 0.04923599320882852 0.5283018867924528
155 0.4592529711375212 0.43396226415094336 0.05263157894736842 0.6037735849056604
53 0.5382003395585738 0.5094339622641509 0.044142614601018676 0.49056603773584906
209 0.5899830220713073 0.5849056603773585 0.03904923599320883 0.6792452830188679
72 0.6230899830220713 0.7358490566037735 0.01697792869269949 0.2641509433962264
205 0.6969439728353141 0.49056603773584906 0.05602716468590832 0.49056603773584906
209 0.7521222410865874 0.5754716981132075 0.040747028862478774 0.660377358490566
39 0.7962648556876061 0.4716981132075472 0.027164685908319185 0.9056603773584906
108 0.8675721561969439 0.4245283018867924 0.06112054329371817 0.660377358490566
12 0.9643463497453311 0.3773584905660377 0.06451612903225806 0.7547169811320754
