186 0.019886363636363636 0.4444444444444444 0.03977272727272727 0.5925925925925926
127 0.1571969696969697 0.48765432098765427 0.14772727272727273 0.4567901234567901
201 0.32386363636363635 0.6296296296296295 0.08712121212121213 0.691358024691358
20 0.40530303030303033 0.48765432098765427 0.03787878787878788 0.9506172839506173
207 0.4715909090909091 0.5185185185185185 0.07954545454545454 0.4691358024691358
20 0.5454545454545454 0.48765432098765427 0.03787878787878788 0.9259259259259258
186 0.5965909090909091 0.4444444444444444 0.04166666666666667 0.5925925925925926
39 0.6420454545454546 0.48148148148148145 0.03787878787878788 0.9382716049382716
72 0.6818181818181819 0.7777777777777777 0.022727272727272728 0.2716049382716049
209 0.7736742424242424 0.6172839506172839 0.07007575757575758 0.6666666666666666
20 0.8409090909090909 0.48765432098765427 0.03787878787878788 0.9259259259259258
186 0.8920454545454546 0.4444444444444444 0.03787878787878788 0.5925925925925926
39 0.9365530303030303 0.47530864197530864 0.03598484848484849 0.9506172839506173
39 0.978219696969697 0.48148148148148145 0.03598484848484849 0.9382716049382716
