35 0.0452991452991453 0.3536585365853659 0.0905982905982906 0.7073170731707318
105 0.11623931623931624 0.3597560975609756 0.03076923076923077 0.7195121951219512
64 0.1717948717948718 0.4634146341463415 0.05641025641025641 0.4878048780487805
20 0.24017094017094018 0.4573170731707317 0.03247863247863248 0.9146341463414634
95 0.29572649572649573 0.5914634146341463 0.06153846153846154 0.6707317073170732
186 0.34444444444444444 0.7926829268292683 0.022222222222222223 0.36585365853658536
39 0.3811965811965812 0.4573170731707317 0.03418803418803419 0.9146341463414634
98 0.4735042735042735 0.46951219512195125 0.08888888888888889 0.8170731707317074
186 0.5675213675213675 0.4207317073170732 0.037606837606837605 0.5731707317073171
98 0.6606837606837607 0.4573170731707317 0.0905982905982906 0.8170731707317074
83 0.7615384615384615 0.49390243902439024 0.046153846153846156 0.475609756097561
100 0.8606837606837607 0.4329268292682927 0.0905982905982906 0.524390243902439
211 0.9658119658119658 0.3597560975609756 0.06153846153846154 0.6951219512195123
