154 0.03425774877650897 0.5047169811320754 0.06851549755301795 0.40566037735849053
145 0.10195758564437195 0.7688679245283019 0.017944535073409464 0.40566037735849053
56 0.15660685154975532 0.8066037735849056 0.03915171288743883 0.2358490566037736
204 0.21044045676998369 0.49528301886792453 0.009787928221859707 0.7830188679245282
14 0.30505709624796085 0.3962264150943396 0.1533442088091354 0.6037735849056604
20 0.4159869494290375 0.49528301886792453 0.02936378466557912 0.7641509433962264
148 0.49347471451876024 0.02830188679245283 0.10603588907014683 0.05660377358490566
35 0.49429037520391517 0.4245283018867924 0.09461663947797716 0.5660377358490566
72 0.5889070146818923 0.7169811320754716 0.019575856443719414 0.20754716981132074
101 0.6924959216965743 0.410377358490566 0.0636215334420881 0.6132075471698113
148 0.6900489396411094 0.03773584905660377 0.04567699836867863 0.03773584905660377
145 0.7561174551386624 0.7830188679245282 0.021207177814029365 0.3962264150943396
72 0.8295269168026101 0.7216981132075472 0.021207177814029365 0.21698113207547168
10 0.9477977161500816 0.4245283018867924 0.09787928221859707 0.5660377358490566
