89 0.04338842975206612 0.5303030303030304 0.08677685950413223 0.7575757575757577
145 0.10950413223140495 0.7828282828282829 0.04132231404958678 0.393939393939394
128 0.14772727272727273 0.24242424242424243 0.08057851239669422 0.04040404040404041
145 0.23553719008264462 0.196969696969697 0.04132231404958678 0.393939393939394
20 0.3150826446280992 0.5404040404040404 0.03925619834710744 0.8383838383838385
211 0.38842975206611574 0.4747474747474748 0.0743801652892562 0.5858585858585859
39 0.4617768595041322 0.5353535353535354 0.03925619834710744 0.8282828282828284
84 0.6198347107438017 0.5404040404040404 0.1115702479338843 0.21212121212121213
50 0.8181818181818182 0.4595959595959596 0.14049586776859505 0.5757575757575758
155 0.9524793388429752 0.30303030303030304 0.08677685950413223 0.42424242424242425
