126 0.03533568904593639 0.34545454545454546 0.07067137809187278 0.6545454545454545
105 0.08421672555948173 0.5363636363636364 0.017667844522968195 0.6363636363636364
84 0.15606595995288575 0.2909090909090909 0.05771495877502944 0.36363636363636365
126 0.2538280329799764 0.33636363636363636 0.071849234393404 0.6363636363636364
105 0.30212014134275617 0.5272727272727272 0.017667844522968195 0.6545454545454545
155 0.33804475853945815 0.5909090909090908 0.04004711425206125 0.6363636363636364
145 0.3780918727915194 0.5272727272727272 0.01884570082449941 0.6181818181818182
84 0.453474676089517 0.2818181818181818 0.05653710247349823 0.34545454545454546
119 0.5612485276796231 0.5545454545454546 0.08598351001177856 0.16363636363636364
84 0.6690223792697291 0.2636363636363636 0.05653710247349823 0.34545454545454546
126 0.7644287396937574 0.3181818181818182 0.07067137809187278 0.6363636363636364
105 0.8115429917550059 0.5 0.016489988221436984 0.6363636363636364
155 0.8462897526501766 0.5727272727272728 0.038869257950530034 0.6363636363636364
113 0.8863368669022379 0.4818181818181818 0.0270906949352179 0.6727272727272727
105 0.9116607773851589 0.7272727272727273 0.014134275618374558 0.4727272727272727
128 0.9487632508833922 0.5727272727272728 0.036513545347467605 0.09090909090909091
145 0.9888103651354534 0.509090909090909 0.017667844522968195 0.6181818181818182
