141 0.0155420773313116 0.4301075268817205 0.0310841546626232 0.4731182795698925
163 0.04700530705079606 0.42473118279569894 0.022744503411675512 0.4408602150537635
75 0.07733131159969674 0.33870967741935487 0.03335860500379075 0.6774193548387097
211 0.10765731614859742 0.7365591397849462 0.02122820318423048 0.4623655913978495
209 0.14973464746019713 0.5161290322580645 0.032600454890068235 0.6236559139784946
113 0.1800606520090978 0.7258064516129032 0.021986353297952996 0.4838709677419355
20 0.211144806671721 0.4301075268817205 0.014404852160727824 0.860215053763441
186 0.2357846853677028 0.38709677419354843 0.015163002274450341 0.5591397849462366
39 0.25890826383623955 0.42473118279569894 0.014404852160727824 0.8494623655913979
84 0.31273692191053826 0.42473118279569894 0.0401819560272934 0.24731182795698928
105 0.3684609552691433 0.3548387096774194 0.015163002274450341 0.6451612903225807
72 0.40106141015921154 0.6774193548387097 0.009097801364670205 0.23655913978494625
141 0.4567854435178165 0.435483870967742 0.0310841546626232 0.4623655913978495
163 0.48786959818043973 0.4301075268817205 0.021986353297952996 0.4516129032258065
75 0.5181956027293404 0.34408602150537637 0.032600454890068235 0.6666666666666667
211 0.5489006823351024 0.7419354838709677 0.02122820318423048 0.4731182795698925
207 0.5943896891584534 0.4408602150537635 0.03639120545868082 0.4731182795698925
113 0.6250947687642153 0.7311827956989247 0.021986353297952996 0.4731182795698925
20 0.6557998483699773 0.435483870967742 0.013646702047005306 0.8494623655913979
186 0.6800606520090978 0.39247311827956993 0.015163002274450341 0.5698924731182796
39 0.7031842304776346 0.435483870967742 0.014404852160727824 0.8494623655913979
84 0.7577710386656558 0.4301075268817205 0.0401819560272934 0.23655913978494625
130 0.8188021228203184 0.446236559139785 0.02880970432145565 0.4623655913978495
128 0.8669446550416983 0.435483870967742 0.037149355572403335 0.05376344086021506
105 0.9078847611827142 0.3548387096774194 0.014404852160727824 0.6451612903225807
155 0.9465504169825626 0.446236559139785 0.0401819560272934 0.5698924731182796
145 0.9916603487490523 0.34946236559139787 0.013646702047005306 0.6344086021505377
