130 0.03737373737373737 0.5189873417721519 0.07474747474747474 0.4810126582278481
20 0.12525252525252525 0.4873417721518987 0.044444444444444446 0.9493670886075949
130 0.1898989898989899 0.5189873417721519 0.07272727272727272 0.4810126582278481
155 0.31717171717171716 0.4810126582278481 0.10505050505050505 0.6582278481012658
189 0.4393939393939394 0.3924050632911392 0.06262626262626263 0.7341772151898734
39 0.5080808080808081 0.4873417721518987 0.046464646464646465 0.9493670886075949
176 0.5676767676767677 0.4873417721518987 0.044444444444444446 0.9746835443037974
195 0.6343434343434343 0.37974683544303794 0.07272727272727272 0.7341772151898734
104 0.705050505050505 0.5126582278481012 0.0404040404040404 0.08860759493670886
57 0.7777777777777778 0.3860759493670886 0.0808080808080808 0.7468354430379747
53 0.8686868686868687 0.5 0.07272727272727272 0.49367088607594933
115 0.9333333333333333 0.3670886075949367 0.03636363636363636 0.7341772151898734
115 0.9787878787878788 0.3670886075949367 0.03434343434343434 0.7341772151898734
