207 0.016666666666666666 0.6288659793814433 0.03333333333333333 0.3917525773195876
155 0.07658730158730159 0.5979381443298969 0.04365079365079365 0.5773195876288659
207 0.1349206349206349 0.6185567010309279 0.03333333333333333 0.3917525773195876
163 0.16746031746031745 0.31958762886597936 0.020634920634920634 0.26804123711340205
209 0.2007936507936508 0.7010309278350515 0.03015873015873016 0.5567010309278351
54 0.23531746031746031 0.31958762886597936 0.027777777777777776 0.26804123711340205
20 0.2638888888888889 0.29381443298969073 0.011904761904761904 0.5876288659793815
163 0.2865079365079365 0.31443298969072164 0.020634920634920634 0.25773195876288657
128 0.32063492063492066 0.29381443298969073 0.03015873015873016 0.030927835051546393
145 0.353968253968254 0.24742268041237114 0.015873015873015872 0.3917525773195876
39 0.376984126984127 0.29381443298969073 0.011111111111111112 0.5876288659793815
57 0.3996031746031746 0.23711340206185566 0.018253968253968255 0.41237113402061853
176 0.4242063492063492 0.29381443298969073 0.01984126984126984 0.5876288659793815
53 0.451984126984127 0.30927835051546393 0.023015873015873017 0.26804123711340205
128 0.5087301587301587 0.5773195876288659 0.03968253968253968 0.041237113402061855
186 0.5607142857142857 0.5257731958762887 0.01984126984126984 0.5567010309278351
59 0.5884920634920635 0.27835051546391754 0.027777777777777776 0.5360824742268041
155 0.6484126984126984 0.5721649484536082 0.04285714285714286 0.5670103092783505
210 0.7047619047619048 0.5979381443298969 0.026984126984126985 0.3917525773195876
96 0.7361111111111112 0.3556701030927835 0.02619047619047619 0.38144329896907214
209 0.7726190476190476 0.6804123711340206 0.030952380952380953 0.5567010309278351
64 0.8031746031746032 0.28865979381443296 0.01904761904761905 0.26804123711340205
128 0.8341269841269842 0.26804123711340205 0.03015873015873016 0.041237113402061855
57 0.8674603174603175 0.21649484536082475 0.01904761904761905 0.41237113402061853
84 0.9246031746031746 0.5567010309278351 0.04285714285714286 0.20618556701030927
211 0.9845238095238095 0.4948453608247423 0.027777777777777776 0.5979381443298969
