155 0.01604782882315922 0.5225 0.03209565764631844 0.255
126 0.05286343612334802 0.115 0.022655758338577723 0.12
113 0.05349276274386407 0.905 0.013845185651353053 0.17
182 0.08307111390811832 0.52 0.040276903713027064 0.46
84 0.07772183763373192 0.935 0.02076777847702958 0.06
128 0.0840151038388924 0.11750000000000001 0.02076777847702958 0.015
145 0.10950283196979232 0.9 0.011327879169288861 0.17
145 0.11359345500314665 0.08750000000000001 0.010698552548772814 0.17500000000000002
94 0.22655758338577722 0.51 0.16865953429830083 0.03
113 0.15607300188797987 0.18 0.022655758338577723 0.29
126 0.1853366897419761 0.81 0.034612964128382634 0.19
20 0.1799874134675897 0.2275 0.011327879169288861 0.375
113 0.20075519194461927 0.1825 0.021397105097545627 0.295
155 0.23064820641913156 0.795 0.03209565764631844 0.26
155 0.23977344241661425 0.22 0.03272498426683449 0.26
145 0.26998112020138454 0.7575000000000001 0.013845185651353053 0.28500000000000003
145 0.27816236626809315 0.1775 0.01510383889238515 0.28500000000000003
39 0.29735682819383263 0.2175 0.01195720578980491 0.375
20 0.3348017621145375 0.5025000000000001 0.011327879169288861 0.375
143 0.3615481434864695 0.5225 0.034612964128382634 0.195
126 0.3930144745122719 0.3875 0.02328508495909377 0.115
211 0.3930144745122719 0.6225 0.016991818753933293 0.17500000000000002
128 0.42385147891755826 0.39 0.02076777847702958 0.02
113 0.4496538703587162 0.3575 0.0144745122718691 0.17500000000000002
128 0.4770295783511643 0.3875 0.021397105097545627 0.015
145 0.5066079295154186 0.3525 0.012586532410320957 0.17500000000000002
206 0.5446821900566394 0.505 0.027061044682190057 0.19
143 0.5890497168030208 0.5125 0.03272498426683449 0.195
113 0.6151667715544368 0.3525 0.0144745122718691 0.17500000000000002
128 0.6526117054751417 0.485 0.03272498426683449 0.02
143 0.696979232221523 0.5025000000000001 0.03587161736941473 0.195
126 0.7300188797986156 0.37 0.02391441157960982 0.12
211 0.7293895531780995 0.605 0.01762114537444934 0.18
128 0.761799874134676 0.37 0.02076777847702958 0.02
113 0.7866582756450599 0.3375 0.013845185651353053 0.17500000000000002
206 0.8212712397734425 0.485 0.02643171806167401 0.19
143 0.8659534298300818 0.4925 0.033983637507866586 0.195
113 0.8930144745122719 0.3325 0.01510383889238515 0.17500000000000002
128 0.9210195091252361 0.36 0.022026431718061675 0.02
145 0.9512271869100064 0.3225 0.01195720578980491 0.17500000000000002
39 0.9691629955947137 0.4675 0.011327879169288861 0.375
5 0.9896161107614853 0.465 0.01825047199496539 0.86
