35 0.06008146639511201 0.5220588235294118 0.12016293279022403 0.8970588235294118
104 0.15987780040733196 0.6544117647058824 0.04684317718940936 0.1323529411764706
53 0.2321792260692464 0.6470588235294118 0.07331975560081466 0.6470588235294118
75 0.32586558044806513 0.5 0.08961303462321792 0.9117647058823529
126 0.4521384928716904 0.625 0.13849287169042768 0.6323529411764706
105 0.5539714867617107 0.47058823529411764 0.04073319755600814 0.9117647058823529
168 0.6171079429735233 0.6323529411764706 0.0570264765784114 0.6470588235294118
168 0.6863543788187372 0.6176470588235294 0.0570264765784114 0.6470588235294118
105 0.7474541751527494 0.4632352941176471 0.04073319755600814 0.9264705882352942
57 0.8217922606924642 0.4779411764705882 0.0875763747454175 0.9264705882352942
115 0.8961303462321791 0.4632352941176471 0.03665987780040733 0.8970588235294118
80 0.9613034623217922 0.6102941176470588 0.06924643584521384 0.6617647058823529
