204 0.005387931034482759 0.49367088607594933 0.010775862068965518 0.9367088607594937
212 0.06465517241379311 0.4873417721518987 0.06896551724137931 0.9240506329113924
20 0.1497844827586207 0.4810126582278481 0.04956896551724138 0.9620253164556962
207 0.22629310344827586 0.5126582278481012 0.09482758620689655 0.49367088607594933
39 0.30495689655172414 0.4810126582278481 0.04956896551724138 0.9620253164556962
204 0.35560344827586204 0.5 0.01293103448275862 0.9493670886075949
84 0.4665948275862069 0.4810126582278481 0.11422413793103448 0.25316455696202533
27 0.6271551724137931 0.4050632911392405 0.12068965517241378 0.7594936708860759
20 0.7413793103448276 0.4810126582278481 0.05172413793103448 0.9620253164556962
204 0.7887931034482758 0.49367088607594933 0.01293103448275862 0.9367088607594937
207 0.8566810344827586 0.5126582278481012 0.09267241379310345 0.49367088607594933
204 0.9256465517241379 0.4873417721518987 0.010775862068965518 0.9493670886075949
39 0.970905172413793 0.4810126582278481 0.04956896551724138 0.9620253164556962
