110 0.02598314606741573 0.5096153846153847 0.05196629213483146 0.9038461538461539
211 0.04178370786516854 0.8798076923076924 0.020365168539325844 0.21153846153846156
163 0.06601123595505617 0.10096153846153846 0.01544943820224719 0.14423076923076925
94 0.17450842696629212 0.514423076923077 0.15800561797752807 0.038461538461538464
10 0.12183988764044944 0.16346153846153846 0.047050561797752806 0.3269230769230769
168 0.13061797752808987 0.8822115384615385 0.023876404494382022 0.21634615384615385
145 0.14360955056179775 0.36778846153846156 0.009129213483146067 0.20673076923076925
145 0.15695224719101122 0.6826923076923077 0.009129213483146067 0.20192307692307693
195 0.1660814606741573 0.3605769230769231 0.01896067415730337 0.21153846153846156
128 0.18679775280898875 0.701923076923077 0.028089887640449437 0.028846153846153848
20 0.1917134831460674 0.21875 0.014044943820224719 0.3894230769230769
168 0.2148876404494382 0.22355769230769232 0.023876404494382022 0.21634615384615385
116 0.21629213483146068 0.6802884615384616 0.019662921348314606 0.21634615384615385
39 0.24087078651685392 0.21875 0.014044943820224719 0.3894230769230769
75 0.28827247191011235 0.46875 0.03441011235955056 0.32211538461538464
168 0.31530898876404495 0.5168269230769231 0.023876404494382022 0.21634615384615385
121 0.3932584269662921 0.5168269230769231 0.03651685393258427 0.32211538461538464
6 0.48139044943820225 0.46875 0.042837078651685394 0.3125
145 0.5115870786516854 0.65625 0.009129213483146067 0.20673076923076925
110 0.5635533707865168 0.5 0.051264044943820225 0.9038461538461539
211 0.5800561797752809 0.8725961538461539 0.021067415730337078 0.21634615384615385
163 0.6039325842696629 0.0889423076923077 0.01544943820224719 0.14903846153846154
168 0.6383426966292135 0.5072115384615384 0.023876404494382022 0.21634615384615385
116 0.663623595505618 0.2668269230769231 0.019662921348314606 0.21634615384615385
94 0.7155898876404494 0.5 0.06179775280898876 0.038461538461538464
75 0.704002808988764 0.7259615384615385 0.03300561797752809 0.3269230769230769
75 0.7138342696629213 0.1778846153846154 0.03441011235955056 0.31730769230769235
168 0.7310393258426966 0.7740384615384616 0.023876404494382022 0.21153846153846156
22 0.7823033707865168 0.45432692307692313 0.05337078651685393 0.2932692307692308
20 0.8230337078651685 0.49759615384615385 0.014044943820224719 0.3894230769230769
45 0.8606039325842696 0.4495192307692308 0.04002808988764045 0.2932692307692308
168 0.8809691011235955 0.670673076923077 0.016151685393258425 0.14903846153846154
195 0.8946629213483146 0.25961538461538464 0.018258426966292134 0.21153846153846156
39 0.9195926966292135 0.4951923076923077 0.013342696629213483 0.3942307692307693
75 0.9599719101123595 0.4447115384615385 0.033707865168539325 0.32211538461538464
168 0.9870084269662921 0.49759615384615385 0.023174157303370788 0.21634615384615385
