84 0.020522388059701493 0.5077220077220077 0.041044776119402986 0.0888030888030888
110 0.09253731343283582 0.5057915057915058 0.05522388059701493 0.7258687258687259
211 0.10895522388059702 0.806949806949807 0.020895522388059702 0.16988416988416988
195 0.1373134328358209 0.15444015444015444 0.019402985074626865 0.16988416988416988
154 0.16343283582089552 0.18146718146718147 0.022388059701492536 0.11583011583011583
20 0.1925373134328358 0.5096525096525096 0.014925373134328358 0.31660231660231664
163 0.22014925373134328 0.5096525096525096 0.023880597014925373 0.16216216216216217
128 0.2738805970149254 0.5057915057915058 0.0373134328358209 0.02316602316602317
168 0.3246268656716418 0.5115830115830116 0.02537313432835821 0.17374517374517376
39 0.35186567164179106 0.5057915057915058 0.014179104477611941 0.31660231660231664
20 0.40597014925373137 0.5057915057915058 0.03283582089552239 0.972972972972973
110 0.4544776119402985 0.5057915057915058 0.05522388059701493 0.7258687258687259
168 0.46753731343283583 0.832046332046332 0.017164179104477612 0.11969111969111969
163 0.4966417910447761 0.17374517374517376 0.015671641791044775 0.11583011583011583
20 0.5522388059701493 0.5019305019305019 0.03283582089552239 0.972972972972973
94 0.7880597014925373 0.5038610038610039 0.4208955223880597 0.02702702702702703
204 0.5865671641791045 0.2606177606177606 0.004477611940298508 0.3281853281853282
20 0.6078358208955223 0.2606177606177606 0.014179104477611941 0.3127413127413127
208 0.633955223880597 0.25096525096525096 0.029104477611940297 0.30115830115830117
70 0.6813432835820895 0.25868725868725867 0.02537313432835821 0.1312741312741313
89 0.7332089552238806 0.2528957528957529 0.041044776119402986 0.3204633204633205
186 0.7529850746268657 0.7760617760617761 0.016417910447761194 0.2084942084942085
39 0.767910447761194 0.2606177606177606 0.014925373134328358 0.3127413127413127
195 0.7776119402985074 0.6332046332046333 0.019402985074626865 0.16988416988416988
186 0.789179104477612 0.3918918918918919 0.011194029850746268 0.14285714285714285
25 0.8111940298507463 0.6351351351351352 0.03283582089552239 0.16602316602316602
20 0.8138059701492537 0.25868725868725867 0.014179104477611941 0.31660231660231664
186 0.8376865671641791 0.2471042471042471 0.017164179104477612 0.2084942084942085
72 0.871268656716418 0.3474903474903475 0.008208955223880597 0.0694980694980695
188 0.9104477611940298 0.22779922779922782 0.029850746268656716 0.2471042471042471
39 0.941044776119403 0.2606177606177606 0.014925373134328358 0.3127413127413127
204 0.9623134328358209 0.25868725868725867 0.0052238805970149255 0.32432432432432434
195 0.9828358208955223 0.08494208494208494 0.019402985074626865 0.16988416988416988
