12 0.01679340937896071 0.45977011494252873 0.03358681875792142 0.6436781609195402
75 0.043726235741444866 0.6839080459770115 0.0164765525982256 0.42528735632183906
72 0.05671736375158428 0.896551724137931 0.004435994930291508 0.16091954022988506
130 0.07667934093789606 0.7586206896551724 0.017743979721166033 0.27586206896551724
84 0.1191381495564005 0.5344827586206896 0.03041825095057034 0.21839080459770116
123 0.16318124207858048 0.5402298850574713 0.028517110266159693 0.48275862068965514
196 0.20690747782002533 0.5574712643678161 0.024714828897338403 0.40229885057471265
72 0.22718631178707224 0.7758620689655172 0.0057034220532319385 0.24137931034482757
200 0.26140684410646386 0.5574712643678161 0.02091254752851711 0.40229885057471265
204 0.2886565272496831 0.5287356321839081 0.0031685678073510772 0.8735632183908046
196 0.3159062103929024 0.5632183908045977 0.024714828897338403 0.3908045977011494
20 0.33808618504435994 0.5287356321839081 0.010773130544993662 0.8505747126436781
200 0.3580481622306717 0.5574712643678161 0.021546261089987324 0.40229885057471265
196 0.38371356147021546 0.5574712643678161 0.024714828897338403 0.40229885057471265
39 0.40525982256020276 0.5287356321839081 0.010773130544993662 0.8505747126436781
130 0.42490494296577946 0.26436781609195403 0.018377693282636248 0.27586206896551724
84 0.4679974651457541 0.5344827586206896 0.031051964512040557 0.21839080459770116
20 0.508871989860583 0.5344827586206896 0.011406844106463877 0.8620689655172413
200 0.5288339670468948 0.5632183908045977 0.02091254752851711 0.3908045977011494
196 0.5544993662864385 0.5689655172413793 0.024081115335868188 0.40229885057471265
39 0.5760456273764258 0.5344827586206896 0.011406844106463877 0.8620689655172413
130 0.5960076045627376 0.27011494252873564 0.018377693282636248 0.26436781609195403
200 0.620722433460076 0.5689655172413793 0.02217997465145754 0.40229885057471265
72 0.6403675538656527 0.7873563218390804 0.0057034220532319385 0.24137931034482757
20 0.6720532319391634 0.5402298850574713 0.010773130544993662 0.8505747126436781
200 0.6926489226869454 0.5689655172413793 0.021546261089987324 0.40229885057471265
196 0.717680608365019 0.5689655172413793 0.02344740177439797 0.40229885057471265
39 0.738593155893536 0.5402298850574713 0.010773130544993662 0.8505747126436781
75 0.7569708491761723 0.20689655172413793 0.015842839036755384 0.41379310344827586
128 0.7769328263624841 0.25862068965517243 0.017743979721166033 0.05747126436781609
145 0.7981622306717363 0.21839080459770116 0.009505703422053232 0.3908045977011494
84 0.8387198986058301 0.5459770114942528 0.029784537389100123 0.21839080459770116
200 0.8811787072243346 0.5804597701149425 0.02091254752851711 0.40229885057471265
75 0.9027249683143219 0.21839080459770116 0.015842839036755384 0.41379310344827586
128 0.9233206590621039 0.27011494252873564 0.017743979721166033 0.05747126436781609
195 0.9439163498098859 0.22988505747126436 0.013307984790874524 0.3908045977011494
100 0.9847908745247148 0.5574712643678161 0.027883396704689478 0.47126436781609193
