110 0.02681159420289855 0.4715909090909091 0.0536231884057971 0.7083333333333334
3 0.04746376811594203 0.7670454545454546 0.02826086956521739 0.16287878787878787
163 0.06884057971014493 0.8390151515151515 0.011594202898550725 0.07954545454545454
105 0.10181159420289855 0.8655303030303031 0.010869565217391304 0.16287878787878787
84 0.12572463768115943 0.8863636363636364 0.02681159420289855 0.06060606060606061
182 0.1786231884057971 0.4753787878787879 0.08043478260869566 0.45075757575757575
17 0.15471014492753624 0.08901515151515152 0.03260869565217391 0.16287878787878787
145 0.15471014492753624 0.8693181818181819 0.009420289855072464 0.16287878787878787
72 0.1822463768115942 0.9450757575757576 0.005072463768115942 0.04924242424242424
72 0.188768115942029 0.16856060606060608 0.005072463768115942 0.04924242424242424
112 0.19818840579710145 0.8901515151515151 0.01956521739130435 0.20454545454545456
16 0.2076086956521739 0.08901515151515152 0.02391304347826087 0.17045454545454547
84 0.22681159420289856 0.8882575757575758 0.02753623188405797 0.06439393939393939
145 0.25579710144927537 0.8674242424242424 0.008695652173913044 0.1590909090909091
20 0.3072463768115942 0.4734848484848485 0.03333333333333333 0.946969696969697
11 0.34855072463768116 0.4431818181818182 0.043478260869565216 0.23484848484848486
105 0.37717391304347825 0.5946969696969697 0.010869565217391304 0.16666666666666669
72 0.4018115942028986 0.6704545454545455 0.005072463768115942 0.045454545454545456
168 0.4166666666666667 0.6155303030303031 0.017391304347826087 0.11742424242424243
66 0.45217391304347826 0.4772727272727273 0.008695652173913044 0.045454545454545456
89 0.4956521739130435 0.4696969696969697 0.042028985507246375 0.3106060606060606
105 0.5155797101449275 0.5965909090909091 0.010869565217391304 0.16287878787878787
112 0.5311594202898551 0.6155303030303031 0.01884057971014493 0.20075757575757577
72 0.5590579710144927 0.6685606060606061 0.005072463768115942 0.04924242424242424
168 0.5742753623188406 0.6212121212121212 0.016666666666666666 0.12121212121212122
155 0.6242753623188406 0.4772727272727273 0.03985507246376812 0.20454545454545456
94 0.7242753623188406 0.4791666666666667 0.11231884057971014 0.026515151515151516
11 0.6923913043478261 0.18371212121212122 0.04420289855072464 0.23106060606060608
168 0.7228260869565217 0.6988636363636364 0.02391304347826087 0.17045454545454547
105 0.7210144927536232 0.33712121212121215 0.011594202898550725 0.16666666666666669
72 0.7445652173913043 0.4109848484848485 0.005072463768115942 0.04924242424242424
188 0.7644927536231885 0.3314393939393939 0.021739130434782608 0.17045454545454547
66 0.8094202898550725 0.4772727272727273 0.008695652173913044 0.045454545454545456
94 0.8981884057971015 0.4791666666666667 0.12101449275362319 0.026515151515151516
89 0.8601449275362318 0.19128787878787878 0.04057971014492753 0.3068181818181818
105 0.8793478260869565 0.32007575757575757 0.012318840579710146 0.16287878787878787
168 0.8967391304347826 0.696969696969697 0.02391304347826087 0.16666666666666669
112 0.8952898550724637 0.34090909090909094 0.01956521739130435 0.20454545454545456
72 0.9228260869565218 0.39583333333333337 0.005072463768115942 0.04924242424242424
188 0.9423913043478261 0.3162878787878788 0.021014492753623187 0.17045454545454547
39 0.9829710144927536 0.4753787878787879 0.031159420289855074 0.9431818181818182
