35 0.04106280193236715 0.47701149425287354 0.0821256038647343 0.632183908045977
20 0.10869565217391304 0.5459770114942528 0.027375201288244767 0.8620689655172413
168 0.15861513687600645 0.5747126436781609 0.04669887278582931 0.41379310344827586
72 0.2037037037037037 0.7988505747126436 0.014492753623188406 0.24137931034482757
186 0.28019323671497587 0.4942528735632184 0.03542673107890499 0.5517241379310345
39 0.3252818035426731 0.5402298850574713 0.028985507246376812 0.8505747126436781
84 0.42914653784219003 0.5459770114942528 0.07890499194847021 0.21839080459770116
168 0.538647342995169 0.5689655172413793 0.04669887278582931 0.40229885057471265
195 0.5885668276972624 0.20114942528735633 0.037037037037037035 0.40229885057471265
186 0.6352657004830918 0.4942528735632184 0.033816425120772944 0.5517241379310345
195 0.678743961352657 0.20689655172413793 0.037037037037037035 0.3908045977011494
161 0.7351046698872786 0.6494252873563219 0.0499194847020934 0.5632183908045977
20 0.789049919484702 0.5402298850574713 0.028985507246376812 0.8735632183908046
168 0.8389694041867954 0.5689655172413793 0.04508856682769726 0.40229885057471265
72 0.8832528180354268 0.7931034482758621 0.014492753623188406 0.25287356321839083
186 0.9388083735909822 0.4942528735632184 0.03542673107890499 0.5517241379310345
39 0.9822866344605475 0.5402298850574713 0.028985507246376812 0.8735632183908046
