150 0.00947075208913649 0.2655172413793103 0.01894150417827298 0.4206896551724138
50 0.039832869080779945 0.27586206896551724 0.0350974930362117 0.38620689655172413
176 0.06211699164345404 0.32413793103448274 0.0116991643454039 0.5241379310344827
150 0.08133704735376045 0.2655172413793103 0.01894150417827298 0.4206896551724138
207 0.1052924791086351 0.33448275862068966 0.0233983286908078 0.2689655172413793
105 0.12367688022284123 0.4689655172413793 0.006685236768802229 0.2482758620689655
20 0.1403899721448468 0.3172413793103448 0.012256267409470752 0.5241379310344827
207 0.16016713091922005 0.33448275862068966 0.02395543175487465 0.2689655172413793
39 0.18022284122562676 0.32413793103448274 0.012813370473537604 0.5241379310344827
84 0.21197771587743733 0.3137931034482759 0.029526462395543178 0.13103448275862067
182 0.25459610027855156 0.32413793103448274 0.03565459610027855 0.6482758620689655
163 0.25376044568245126 0.903448275862069 0.010584958217270195 0.16551724137931034
150 0.3 0.27241379310344827 0.019498607242339833 0.4206896551724138
53 0.3231197771587744 0.3448275862068966 0.02116991643454039 0.27586206896551724
163 0.3415041782729805 0.5137931034482759 0.011142061281337047 0.1724137931034483
176 0.3593314763231198 0.3275862068965517 0.012256267409470752 0.5172413793103449
150 0.3788300835654596 0.27241379310344827 0.01894150417827298 0.4206896551724138
207 0.40250696378830086 0.3413793103448276 0.02395543175487465 0.2689655172413793
105 0.4211699164345404 0.47586206896551725 0.006685236768802229 0.2482758620689655
20 0.43760445682451254 0.32068965517241377 0.012813370473537604 0.5172413793103449
207 0.4576601671309192 0.33448275862068966 0.02395543175487465 0.2689655172413793
39 0.4774373259052925 0.32413793103448274 0.012256267409470752 0.5241379310344827
50 0.5080779944289694 0.27586206896551724 0.03565459610027855 0.38620689655172413
163 0.5292479108635098 0.5103448275862069 0.011142061281337047 0.16551724137931034
20 0.5473537604456825 0.3172413793103448 0.012813370473537604 0.5241379310344827
207 0.5668523676880223 0.33448275862068966 0.02395543175487465 0.2689655172413793
39 0.586908077994429 0.3310344827586207 0.012813370473537604 0.5241379310344827
155 0.6186629526462396 0.32068965517241377 0.029526462395543178 0.36551724137931035
182 0.6610027855153203 0.32413793103448274 0.036211699164345405 0.6482758620689655
163 0.6604456824512535 0.903448275862069 0.010584958217270195 0.16551724137931034
53 0.705849582172702 0.3413793103448276 0.02116991643454039 0.2689655172413793
163 0.7239554317548746 0.5103448275862069 0.010584958217270195 0.16551724137931034
20 0.7423398328690808 0.3172413793103448 0.012813370473537604 0.5241379310344827
207 0.7618384401114207 0.33448275862068966 0.02395543175487465 0.2689655172413793
39 0.7818941504178273 0.32413793103448274 0.012813370473537604 0.5241379310344827
150 0.805849582172702 0.2689655172413793 0.019498607242339833 0.41379310344827586
50 0.8356545961002786 0.27586206896551724 0.03565459610027855 0.38620689655172413
163 0.856824512534819 0.506896551724138 0.011142061281337047 0.1724137931034483
176 0.8743732590529248 0.32068965517241377 0.012813370473537604 0.5310344827586206
150 0.8935933147632312 0.2655172413793103 0.01894150417827298 0.4206896551724138
207 0.9175487465181059 0.3413793103448276 0.024512534818941504 0.2689655172413793
105 0.9359331476323121 0.47586206896551725 0.006685236768802229 0.2482758620689655
20 0.9523676880222841 0.3172413793103448 0.012813370473537604 0.5241379310344827
207 0.9724233983286908 0.33448275862068966 0.02395543175487465 0.2689655172413793
39 0.9924791086350976 0.3172413793103448 0.012813370473537604 0.5241379310344827
