14 0.06324110671936758 0.45930232558139533 0.12648221343873517 0.6627906976744186
148 0.07509881422924901 0.040697674418604654 0.1067193675889328 0.08139534883720931
20 0.1590909090909091 0.5290697674418604 0.04545454545454545 0.872093023255814
210 0.22035573122529642 0.563953488372093 0.06916996047430829 0.45348837209302323
72 0.27470355731225293 0.8081395348837209 0.023715415019762844 0.26744186046511625
186 0.37154150197628455 0.4941860465116279 0.03952569169960474 0.5697674418604651
39 0.41897233201581024 0.5348837209302325 0.04743083003952569 0.8837209302325582
84 0.5543478260869564 0.5406976744186046 0.10474308300395256 0.2441860465116279
89 0.6877470355731224 0.5290697674418604 0.1067193675889328 0.8953488372093024
101 0.7786561264822134 0.43023255813953487 0.07114624505928853 0.6976744186046512
20 0.8478260869565217 0.4941860465116279 0.043478260869565216 0.872093023255814
210 0.908102766798419 0.5348837209302325 0.06521739130434782 0.4418604651162791
39 0.9723320158102766 0.5116279069767442 0.04743083003952569 0.8837209302325582
