84 0.045376712328767124 0.49375 0.09075342465753425 0.23750000000000002
23 0.1506849315068493 0.48750000000000004 0.0410958904109589 0.9500000000000001
153 0.2285958904109589 0.49375 0.08047945205479451 0.9375
108 0.3253424657534246 0.5125000000000001 0.05821917808219178 0.5
30 0.4160958904109589 0.40625 0.08561643835616438 0.7125
20 0.4931506849315068 0.5 0.03424657534246575 0.9500000000000001
22 0.5830479452054794 0.40625 0.13184931506849315 0.7125
72 0.670376712328767 0.7937500000000001 0.018835616438356163 0.2625
95 0.7585616438356164 0.61875 0.06506849315068493 0.6875
39 0.8090753424657534 0.48750000000000004 0.02910958904109589 0.9500000000000001
204 0.8707191780821917 0.48750000000000004 0.008561643835616438 0.925
153 0.9580479452054794 0.47500000000000003 0.07705479452054795 0.9500000000000001
