89 0.03679369250985545 0.48888888888888893 0.0735873850197109 0.6074074074074074
71 0.09264126149802891 0.5111111111111112 0.01445466491458607 0.32592592592592595
3 0.16885676741130093 0.4481481481481482 0.07490144546649145 0.4518518518518519
166 0.23061760840998685 0.825925925925926 0.04073587385019711 0.31851851851851853
167 0.3620236530880421 0.5074074074074074 0.09592641261498029 0.21481481481481482
34 0.5151116951379764 0.5037037037037038 0.07884362680683311 0.5925925925925926
17 0.5873850197109067 0.737037037037037 0.05781865965834428 0.31851851851851853
16 0.6432325886990802 0.7407407407407408 0.04336399474375821 0.32592592592592595
20 0.6971090670170828 0.5111111111111112 0.024967148488830488 0.6074074074074074
35 0.7608409986859396 0.4481481481481482 0.07621550591327202 0.4518518518518519
195 0.8298291721419185 0.17777777777777778 0.0328515111695138 0.32592592592592595
155 0.8804204993429698 0.21851851851851853 0.04730617608409987 0.2740740740740741
101 0.9316688567674113 0.17037037037037037 0.03679369250985545 0.34074074074074073
39 0.9848883048620237 0.5148148148148148 0.024967148488830488 0.6
