115 0.0160075329566855 0.3860759493670886 0.032015065913371 0.6708860759493671
145 0.06214689265536723 0.6582278481012658 0.030131826741996232 0.43037974683544306
84 0.1854990583804143 0.47468354430379744 0.09227871939736346 0.24050632911392406
23 0.3145009416195857 0.4810126582278481 0.04519774011299435 0.9620253164556962
207 0.3888888888888889 0.5126582278481012 0.06967984934086628 0.4430379746835443
128 0.5160075329566854 0.4873417721518987 0.08662900188323917 0.06329113924050633
209 0.6412429378531073 0.620253164556962 0.06591337099811675 0.6329113924050633
84 0.7740112994350282 0.4873417721518987 0.09416195856873823 0.24050632911392406
211 0.9048964218455744 0.4177215189873418 0.06214689265536723 0.6582278481012658
24 0.9736346516007532 0.49367088607594933 0.04519774011299435 0.9620253164556962
