75 0.03823529411764706 0.34523809523809523 0.07647058823529412 0.6904761904761905
80 0.11764705882352941 0.4583333333333333 0.06666666666666667 0.46428571428571425
95 0.1980392156862745 0.5535714285714285 0.0784313725490196 0.6785714285714285
208 0.2696078431372549 0.6666666666666666 0.049019607843137254 0.6190476190476191
95 0.3509803921568627 0.5714285714285714 0.07450980392156863 0.6428571428571428
84 0.5068627450980392 0.44047619047619047 0.10784313725490197 0.23809523809523808
75 0.6627450980392157 0.33928571428571425 0.0784313725490196 0.6785714285714285
80 0.7421568627450981 0.45238095238095233 0.06862745098039216 0.45238095238095233
95 0.8225490196078431 0.5476190476190476 0.08039215686274509 0.6666666666666666
95 0.9588235294117647 0.5595238095238095 0.07450980392156863 0.6428571428571428
