115 0.0022366815778771857 0.8738938053097345 0.004473363155754371 0.15486725663716813
159 0.022570150467669785 0.5331858407079646 0.030500203334688898 0.41150442477876104
84 0.015453436356242375 0.9070796460176991 0.013013420089467263 0.05309734513274336
109 0.022366815778771858 0.17035398230088494 0.015453436356242375 0.11061946902654868
115 0.03172021146807645 0.8694690265486725 0.004066693777958519 0.15486725663716813
211 0.04087027246848312 0.9314159292035398 0.00854005693371289 0.11946902654867256
20 0.05551037006913379 0.5331858407079646 0.0077267181781211875 0.33185840707964603
6 0.07604717364782432 0.49557522123893805 0.0211468076453843 0.25663716814159293
149 0.09922732818218788 0.5752212389380531 0.015453436356242375 0.23893805309734512
115 0.11203741358275722 0.6349557522123894 0.004473363155754371 0.15486725663716813
39 0.12017080113867426 0.5287610619469026 0.0077267181781211875 0.33185840707964603
94 0.15453436356242375 0.3141592920353982 0.05774705164701098 0.017699115044247787
149 0.1315575437169581 0.5022123893805309 0.010980073200488003 0.14601769911504425
115 0.14131760878405855 0.504424778761062 0.0036600244001626678 0.11504424778761062
126 0.15372102480683206 0.17256637168141592 0.014640097600650671 0.10619469026548672
155 0.15595770638470924 0.47787610619469023 0.013420089467263115 0.1415929203539823
145 0.17486783245221635 0.4579646017699115 0.0073200488003253355 0.15486725663716813
122 0.20069133794225294 0.5287610619469026 0.021553477023180154 0.29646017699115046
6 0.23261488409922731 0.49557522123893805 0.020333468889792598 0.25663716814159293
94 0.2810085400569337 0.31194690265486724 0.07076047173647824 0.022123893805309734
149 0.2517283448556324 0.5022123893805309 0.011386742578283855 0.14601769911504425
115 0.26169174461163075 0.5022123893805309 0.0036600244001626678 0.11061946902654868
211 0.2706384709231395 0.5685840707964601 0.00854005693371289 0.11946902654867256
145 0.2799918666124441 0.14380530973451328 0.0069133794225294835 0.15486725663716813
155 0.2873119154127694 0.47123893805309736 0.013420089467263115 0.13716814159292035
145 0.3064253761691745 0.4491150442477876 0.0077267181781211875 0.15486725663716813
113 0.33001220008133386 0.8738938053097345 0.009353395689304595 0.15486725663716813
182 0.3497356649044327 0.5243362831858407 0.02684017893452623 0.41150442477876104
84 0.34648230988206585 0.9026548672566371 0.013826758845058967 0.05309734513274336
109 0.34953233021553476 0.16592920353982302 0.01667344448962993 0.11061946902654868
211 0.3678324522163481 0.8716814159292036 0.010980073200488003 0.1592920353982301
20 0.3926392842618951 0.5243362831858407 0.011793411956079707 0.7654867256637168
94 0.43615290768605125 0.5176991150442478 0.07523383489223262 0.017699115044247787
126 0.4109394062627084 0.2743362831858407 0.021553477023180154 0.16814159292035397
126 0.43615290768605125 0.7787610619469026 0.021553477023180154 0.16814159292035397
128 0.44082960553070355 0.2610619469026549 0.020333468889792598 0.02654867256637168
145 0.464213094753965 0.22787610619469026 0.010166734444896299 0.252212389380531
39 0.48312322082147213 0.5110619469026548 0.011386742578283855 0.7566371681415929
113 0.4928832858885726 0.17699115044247787 0.009760065067100447 0.1504424778761062
66 0.5052867019113461 0.5176991150442478 0.0036600244001626678 0.035398230088495575
80 0.5244001626677511 0.5287610619469026 0.012606750711671411 0.17256637168141592
94 0.5701504676697845 0.2920353982300885 0.061000406669377796 0.017699115044247787
149 0.5451403009353396 0.5022123893805309 0.010980073200488003 0.17256637168141592
115 0.5536803578690525 0.5398230088495575 0.0028466856445709637 0.10619469026548672
211 0.5595770638470923 0.581858407079646 0.0065067100447336315 0.08407079646017698
145 0.5693371289141927 0.09513274336283185 0.0065067100447336315 0.17256637168141592
155 0.5756405042700284 0.4690265486725664 0.014233428222854819 0.1592920353982301
145 0.5931272875152501 0.4469026548672566 0.0061000406669377795 0.17699115044247787
113 0.6122407482716551 0.577433628318584 0.0069133794225294835 0.11061946902654868
182 0.6256608377389182 0.2920353982300885 0.018300122000813338 0.2920353982300885
84 0.6232208214721432 0.6039823008849557 0.009353395689304595 0.03982300884955752
109 0.6254575030500203 0.04424778761061947 0.011386742578283855 0.07964601769911504
211 0.6376575843838959 0.581858407079646 0.0073200488003253355 0.11061946902654868
20 0.6557543716958113 0.28982300884955753 0.0069133794225294835 0.5353982300884955
94 0.6872712484749898 0.28761061946902655 0.05368035786905246 0.017699115044247787
126 0.6685644570963807 0.11946902654867256 0.015453436356242375 0.11504424778761062
126 0.686661244408296 0.47345132743362833 0.015860105734038225 0.11504424778761062
128 0.6905246034973567 0.11061946902654868 0.014640097600650671 0.017699115044247787
145 0.7074013826758845 0.08849557522123894 0.0061000406669377795 0.17699115044247787
39 0.7202114680764539 0.2831858407079646 0.008133387555917039 0.5309734513274336
113 0.7265148434322896 0.061946902654867256 0.0061000406669377795 0.10619469026548672
20 0.7425782838552257 0.28761061946902655 0.0073200488003253355 0.5309734513274336
115 0.7501016673444489 0.2610619469026549 0.005286701911346075 0.17699115044247787
141 0.7592517283448557 0.28982300884955753 0.01057340382269215 0.11946902654867256
95 0.7714518096787312 0.3163716814159292 0.012200081333875559 0.17256637168141592
20 0.785685237901586 0.2853982300884956 0.004880032533550223 0.22566371681415928
149 0.7948352989019927 0.3163716814159292 0.010980073200488003 0.16371681415929204
115 0.8031720211468076 0.3584070796460177 0.0032533550223668157 0.10619469026548672
211 0.8094753965026433 0.39823008849557523 0.0069133794225294835 0.07964601769911504
155 0.8257421716144774 0.2809734513274336 0.014233428222854819 0.15486725663716813
145 0.8432289548596991 0.25663716814159293 0.0061000406669377795 0.17699115044247787
39 0.8523790158601057 0.2831858407079646 0.0056933712891419274 0.23008849557522124
128 0.8688491256608377 0.27876106194690264 0.015046766978446523 0.017699115044247787
113 0.8853192354615698 0.252212389380531 0.009760065067100447 0.17699115044247787
115 0.9005693371289142 0.252212389380531 0.005286701911346075 0.17699115044247787
141 0.9095160634404229 0.2831858407079646 0.010166734444896299 0.12389380530973451
95 0.9215128100854005 0.30973451327433627 0.012200081333875559 0.17699115044247787
94 0.9623830825538837 0.2743362831858407 0.0524603497356649 0.017699115044247787
126 0.9438796258641724 0.46238938053097345 0.015453436356242375 0.11946902654867256
126 0.9611630744204961 0.10176991150442477 0.015046766978446523 0.11504424778761062
128 0.9650264335095567 0.45132743362831856 0.014640097600650671 0.017699115044247787
145 0.9819032126880846 0.42920353982300885 0.0069133794225294835 0.17699115044247787
39 0.9949166327775518 0.2721238938053097 0.00854005693371289 0.5265486725663717
