204 0.0015416238437821173 0.5144927536231884 0.0030832476875642346 0.6086956521739131
7 0.025179856115107913 0.4528985507246377 0.0328879753340185 0.4420289855072464
189 0.05421377183967112 0.16304347826086957 0.012846865364850977 0.32608695652173914
11 0.08144912641315519 0.4565217391304348 0.03134635149023638 0.4492753623188406
112 0.10226104830421377 0.782608695652174 0.013360739979445016 0.391304347826087
20 0.12127440904419322 0.5253623188405797 0.010277492291880781 0.5869565217391305
149 0.14414182939362796 0.5797101449275363 0.024152106885919837 0.42028985507246375
39 0.1667523124357657 0.5217391304347826 0.009763617677286743 0.5942028985507246
128 0.20169578622816034 0.5217391304347826 0.026207605344295993 0.043478260869565216
7 0.24537512846865364 0.4673913043478261 0.03237410071942446 0.4420289855072464
189 0.2744090441932169 0.17753623188405798 0.012332990750256938 0.32608695652173914
11 0.3011305241521069 0.4673913043478261 0.03186022610483042 0.4420289855072464
112 0.3221993833504625 0.7898550724637681 0.013360739979445016 0.391304347826087
20 0.3406988694758479 0.5253623188405797 0.010277492291880781 0.5869565217391305
161 0.36099691675231244 0.5833333333333334 0.0210688591983556 0.427536231884058
39 0.3823227132579651 0.5289855072463768 0.010277492291880781 0.5942028985507246
204 0.39671120246659813 0.5289855072463768 0.0030832476875642346 0.6086956521739131
121 0.43088386433710174 0.532608695652174 0.026207605344295993 0.4855072463768116
6 0.4786742034943474 0.47101449275362317 0.03134635149023638 0.463768115942029
20 0.5043679342240494 0.532608695652174 0.009763617677286743 0.5869565217391305
126 0.5313463514902363 0.5362318840579711 0.03494347379239466 0.31884057971014496
105 0.5560123329907503 0.4673913043478261 0.010277492291880781 0.4565217391304348
130 0.5763103802672148 0.5362318840579711 0.024152106885919837 0.31884057971014496
20 0.5981500513874615 0.5434782608695652 0.010277492291880781 0.5797101449275363
204 0.6125385405960946 0.5434782608695652 0.0030832476875642346 0.6086956521739131
149 0.6330935251798562 0.6014492753623188 0.024665981500513877 0.42028985507246375
204 0.6541623843782117 0.5507246376811594 0.0030832476875642346 0.6086956521739131
72 0.6749743062692704 0.7065217391304348 0.005652620760534429 0.13768115942028986
204 0.6945015416238438 0.5507246376811594 0.0035971223021582736 0.6086956521739131
161 0.7130010277492292 0.6086956521739131 0.0210688591983556 0.42028985507246375
204 0.7320143884892086 0.5543478260869565 0.0035971223021582736 0.6014492753623188
39 0.7461459403905447 0.5543478260869565 0.010277492291880781 0.5869565217391305
39 0.762589928057554 0.5543478260869565 0.010277492291880781 0.5869565217391305
128 0.7846865364850977 0.2391304347826087 0.020554984583761562 0.043478260869565216
195 0.8075539568345323 0.2028985507246377 0.012846865364850977 0.31884057971014496
155 0.8275950668036999 0.2536231884057971 0.019013360739979446 0.2753623188405797
83 0.8460945529290853 0.2536231884057971 0.011819116135662899 0.2318840579710145
204 0.8612538540596095 0.5579710144927537 0.0030832476875642346 0.6086956521739131
149 0.882065775950668 0.6195652173913043 0.024152106885919837 0.41304347826086957
128 0.9231757451181912 0.5579710144927537 0.026207605344295993 0.043478260869565216
161 0.961459403905447 0.6231884057971014 0.020554984583761562 0.42028985507246375
204 0.9802158273381295 0.5652173913043478 0.0035971223021582736 0.6086956521739131
83 0.9933196300102776 0.2644927536231884 0.011305241521068859 0.2246376811594203
