110 0.07872340425531915 0.5119617224880383 0.1574468085106383 0.8899521531100478
211 0.12553191489361704 0.8851674641148325 0.059574468085106386 0.21052631578947367
163 0.20319148936170214 0.10047846889952153 0.04468085106382979 0.14354066985645933
94 0.5308510638297872 0.5191387559808612 0.4787234042553192 0.03349282296650718
10 0.37127659574468086 0.16267942583732056 0.1425531914893617 0.3253588516746411
145 0.43617021276595747 0.3684210526315789 0.025531914893617023 0.20095693779904306
168 0.5255319148936171 0.7966507177033493 0.0723404255319149 0.21531100478468898
145 0.5063829787234042 0.36602870813397126 0.025531914893617023 0.20574162679425836
20 0.5851063829787234 0.22248803827751196 0.03829787234042553 0.38755980861244016
168 0.6563829787234042 0.2248803827751196 0.07021276595744681 0.21052631578947367
39 0.7351063829787234 0.22248803827751196 0.04042553191489362 0.38755980861244016
75 0.8765957446808511 0.4712918660287081 0.1021276595744681 0.32057416267942584
168 0.9595744680851064 0.5239234449760766 0.0723404255319149 0.21531100478468898
