20 0.008928571428571428 0.5297619047619048 0.017857142857142856 0.8928571428571428
145 0.04117063492063492 0.46428571428571425 0.0248015873015873 0.6190476190476191
155 0.10317460317460317 0.5357142857142857 0.0496031746031746 0.5952380952380952
45 0.17509920634920634 0.44047619047619047 0.050595238095238096 0.6428571428571428
39 0.21428571428571427 0.5238095238095237 0.017857142857142856 0.8809523809523809
75 0.24305555555555555 0.22023809523809523 0.025793650793650792 0.44047619047619047
128 0.277281746031746 0.27976190476190477 0.030753968253968252 0.05952380952380952
195 0.310515873015873 0.23214285714285712 0.021825396825396824 0.41666666666666663
204 0.34871031746031744 0.5178571428571428 0.006944444444444444 0.9166666666666666
20 0.3859126984126984 0.5178571428571428 0.017857142857142856 0.8928571428571428
89 0.42162698412698413 0.5059523809523809 0.037698412698412696 0.8214285714285714
75 0.44940476190476186 0.6666666666666666 0.025793650793650792 0.42857142857142855
72 0.4697420634920635 0.8869047619047619 0.006944444444444444 0.17857142857142855
53 0.49900793650793646 0.7321428571428571 0.025793650793650792 0.2976190476190476
20 0.53125 0.5059523809523809 0.016865079365079364 0.8928571428571428
45 0.5709325396825397 0.42857142857142855 0.050595238095238096 0.6428571428571428
195 0.6106150793650793 0.22023809523809523 0.022817460317460316 0.41666666666666663
39 0.6393849206349206 0.5178571428571428 0.016865079365079364 0.8928571428571428
155 0.6984126984126984 0.5178571428571428 0.0496031746031746 0.5833333333333333
45 0.769345238095238 0.42857142857142855 0.050595238095238096 0.6428571428571428
195 0.8095238095238095 0.22023809523809523 0.021825396825396824 0.41666666666666663
53 0.835813492063492 0.27976190476190477 0.0248015873015873 0.2976190476190476
128 0.8715277777777777 0.26190476190476186 0.03273809523809523 0.07142857142857142
145 0.9067460317460317 0.22023809523809523 0.015873015873015872 0.41666666666666663
39 0.9355158730158729 0.5059523809523809 0.017857142857142856 0.8928571428571428
151 0.9623015873015872 0.6785714285714285 0.007936507936507936 0.09523809523809523
93 0.986111111111111 0.20833333333333331 0.023809523809523808 0.41666666666666663
