161 0.020777479892761394 0.5592783505154639 0.04155495978552279 0.25257731958762886
190 0.028150134048257374 0.3685567010309278 0.032171581769437 0.04639175257731959
20 0.06501340482573727 0.5128865979381443 0.02546916890080429 0.3865979381443299
208 0.10522788203753351 0.5128865979381443 0.04155495978552279 0.34536082474226804
39 0.1494638069705094 0.5051546391752577 0.022788203753351208 0.38144329896907214
84 0.23525469168900806 0.5051546391752577 0.06568364611260054 0.10309278350515463
161 0.32640750670241286 0.5541237113402062 0.04155495978552279 0.25257731958762886
190 0.3331099195710456 0.36597938144329895 0.03351206434316354 0.041237113402061855
75 0.3652815013404826 0.5721649484536082 0.036193029490616625 0.18556701030927836
72 0.39276139410187666 0.6701030927835051 0.010723860589812333 0.08247422680412371
53 0.4336461126005362 0.6005154639175257 0.03351206434316354 0.12886597938144329
20 0.47788203753351205 0.5051546391752577 0.02546916890080429 0.3917525773195876
208 0.5187667560321716 0.5103092783505154 0.04289544235924933 0.3402061855670103
39 0.5630026809651475 0.5051546391752577 0.02412868632707775 0.38144329896907214
84 0.6487935656836461 0.5025773195876289 0.06702412868632708 0.0979381443298969
75 0.7365951742627346 0.09536082474226804 0.036193029490616625 0.19072164948453607
182 0.7815013404825737 0.5 0.1126005361930295 0.4639175257731959
105 0.735254691689008 0.8943298969072164 0.020107238605898123 0.18041237113402062
84 0.7768096514745308 0.9175257731958762 0.04691689008042896 0.08247422680412371
128 0.7828418230563002 0.11855670103092783 0.04289544235924933 0.030927835051546393
211 0.8230563002680965 0.8969072164948454 0.032171581769437 0.18556701030927836
93 0.8277479892761395 0.10051546391752578 0.030831099195710455 0.18041237113402062
64 0.8853887399463807 0.5154639175257731 0.0388739946380697 0.18556701030927836
105 0.9162198391420912 0.5695876288659794 0.020107238605898123 0.18041237113402062
208 0.9550938337801609 0.5051546391752577 0.04155495978552279 0.3402061855670103
105 0.9872654155495979 0.5721649484536082 0.020107238605898123 0.17525773195876287
