22 0.07142857142857144 0.40566037735849053 0.14285714285714288 0.7358490566037735
105 0.1495956873315364 0.6981132075471698 0.01886792452830189 0.4528301886792453
3 0.2115902964959569 0.4150943396226415 0.09973045822102426 0.7547169811320754
178 0.3638814016172507 0.4811320754716981 0.09703504043126684 0.660377358490566
89 0.4892183288409704 0.4811320754716981 0.07277628032345014 0.9622641509433962
105 0.5296495956873316 0.6981132075471698 0.01886792452830189 0.4528301886792453
3 0.5929919137466307 0.4245283018867924 0.09703504043126684 0.7358490566037735
178 0.7466307277628033 0.49056603773584906 0.09703504043126684 0.6792452830188679
30 0.894878706199461 0.4245283018867924 0.09703504043126684 0.7358490566037735
158 0.9784366576819408 0.21698113207547168 0.0215633423180593 0.2830188679245283
105 0.9838274932614556 0.7169811320754716 0.0215633423180593 0.4528301886792453
