149 0.024731182795698924 0.6551724137931034 0.04946236559139785 0.6436781609195402
20 0.07580645161290323 0.5172413793103449 0.024731182795698924 0.8735632183908046
212 0.11021505376344086 0.5114942528735632 0.03333333333333333 0.8390804597701149
39 0.14677419354838708 0.5287356321839081 0.024731182795698924 0.8735632183908046
84 0.2075268817204301 0.5172413793103449 0.05591397849462366 0.22988505747126436
149 0.2682795698924731 0.6436781609195402 0.04838709677419355 0.6436781609195402
168 0.3086021505376344 0.27011494252873564 0.021505376344086023 0.28735632183908044
128 0.34946236559139787 0.1954022988505747 0.034408602150537634 0.04597701149425287
145 0.39408602150537636 0.20689655172413793 0.02043010752688172 0.41379310344827586
20 0.43709677419354837 0.5287356321839081 0.024731182795698924 0.8735632183908046
212 0.471505376344086 0.5229885057471264 0.03333333333333333 0.8390804597701149
72 0.5021505376344086 0.8103448275862069 0.012903225806451613 0.26436781609195403
212 0.55 0.5229885057471264 0.03333333333333333 0.8390804597701149
148 0.5612903225806452 0.034482758620689655 0.03870967741935484 0.04597701149425287
39 0.5860215053763441 0.5402298850574713 0.023655913978494623 0.8735632183908046
155 0.646774193548387 0.5459770114942528 0.05698924731182796 0.6091954022988506
141 0.7118279569892473 0.5689655172413793 0.03870967741935484 0.4482758620689655
20 0.7586021505376344 0.5402298850574713 0.024731182795698924 0.8735632183908046
204 0.782258064516129 0.5459770114942528 0.005376344086021506 0.8620689655172413
212 0.8118279569892473 0.5344827586206896 0.034408602150537634 0.8390804597701149
204 0.8446236559139785 0.5517241379310345 0.005376344086021506 0.8505747126436781
168 0.8661290322580645 0.29310344827586204 0.02043010752688172 0.28735632183908044
128 0.9075268817204301 0.21839080459770116 0.034408602150537634 0.04597701149425287
145 0.9526881720430107 0.22988505747126436 0.01935483870967742 0.41379310344827586
39 0.986021505376344 0.5459770114942528 0.023655913978494623 0.8620689655172413
