50 0.06159420289855073 0.4293478260869565 0.12318840579710146 0.6195652173913043
176 0.15760869565217392 0.5054347826086957 0.057971014492753624 0.9021739130434783
143 0.24094202898550726 0.5380434782608695 0.09057971014492754 0.40217391304347827
54 0.32608695652173914 0.733695652173913 0.06521739130434782 0.2934782608695652
145 0.391304347826087 0.8260869565217391 0.025362318840579712 0.30434782608695654
54 0.4628623188405797 0.7391304347826086 0.06340579710144928 0.2826086956521739
195 0.5280797101449275 0.8152173913043478 0.03804347826086957 0.30434782608695654
174 0.6693840579710145 0.5108695652173912 0.09963768115942029 0.3913043478260869
80 0.7572463768115942 0.7391304347826086 0.043478260869565216 0.2826086956521739
6 0.8876811594202899 0.4293478260869565 0.09782608695652174 0.6630434782608695
189 0.9719202898550725 0.21195652173913043 0.04891304347826087 0.42391304347826086
