69 0.01624405705229794 0.6428571428571429 0.03248811410459588 0.6363636363636364
84 0.07369255150554675 0.512987012987013 0.03803486529318542 0.24675324675324678
133 0.12717908082408874 0.4415584415584416 0.026148969889064975 0.6753246753246753
128 0.17789223454833597 0.5064935064935066 0.03565768621236133 0.07792207792207792
189 0.2290015847860539 0.4350649350649351 0.02377179080824089 0.6883116883116883
75 0.25950871632329636 0.4090909090909091 0.027733755942947705 0.6883116883116883
155 0.30942947702060225 0.5 0.03882725832012678 0.6363636363636364
20 0.3573692551505547 0.49350649350649356 0.014263074484944533 0.9610389610389611
53 0.3835182250396197 0.525974025974026 0.025356576862123614 0.4545454545454546
155 0.4358161648177496 0.49350649350649356 0.039619651347068144 0.6233766233766234
57 0.4853407290015848 0.4025974025974026 0.0213946117274168 0.7012987012987013
39 0.5067353407290016 0.48701298701298706 0.01347068145800317 0.9480519480519481
155 0.554675118858954 0.48701298701298706 0.03803486529318542 0.6363636363636364
195 0.6049920760697306 0.3961038961038961 0.024564183835182253 0.6623376623376623
20 0.631933438985737 0.48051948051948057 0.01347068145800317 0.9610389610389611
75 0.6588748019017433 0.38961038961038963 0.027733755942947705 0.7012987012987013
128 0.7095879556259905 0.48051948051948057 0.03565768621236133 0.07792207792207792
195 0.7591125198098257 0.4025974025974026 0.02377179080824089 0.6753246753246753
39 0.78486529318542 0.48051948051948057 0.01347068145800317 0.9610389610389611
128 0.8312202852614897 0.4740259740259741 0.03486529318541997 0.06493506493506494
189 0.8811410459587956 0.4090909090909091 0.022187004754358162 0.6883116883116883
84 0.9330427892234548 0.4740259740259741 0.03724247226624406 0.24675324675324678
211 0.9857369255150555 0.4090909090909091 0.025356576862123614 0.6883116883116883
