155 0.02879581151832461 0.5 0.05759162303664922 0.2631578947368421
201 0.11204188481675394 0.5478468899521531 0.04607329842931938 0.29186602870813394
168 0.15235602094240838 0.6794258373205742 0.024083769633507855 0.15311004784688995
168 0.19057591623036652 0.5095693779904306 0.0356020942408377 0.21531100478468898
20 0.26649214659685866 0.5 0.042931937172774874 0.9617224880382774
11 0.3272251308900524 0.46411483253588515 0.06387434554973823 0.2966507177033493
168 0.36806282722513095 0.6818181818181818 0.024083769633507855 0.14832535885167464
66 0.41937172774869114 0.5 0.01361256544502618 0.06220095693779904
94 0.5136125654450262 0.5095693779904306 0.10575916230366493 0.03349282296650718
11 0.4958115183246074 0.16028708133971292 0.06387434554973823 0.29186602870813394
168 0.5104712041884817 0.7822966507177033 0.034554973821989535 0.21531100478468898
188 0.5429319371727749 0.34688995215311 0.03036649214659686 0.21531100478468898
155 0.6298429319371729 0.5095693779904306 0.05549738219895289 0.2631578947368421
11 0.7188481675392671 0.4688995215311005 0.06387434554973823 0.2966507177033493
168 0.7586387434554974 0.6866028708133971 0.024083769633507855 0.14832535885167464
66 0.8104712041884817 0.507177033492823 0.012565445026178013 0.057416267942583726
94 0.8963350785340315 0.5119617224880383 0.09005235602094241 0.028708133971291863
89 0.8842931937172775 0.19617224880382775 0.05968586387434555 0.3923444976076555
168 0.8942408376963352 0.7870813397129186 0.0356020942408377 0.21531100478468898
188 0.9188481675392671 0.35167464114832536 0.03036649214659686 0.21531100478468898
39 0.9764397905759163 0.5095693779904306 0.042931937172774874 0.9617224880382774
