12 0.03991596638655462 0.4 0.07983193277310924 0.7058823529411764
6 0.12745098039215685 0.3941176470588235 0.07282913165266107 0.7176470588235294
7 0.21218487394957983 0.4 0.07983193277310924 0.6823529411764706
20 0.28361344537815125 0.48823529411764705 0.02661064425770308 0.9764705882352941
53 0.3354341736694678 0.5176470588235293 0.0546218487394958 0.44705882352941173
145 0.3900560224089636 0.6529411764705882 0.02661064425770308 0.4588235294117647
72 0.43557422969187676 0.7647058823529411 0.014005602240896359 0.2823529411764706
53 0.5007002801120448 0.5176470588235293 0.0546218487394958 0.44705882352941173
195 0.553921568627451 0.6529411764705882 0.0350140056022409 0.4588235294117647
72 0.6001400560224089 0.7647058823529411 0.015406162464985995 0.2823529411764706
53 0.665266106442577 0.5176470588235293 0.05322128851540616 0.44705882352941173
189 0.719187675070028 0.6588235294117647 0.037815126050420166 0.47058823529411764
39 0.7682072829131653 0.4823529411764706 0.02661064425770308 0.9647058823529412
84 0.8711484593837535 0.4764705882352941 0.07563025210084033 0.24705882352941178
145 0.9775910364145658 0.40588235294117647 0.0392156862745098 0.6470588235294118
