30 0.03536754507628294 0.33146067415730335 0.07073509015256588 0.6404494382022472
112 0.08737864077669903 0.7022471910112359 0.030513176144244106 0.5056179775280899
84 0.1900138696255201 0.42134831460674155 0.07489597780859918 0.21348314606741572
20 0.28918169209431344 0.42696629213483145 0.02635228848821082 0.8539325842696629
207 0.33703190013869627 0.449438202247191 0.05825242718446602 0.42696629213483145
112 0.38626907073509015 0.7247191011235955 0.02912621359223301 0.5056179775280899
72 0.4209431345353676 0.6853932584269663 0.018030513176144243 0.24719101123595505
209 0.47156726768377255 0.5449438202247191 0.05270457697642164 0.6179775280898876
112 0.5159500693481276 0.7247191011235955 0.030513176144244106 0.5056179775280899
39 0.5485436893203883 0.43258426966292135 0.02635228848821082 0.8651685393258427
20 0.6005547850208045 0.4382022471910112 0.027739251040221916 0.8539325842696629
105 0.6345353675450763 0.3651685393258427 0.023578363384188627 0.6179775280898876
84 0.7337031900138696 0.4438202247191011 0.07489597780859918 0.21348314606741572
145 0.8439667128987518 0.3595505617977528 0.0319001386962552 0.651685393258427
72 0.8890429958391124 0.7078651685393258 0.016643550624133148 0.24719101123595505
195 0.9403606102635229 0.3595505617977528 0.049930651872399444 0.651685393258427
39 0.9840499306518724 0.449438202247191 0.02635228848821082 0.8539325842696629
