6 0.03179190751445087 0.5280373831775701 0.06358381502890174 0.5887850467289719
56 0.0861271676300578 0.23364485981308408 0.026589595375722544 0.22429906542056072
56 0.12658959537572256 0.2289719626168224 0.026589595375722544 0.23364485981308408
71 0.20404624277456648 0.6121495327102803 0.012716763005780347 0.40186915887850466
84 0.254335260115607 0.5981308411214953 0.06242774566473989 0.205607476635514
6 0.36589595375722545 0.5186915887850467 0.06358381502890174 0.5887850467289719
30 0.4346820809248555 0.5233644859813084 0.06011560693641619 0.5607476635514018
145 0.4861271676300578 0.19626168224299065 0.012716763005780347 0.3925233644859813
58 0.5323699421965318 0.5981308411214953 0.035838150289017344 0.7663551401869159
23 0.5809248554913296 0.5934579439252337 0.031213872832369944 0.7570093457943925
211 0.6323699421965319 0.5233644859813084 0.04624277456647399 0.5794392523364486
169 0.6890173410404624 0.6728971962616822 0.013872832369942197 0.5046728971962616
145 0.7601156069364162 0.514018691588785 0.021965317919075147 0.5607476635514018
169 0.8173410404624278 0.6682242990654205 0.013872832369942197 0.514018691588785
109 0.9098265895953758 0.6214953271028036 0.08554913294797688 0.3644859813084112
24 0.9815028901734104 0.5934579439252337 0.0323699421965318 0.7570093457943925
