53 0.022093023255813953 0.5297619047619048 0.044186046511627906 0.46428571428571425
211 0.062209302325581396 0.7619047619047619 0.031395348837209305 0.42857142857142855
20 0.10930232558139535 0.4880952380952381 0.027906976744186046 0.9047619047619047
210 0.14418604651162792 0.5178571428571428 0.03953488372093023 0.44047619047619047
20 0.19127906976744186 0.4880952380952381 0.026744186046511628 0.9047619047619047
205 0.24011627906976743 0.5059523809523809 0.05697674418604651 0.46428571428571425
39 0.2854651162790698 0.4880952380952381 0.026744186046511628 0.9047619047619047
72 0.31627906976744186 0.7559523809523809 0.013953488372093023 0.25
205 0.3784883720930233 0.5 0.05697674418604651 0.47619047619047616
148 0.3872093023255814 0.11309523809523808 0.03255813953488372 0.05952380952380952
39 0.425 0.4880952380952381 0.026744186046511628 0.9047619047619047
84 0.49186046511627907 0.47023809523809523 0.06046511627906977 0.22619047619047616
89 0.5715116279069767 0.4583333333333333 0.06162790697674418 0.9166666666666666
20 0.6290697674418605 0.46428571428571425 0.027906976744186046 0.9047619047619047
210 0.663953488372093 0.4880952380952381 0.03953488372093023 0.45238095238095233
20 0.7122093023255814 0.46428571428571425 0.026744186046511628 0.9047619047619047
205 0.7604651162790698 0.4821428571428571 0.05813953488372093 0.46428571428571425
39 0.8063953488372093 0.46428571428571425 0.026744186046511628 0.9047619047619047
39 0.838953488372093 0.4583333333333333 0.026744186046511628 0.9166666666666666
135 0.9052325581395348 0.45238095238095233 0.06162790697674418 0.7142857142857142
211 0.9761627906976744 0.3630952380952381 0.043023255813953484 0.7023809523809523
