89 0.040287769784172665 0.546875 0.08057553956834533 0.640625
211 0.0841726618705036 0.80859375 0.041726618705035974 0.3515625
71 0.12949640287769784 0.578125 0.017266187050359712 0.34375
49 0.24316546762589927 0.49609375 0.11510791366906475 0.4609375
167 0.39784172661870504 0.56640625 0.10503597122302158 0.2109375
34 0.5453237410071943 0.55859375 0.08633093525179857 0.6171875
16 0.6115107913669064 0.8046875 0.0460431654676259 0.34375
20 0.6733812949640288 0.5703125 0.02877697841726619 0.625
35 0.7424460431654677 0.5 0.08345323741007195 0.46875
195 0.8179856115107914 0.18359375 0.03597122302158273 0.3359375
155 0.8733812949640288 0.2265625 0.051798561151079135 0.28125
101 0.9287769784172663 0.17578125 0.03884892086330936 0.3515625
39 0.9841726618705037 0.5703125 0.025899280575539568 0.625
