20 0.012612107623318386 0.5311355311355311 0.02522421524663677 0.9230769230769231
110 0.04876681614349776 0.5311355311355311 0.04147982062780269 0.6886446886446886
211 0.061659192825112105 0.8186813186813187 0.01569506726457399 0.16483516483516483
195 0.08183856502242152 0.19413919413919414 0.014573991031390135 0.16117216117216118
154 0.10173766816143498 0.21794871794871795 0.016255605381165918 0.11355311355311355
12 0.14265695067264575 0.4945054945054945 0.0397982062780269 0.2490842490842491
195 0.1743273542600897 0.3553113553113553 0.014573991031390135 0.16117216117216118
20 0.21692825112107622 0.5293040293040293 0.02466367713004484 0.9194139194139194
94 0.30577354260089684 0.5402930402930403 0.13957399103139012 0.02564102564102564
89 0.2528026905829596 0.32051282051282054 0.03139013452914798 0.304029304029304
20 0.2799887892376682 0.32783882783882784 0.010650224215246636 0.2967032967032967
163 0.2883968609865471 0.8076923076923077 0.017376681614349774 0.1575091575091575
163 0.3001681614349776 0.32967032967032966 0.017376681614349774 0.15384615384615385
25 0.3155829596412556 0.6575091575091575 0.02466367713004484 0.1575091575091575
72 0.312780269058296 0.4065934065934066 0.005605381165919282 0.06593406593406594
188 0.3422085201793722 0.2967032967032967 0.021860986547085202 0.23443223443223443
39 0.36519058295964124 0.3315018315018315 0.010650224215246636 0.2967032967032967
72 0.38845291479820626 0.6172161172161172 0.005605381165919282 0.0695970695970696
94 0.5058856502242153 0.5402930402930403 0.1922645739910314 0.02564102564102564
89 0.4260089686098655 0.31868131868131866 0.03139013452914798 0.30036630036630035
20 0.44506726457399104 0.8095238095238095 0.011210762331838564 0.30036630036630035
20 0.45347533632286996 0.3315018315018315 0.011210762331838564 0.2967032967032967
163 0.4655269058295964 0.8113553113553114 0.017376681614349774 0.1575091575091575
163 0.4733744394618834 0.3315018315018315 0.017376681614349774 0.1575091575091575
176 0.48402466367713004 0.8113553113553114 0.017376681614349774 0.304029304029304
176 0.492152466367713 0.3333333333333333 0.016816143497757848 0.3076923076923077
195 0.5089686098654709 0.7747252747252747 0.021300448430493273 0.23076923076923078
195 0.5173766816143498 0.2948717948717949 0.021300448430493273 0.23076923076923078
39 0.5305493273542601 0.8076923076923077 0.010650224215246636 0.2967032967032967
72 0.538396860986547 0.4084249084249084 0.00616591928251121 0.0695970695970696
25 0.5557735426008968 0.6575091575091575 0.02522421524663677 0.1575091575091575
188 0.5678251121076233 0.30036630036630035 0.02242152466367713 0.23443223443223443
39 0.5913677130044843 0.3315018315018315 0.011210762331838564 0.2967032967032967
39 0.6205156950672646 0.532967032967033 0.02466367713004484 0.9194139194139194
75 0.6743273542600897 0.5036630036630036 0.028026905829596414 0.2454212454212454
188 0.7009529147982063 0.5054945054945055 0.02298206278026906 0.23443223443223443
39 0.7295403587443946 0.532967032967033 0.02522421524663677 0.9194139194139194
145 0.7614910313901345 0.08241758241758242 0.0072869955156950675 0.1575091575091575
176 0.7785874439461883 0.10622710622710622 0.011210762331838564 0.20512820512820512
195 0.7962443946188341 0.08058608058608059 0.015134529147982063 0.16117216117216118
121 0.8396860986547086 0.5439560439560439 0.02914798206278027 0.2454212454212454
6 0.8918161434977578 0.5128205128205128 0.033632286995515695 0.23443223443223443
145 0.9142376681614349 0.6575091575091575 0.006726457399103139 0.1575091575091575
158 0.9159192825112108 0.37362637362637363 0.007847533632286996 0.11721611721611722
163 0.9372197309417041 0.5476190476190477 0.017937219730941704 0.1575091575091575
116 0.9571188340807175 0.3626373626373626 0.015134529147982063 0.16117216117216118
176 0.9742152466367713 0.38644688644688646 0.01233183856502242 0.21611721611721613
195 0.9915919282511211 0.3626373626373626 0.014573991031390135 0.1684981684981685
