94 0.05136612021857923 0.5520361990950227 0.10273224043715846 0.01809954751131222
205 0.03169398907103825 0.8167420814479639 0.0546448087431694 0.17647058823529413
205 0.03224043715846994 0.30090497737556565 0.053551912568306013 0.17647058823529413
195 0.07595628415300547 0.16289592760180996 0.0273224043715847 0.16289592760180996
195 0.07595628415300547 0.38914027149321273 0.0273224043715847 0.16289592760180996
195 0.07595628415300547 0.6787330316742082 0.0273224043715847 0.16289592760180996
145 0.07540983606557378 0.909502262443439 0.019672131147540982 0.16289592760180996
205 0.1644808743169399 0.5588235294117647 0.053551912568306013 0.17647058823529413
145 0.2087431693989071 0.6515837104072398 0.019672131147540982 0.16289592760180996
158 0.2087431693989071 0.4389140271493213 0.013114754098360656 0.0995475113122172
128 0.27759562841530055 0.5542986425339367 0.05683060109289617 0.022624434389140274
94 0.43989071038251365 0.5475113122171946 0.2262295081967213 0.01809954751131222
177 0.3650273224043716 0.2556561085972851 0.07431693989071038 0.5113122171945702
205 0.42185792349726775 0.8167420814479639 0.05245901639344262 0.17647058823529413
195 0.4245901639344262 0.2081447963800905 0.040437158469945354 0.26244343891402716
145 0.46612021857923497 0.904977375565611 0.020765027322404372 0.16289592760180996
205 0.48579234972677593 0.24208144796380093 0.053551912568306013 0.17647058823529413
195 0.5295081967213114 0.330316742081448 0.029508196721311476 0.16289592760180996
205 0.614207650273224 0.5542986425339367 0.0546448087431694 0.17647058823529413
195 0.6579234972677596 0.6425339366515838 0.028415300546448086 0.16289592760180996
158 0.6584699453551912 0.4298642533936652 0.012021857923497269 0.0995475113122172
155 0.7256830601092896 0.5452488687782806 0.05683060109289617 0.2398190045248869
205 0.8016393442622951 0.5542986425339367 0.053551912568306013 0.17647058823529413
189 0.8459016393442623 0.6447963800904978 0.02622950819672131 0.16742081447963802
158 0.8459016393442623 0.4298642533936652 0.013114754098360656 0.0995475113122172
84 0.9109289617486339 0.5452488687782806 0.05792349726775956 0.08597285067873305
211 0.9781420765027322 0.5090497737556562 0.039344262295081964 0.26696832579185525
