6 0.072 0.4841269841269841 0.144 0.9682539682539681
56 0.19866666666666666 0.24603174603174602 0.06133333333333333 0.3968253968253968
104 0.2853333333333333 0.6587301587301587 0.058666666666666666 0.07936507936507936
53 0.3853333333333333 0.6507936507936507 0.09866666666666667 0.6031746031746031
64 0.48533333333333334 0.6507936507936507 0.08 0.6031746031746031
186 0.5746666666666667 0.5396825396825397 0.06666666666666667 0.8253968253968254
105 0.652 0.5 0.04533333333333333 0.873015873015873
141 0.7386666666666667 0.6507936507936507 0.096 0.6031746031746031
130 0.856 0.6507936507936507 0.112 0.5714285714285714
168 0.96 0.6507936507936507 0.06933333333333333 0.6031746031746031
