20 0.026027397260273973 0.48275862068965514 0.052054794520547946 0.9425287356321839
53 0.12602739726027398 0.5172413793103449 0.10410958904109589 0.4367816091954023
158 0.2136986301369863 0.1781609195402299 0.038356164383561646 0.3333333333333333
145 0.23287671232876714 0.7471264367816092 0.0547945205479452 0.4367816091954023
72 0.32054794520547947 0.7586206896551724 0.0273972602739726 0.27586206896551724
53 0.44931506849315067 0.5172413793103449 0.10410958904109589 0.4367816091954023
195 0.552054794520548 0.735632183908046 0.0684931506849315 0.45977011494252873
158 0.5356164383561643 0.1724137931034483 0.03561643835616438 0.3448275862068966
72 0.6397260273972603 0.7586206896551724 0.030136986301369864 0.27586206896551724
53 0.7698630136986302 0.5172413793103449 0.10410958904109589 0.4367816091954023
158 0.8575342465753425 0.1724137931034483 0.038356164383561646 0.3448275862068966
189 0.873972602739726 0.7471264367816092 0.07123287671232877 0.45977011494252873
39 0.9684931506849315 0.4942528735632184 0.052054794520547946 0.9425287356321839
