200 0.01054481546572935 0.5471698113207547 0.0210896309314587 0.3584905660377358
205 0.041007615700058585 0.5471698113207547 0.032806092560046865 0.3584905660377358
155 0.08875219683655536 0.5094339622641509 0.03222026947861746 0.5094339622641509
210 0.13093145869947276 0.5377358490566038 0.020503807850029292 0.3584905660377358
96 0.1543643819566491 0.3632075471698113 0.019332161687170474 0.3490566037735849
128 0.1974223784417106 0.5094339622641509 0.029291154071470416 0.03773584905660377
94 0.24223784417106034 0.5047169811320754 0.019332161687170474 0.02830188679245283
93 0.24253075571177504 0.7924528301886792 0.016403046280023433 0.3773584905660377
145 0.24282366725248974 0.22169811320754715 0.011130638547158758 0.36792452830188677
84 0.29056824838898654 0.5047169811320754 0.03163444639718805 0.1981132075471698
211 0.3350908025776216 0.4433962264150943 0.0210896309314587 0.5471698113207547
72 0.35442296426479203 0.7264150943396226 0.005858230814294083 0.22641509433962265
200 0.39689513766842416 0.5283018867924528 0.021675454012888107 0.3584905660377358
84 0.442589338019918 0.49528301886792453 0.03222026947861746 0.1981132075471698
207 0.48886936145284127 0.5188679245283019 0.02401874633860574 0.3584905660377358
155 0.5322202694786174 0.49056603773584906 0.03222026947861746 0.5283018867924528
94 0.5770357352079672 0.49056603773584906 0.01991798476859988 0.03773584905660377
195 0.5770357352079672 0.7735849056603773 0.015231400117164616 0.3773584905660377
145 0.5770357352079672 0.20283018867924527 0.011716461628588167 0.36792452830188677
128 0.6218512009373169 0.4811320754716981 0.029876977152899824 0.03773584905660377
186 0.6596367896895138 0.4386792452830188 0.014059753954305799 0.5
72 0.6754540128881078 0.7075471698113207 0.005858230814294083 0.22641509433962265
205 0.723784417106034 0.5094339622641509 0.03222026947861746 0.3584905660377358
84 0.7750439367311072 0.47641509433962265 0.03163444639718805 0.1981132075471698
207 0.820738137082601 0.5 0.02460456942003515 0.3584905660377358
155 0.864381956649092 0.4716981132075472 0.03222026947861746 0.5283018867924528
94 0.908904510837727 0.4716981132075472 0.019332161687170474 0.03773584905660377
195 0.908904510837727 0.75 0.014645577035735208 0.36792452830188677
145 0.9091974223784417 0.18396226415094338 0.011716461628588167 0.36792452830188677
155 0.9540128881077915 0.4669811320754717 0.03222026947861746 0.5188679245283019
186 0.9915055653192736 0.41981132075471694 0.014645577035735208 0.5
