95 0.01826994780014914 0.6388888888888888 0.03653989560029828 0.4841269841269841
195 0.04548844146159582 0.8095238095238095 0.019388516032811335 0.3492063492063492
195 0.06972408650260999 0.8055555555555555 0.020134228187919462 0.3571428571428571
20 0.0976882923191648 0.5674603174603174 0.014914243102162564 0.6428571428571428
209 0.1297539149888143 0.6388888888888888 0.034302759134973895 0.46825396825396826
39 0.16331096196868009 0.5714285714285714 0.014914243102162564 0.6507936507936507
84 0.2181208053691275 0.5674603174603174 0.041014168530947054 0.18253968253968253
17 0.2867263236390753 0.5 0.048471290082028336 0.49206349206349204
195 0.32475764354958986 0.1746031746031746 0.020134228187919462 0.3492063492063492
204 0.3486204325130499 0.5674603174603174 0.005219985085756897 0.6746031746031745
209 0.3777032065622669 0.6349206349206349 0.03355704697986577 0.47619047619047616
204 0.40827740492170017 0.5674603174603174 0.005219985085756897 0.6746031746031745
195 0.42953020134228187 0.1746031746031746 0.019388516032811335 0.3492063492063492
17 0.4604772557792692 0.17857142857142855 0.03206562266964951 0.3412698412698413
128 0.49813571961222963 0.21428571428571427 0.029828486204325128 0.047619047619047616
195 0.5309470544369873 0.1746031746031746 0.019388516032811335 0.3492063492063492
155 0.5838926174496644 0.5714285714285714 0.040268456375838924 0.42857142857142855
211 0.6491424310216256 0.5 0.04548844146159582 0.5079365079365079
20 0.6838180462341535 0.5634920634920635 0.014914243102162564 0.6507936507936507
204 0.7043251304996271 0.5674603174603174 0.005219985085756897 0.6746031746031745
209 0.7334079045488441 0.6349206349206349 0.03355704697986577 0.47619047619047616
204 0.7636092468307233 0.5674603174603174 0.0044742729306487695 0.6746031746031745
195 0.7844891871737508 0.1746031746031746 0.019388516032811335 0.3492063492063492
17 0.8150633855331841 0.17857142857142855 0.03131991051454139 0.3412698412698413
128 0.8527218493661446 0.21825396825396826 0.029082774049217 0.03968253968253968
195 0.8851603281133482 0.1746031746031746 0.019388516032811335 0.3492063492063492
155 0.9142431021625652 0.22619047619047616 0.026845637583892617 0.2936507936507936
195 0.9436987322893362 0.1746031746031746 0.020134228187919462 0.3492063492063492
83 0.965324384787472 0.23015873015873015 0.017151379567486948 0.25396825396825395
39 0.9914243102162564 0.5714285714285714 0.014168530947054435 0.6507936507936507
