113 0.02292768959435626 0.39215686274509803 0.04585537918871252 0.7843137254901961
4 0.07142857142857142 0.47058823529411764 0.02292768959435626 0.9411764705882353
196 0.11728395061728394 0.5490196078431373 0.04409171075837742 0.5098039215686274
72 0.15520282186948853 0.803921568627451 0.01763668430335097 0.27450980392156865
200 0.21869488536155202 0.5490196078431373 0.03880070546737213 0.5098039215686274
72 0.25308641975308643 0.803921568627451 0.015873015873015872 0.27450980392156865
186 0.3077601410934744 0.4803921568627451 0.026455026455026454 0.6470588235294118
5 0.3439153439153439 0.4803921568627451 0.021164021164021163 0.9215686274509803
174 0.4171075837742504 0.46078431372549017 0.06525573192239859 0.29411764705882354
113 0.5061728395061729 0.4019607843137255 0.04585537918871252 0.803921568627451
4 0.5537918871252204 0.49019607843137253 0.021164021164021163 0.9411764705882353
196 0.6005291005291005 0.5392156862745098 0.04409171075837742 0.5294117647058824
72 0.6393298059964726 0.7941176470588235 0.015873015873015872 0.29411764705882354
200 0.7028218694885361 0.5490196078431373 0.04056437389770723 0.5098039215686274
72 0.738095238095238 0.7843137254901961 0.015873015873015872 0.27450980392156865
45 0.8165784832451499 0.4215686274509804 0.06349206349206349 0.7647058823529411
5 0.8686067019400352 0.49019607843137253 0.02292768959435626 0.9411764705882353
176 0.9029982363315696 0.46078431372549017 0.024691358024691357 0.9215686274509803
46 0.9638447971781304 0.4019607843137255 0.06525573192239859 0.803921568627451
