86 0.027181688125894134 0.6106557377049181 0.05436337625178827 0.5
70 0.117310443490701 0.5286885245901639 0.04864091559370529 0.2868852459016394
89 0.21745350500715308 0.5163934426229508 0.08011444921316166 0.6721311475409837
20 0.2854077253218884 0.5327868852459017 0.027181688125894134 0.6721311475409837
207 0.3469241773962804 0.5450819672131147 0.07010014306151645 0.36885245901639346
39 0.4105865522174535 0.5368852459016393 0.02861230329041488 0.6639344262295083
84 0.5135908440629471 0.5368852459016393 0.07725321888412018 0.18852459016393444
182 0.655937052932761 0.5327868852459017 0.11301859799713877 0.7049180327868853
17 0.7567954220314735 0.1762295081967213 0.06294706723891273 0.3524590163934426
105 0.7374821173104434 0.7991803278688525 0.02145922746781116 0.3524590163934426
84 0.7861230329041488 0.8360655737704918 0.05293276108726752 0.13114754098360656
145 0.8426323319027181 0.7950819672131147 0.017167381974248927 0.3442622950819672
149 0.9320457796852647 0.6106557377049181 0.06723891273247497 0.4836065573770492
105 0.9864091559370529 0.8032786885245902 0.02145922746781116 0.36065573770491804
