101 0.017255892255892254 0.30733944954128445 0.03451178451178451 0.6146788990825689
20 0.055134680134680134 0.3990825688073395 0.017676767676767676 0.7431192660550459
149 0.09343434343434343 0.47247706422018354 0.0404040404040404 0.5412844036697249
72 0.14183501683501684 0.6009174311926606 0.009259259259259259 0.1743119266055046
154 0.18897306397306396 0.41284403669724773 0.03787878787878788 0.4036697247706422
149 0.22769360269360267 0.7889908256880734 0.027777777777777776 0.3669724770642202
39 0.2609427609427609 0.4036697247706422 0.016835016835016835 0.7522935779816514
84 0.32154882154882153 0.3944954128440367 0.045454545454545456 0.22018348623853212
3 0.39604377104377103 0.3211009174311927 0.047979797979797977 0.5688073394495413
149 0.43686868686868685 0.7889908256880734 0.026936026936026935 0.3853211009174312
20 0.47053872053872053 0.3944954128440367 0.016835016835016835 0.7522935779816514
196 0.5063131313131313 0.4036697247706422 0.03451178451178451 0.4036697247706422
72 0.5500841750841751 0.6009174311926606 0.009259259259259259 0.1743119266055046
196 0.5946969696969697 0.40825688073394495 0.03451178451178451 0.41284403669724773
39 0.6283670033670034 0.3944954128440367 0.015993265993265993 0.7522935779816514
155 0.6847643097643097 0.3944954128440367 0.04461279461279461 0.4954128440366973
3 0.755050505050505 0.3165137614678899 0.04713804713804714 0.5596330275229358
149 0.7954545454545454 0.7844036697247707 0.026936026936026935 0.3761467889908257
20 0.829124579124579 0.38990825688073394 0.016835016835016835 0.7431192660550459
200 0.8623737373737373 0.3944954128440367 0.03451178451178451 0.4036697247706422
72 0.9099326599326599 0.5963302752293578 0.008417508417508417 0.1651376146788991
200 0.9524410774410774 0.3944954128440367 0.03451178451178451 0.4036697247706422
39 0.9898989898989898 0.3990825688073395 0.016835016835016835 0.7431192660550459
