94 0.49709302325581395 0.48484848484848486 0.9941860465116279 0.030303030303030304
93 0.05813953488372093 0.7272727272727273 0.11046511627906977 0.2828282828282829
154 0.20784883720930233 0.787878787878788 0.11918604651162791 0.19191919191919193
59 0.3808139534883721 0.19444444444444445 0.12790697674418605 0.37878787878787884
128 0.4113372093023256 0.7676767676767677 0.14825581395348836 0.030303030303030304
76 0.5261627906976745 0.148989898989899 0.09883720930232558 0.297979797979798
115 0.5581395348837209 0.7323232323232324 0.046511627906976744 0.29292929292929293
145 0.6395348837209303 0.3156565656565657 0.05232558139534883 0.1767676767676768
76 0.6642441860465116 0.7348484848484849 0.09593023255813954 0.297979797979798
145 0.7761627906976744 0.8989898989898991 0.05232558139534883 0.18181818181818182
59 0.9244186046511628 0.7777777777777778 0.12209302325581395 0.38383838383838387
