129 0.013536866359447005 0.6475409836065574 0.02707373271889401 0.4754098360655738
20 0.03888248847926267 0.569672131147541 0.010944700460829493 0.6475409836065574
4 0.057027649769585256 0.5778688524590164 0.010368663594470046 0.6311475409836066
76 0.07747695852534563 0.4877049180327869 0.023617511520737326 0.5163934426229508
5 0.10109447004608295 0.5737704918032788 0.009792626728110598 0.6229508196721312
39 0.11808755760368664 0.5614754098360656 0.010368663594470046 0.6475409836065574
84 0.1592741935483871 0.5655737704918034 0.03052995391705069 0.18032786885245902
20 0.201036866359447 0.5655737704918034 0.010368663594470046 0.639344262295082
31 0.2301267281105991 0.49590163934426235 0.03744239631336405 0.5163934426229508
204 0.2560483870967742 0.569672131147541 0.002880184331797235 0.6803278688524591
13 0.2796658986175115 0.4877049180327869 0.0293778801843318 0.5163934426229508
191 0.3234447004608295 0.569672131147541 0.023617511520737326 0.33606557377049184
23 0.36434331797235026 0.5655737704918034 0.01555299539170507 0.6721311475409837
163 0.3879608294930876 0.5778688524590164 0.016705069124423964 0.33606557377049184
145 0.4043778801843318 0.8073770491803279 0.006912442396313364 0.33606557377049184
24 0.4279953917050691 0.5655737704918034 0.014976958525345621 0.6721311475409837
39 0.44902073732718895 0.5614754098360656 0.010944700460829493 0.6475409836065574
128 0.4735023041474654 0.20901639344262296 0.021889400921658985 0.04098360655737705
145 0.49913594470046085 0.16803278688524592 0.006336405529953917 0.33606557377049184
70 0.5328341013824884 0.5655737704918034 0.019585253456221197 0.26229508196721313
20 0.5648041474654378 0.5655737704918034 0.010944700460829493 0.6557377049180328
31 0.5938940092165899 0.5 0.03686635944700461 0.5081967213114754
204 0.6195276497695853 0.5655737704918034 0.002880184331797235 0.6721311475409837
13 0.6431451612903226 0.4877049180327869 0.0293778801843318 0.5163934426229508
191 0.6869239631336406 0.569672131147541 0.023617511520737326 0.33606557377049184
23 0.728110599078341 0.5614754098360656 0.014976958525345621 0.6639344262295083
163 0.7514400921658986 0.569672131147541 0.016705069124423964 0.33606557377049184
211 0.7681451612903226 0.8073770491803279 0.01555299539170507 0.3524590163934426
24 0.7914746543778802 0.5614754098360656 0.014976958525345621 0.6639344262295083
39 0.8122119815668203 0.569672131147541 0.010368663594470046 0.6475409836065574
108 0.851094470046083 0.5655737704918034 0.025921658986175114 0.4098360655737705
0 0.898905529953917 0.5081967213114754 0.032834101382488476 0.4754098360655738
196 0.9297235023041475 0.5819672131147541 0.02304147465437788 0.3442622950819672
186 0.9513248847926268 0.5409836065573771 0.013248847926267281 0.42622950819672134
13 0.9841589861751152 0.4877049180327869 0.0293778801843318 0.5163934426229508
