168 0.011301989150090416 0.3321917808219178 0.022603978300180832 0.26712328767123283
196 0.04566003616636528 0.3321917808219178 0.037070524412296565 0.26712328767123283
22 0.05289330922242314 0.8047945205479452 0.04430379746835443 0.23972602739726026
149 0.08634719710669077 0.39383561643835613 0.03887884267631103 0.3904109589041096
160 0.147377938517179 0.3184931506849315 0.04159132007233273 0.5136986301369862
122 0.21112115732368897 0.3253424657534246 0.04792043399638336 0.45890410958904104
6 0.2802893309222423 0.273972602739726 0.045207956600361664 0.3972602739726027
126 0.35533453887884264 0.32191780821917804 0.05786618444846293 0.2602739726027397
53 0.4046112115732369 0.3253424657534246 0.03345388788426763 0.26712328767123283
207 0.4421338155515371 0.3253424657534246 0.0379746835443038 0.2534246575342466
23 0.4950271247739602 0.3150684931506849 0.020795660036166366 0.5205479452054794
20 0.5207956600361664 0.32191780821917804 0.0162748643761302 0.5068493150684932
22 0.5583182640144665 0.8630136986301369 0.04430379746835443 0.2465753424657534
110 0.5583182640144665 0.32191780821917804 0.024412296564195298 0.6301369863013698
160 0.6207052441229656 0.3184931506849315 0.042495479204339964 0.5273972602739726
195 0.6632007233273056 0.1267123287671233 0.022603978300180832 0.23972602739726026
75 0.7102169981916817 0.2636986301369863 0.03345388788426763 0.40410958904109584
48 0.7635623869801085 0.26712328767123283 0.0461121157323689 0.3835616438356164
186 0.7816455696202531 0.5102739726027397 0.011754068716094032 0.19863013698630136
105 0.7997287522603979 0.5616438356164384 0.0081374321880651 0.1780821917808219
39 0.8164556962025317 0.32191780821917804 0.0162748643761302 0.5068493150684932
145 0.8444846292947559 0.11986301369863013 0.0162748643761302 0.23972602739726026
176 0.8684448462929475 0.1541095890410959 0.011754068716094032 0.29452054794520544
195 0.8951175406871609 0.11986301369863013 0.0216998191681736 0.23972602739726026
72 0.9100361663652803 0.48630136986301364 0.009945750452079566 0.1506849315068493
145 0.9543399638336347 0.2602739726027397 0.020795660036166366 0.3835616438356164
24 0.9882459312839059 0.3150684931506849 0.019891500904159132 0.5205479452054794
