155 0.025048169556840076 0.5384615384615384 0.05009633911368015 0.6666666666666666
186 0.07755298651252408 0.48717948717948717 0.022157996146435453 0.641025641025641
80 0.10789980732177264 0.5512820512820512 0.030828516377649325 0.5128205128205128
163 0.14113680154142583 0.5512820512820512 0.02601156069364162 0.5128205128205128
126 0.18882466281310212 0.5384615384615384 0.06165703275529865 0.5128205128205128
168 0.23795761078998073 0.5512820512820512 0.025048169556840076 0.5128205128205128
141 0.30057803468208094 0.5384615384615384 0.036608863198458574 0.5128205128205128
89 0.3400770712909441 0.3974358974358974 0.028901734104046242 0.7435897435897436
141 0.3983622350674374 0.5384615384615384 0.03757225433526012 0.5128205128205128
163 0.43641618497109824 0.532051282051282 0.02697495183044316 0.5
75 0.4730250481695568 0.41025641025641024 0.038535645472061654 0.7692307692307692
80 0.5120423892100192 0.5256410256410257 0.029865125240847785 0.5128205128205128
163 0.5457610789980732 0.532051282051282 0.027938342967244702 0.5
98 0.6026011560693642 0.5064102564102564 0.051059730250481696 0.8846153846153846
195 0.6599229287090559 0.3974358974358974 0.03468208092485549 0.7435897435897436
105 0.7167630057803468 0.3846153846153846 0.015414258188824663 0.7435897435897436
130 0.75 0.5064102564102564 0.0394990366088632 0.5
20 0.8131021194605009 0.48717948717948717 0.02119460500963391 0.9743589743589743
212 0.8434489402697495 0.4807692307692307 0.029865125240847785 0.9358974358974359
128 0.9046242774566474 0.4807692307692307 0.05009633911368015 0.0641025641025641
210 0.9571290944123314 0.5128205128205128 0.031791907514450865 0.48717948717948717
39 0.98747591522158 0.48717948717948717 0.02119460500963391 0.9743589743589743
