115 0.013100436681222707 0.9176136363636364 0.026200873362445413 0.14204545454545456
61 0.09934497816593886 0.48295454545454547 0.14192139737991266 0.5340909090909091
84 0.09061135371179038 0.8892045454545455 0.06768558951965065 0.08522727272727273
130 0.10262008733624453 0.07102272727272728 0.05240174672489083 0.14204545454545456
145 0.19104803493449782 0.8892045454545455 0.04148471615720524 0.19886363636363638
116 0.2838427947598253 0.4431818181818182 0.08296943231441048 0.34090909090909094
105 0.3558951965065502 0.6051136363636364 0.026200873362445413 0.21022727272727273
191 0.4912663755458515 0.5 0.08733624454148471 0.2272727272727273
15 0.6495633187772926 0.4630681818181818 0.07205240174672489 0.32386363636363635
191 0.8045851528384279 0.5056818181818182 0.08515283842794759 0.2272727272727273
15 0.9585152838427947 0.4715909090909091 0.074235807860262 0.3181818181818182
