166 0.02986217457886677 0.6614583333333333 0.05972434915773354 0.53125
53 0.09800918836140889 0.75 0.042879019908116385 0.22916666666666666
20 0.1546707503828484 0.53125 0.033690658499234305 0.8125
207 0.20750382848392038 0.578125 0.06278713629402757 0.40625
72 0.25957120980091886 0.7864583333333333 0.016845329249617153 0.23958333333333331
209 0.3560490045941807 0.671875 0.06278713629402757 0.5729166666666666
39 0.41424196018376724 0.5260416666666666 0.03215926493108729 0.8020833333333333
122 0.5114854517611026 0.5260416666666666 0.08269525267993874 0.6770833333333333
166 0.6033690658499234 0.6614583333333333 0.0551301684532925 0.53125
53 0.658499234303216 0.8072916666666666 0.045941807044410414 0.23958333333333331
56 0.667687595712098 0.171875 0.045941807044410414 0.34375
20 0.7304747320061256 0.5416666666666666 0.033690658499234305 0.7916666666666666
207 0.781010719754977 0.5885416666666666 0.06125574272588055 0.40625
72 0.833843797856049 0.8020833333333333 0.016845329249617153 0.25
209 0.9264931087289434 0.6979166666666666 0.05819295558958652 0.5625
39 0.9808575803981624 0.5729166666666666 0.03215926493108729 0.7916666666666666
