126 0.050933786078098474 0.4365079365079365 0.10186757215619695 0.5555555555555556
105 0.12054329371816638 0.6031746031746031 0.023769100169779286 0.5396825396825397
155 0.22071307300509338 0.38888888888888884 0.08488964346349745 0.7777777777777777
119 0.3701188455008489 0.6190476190476191 0.12563667232597622 0.12698412698412698
155 0.5195246179966044 0.38095238095238093 0.08149405772495755 0.7619047619047619
126 0.6511035653650254 0.40476190476190477 0.10356536502546689 0.5555555555555556
105 0.7215619694397284 0.5873015873015872 0.023769100169779286 0.5396825396825397
155 0.7741935483870968 0.6428571428571428 0.057724957555178265 0.5555555555555556
113 0.8344651952461799 0.5714285714285714 0.03904923599320883 0.5714285714285714
105 0.8692699490662139 0.7619047619047619 0.023769100169779286 0.4126984126984127
128 0.9252971137521222 0.6428571428571428 0.050933786078098474 0.07936507936507936
145 0.9830220713073005 0.5714285714285714 0.027164685908319185 0.5396825396825397
