80 0.011830201809324984 0.5677083333333333 0.023660403618649968 0.44791666666666663
200 0.04140570633263744 0.5677083333333333 0.029923451635351428 0.4270833333333333
71 0.07306889352818371 0.5677083333333333 0.008350730688935283 0.44791666666666663
14 0.1325678496868476 0.4583333333333333 0.06471816283924844 0.6666666666666666
20 0.1791927627000696 0.5520833333333333 0.013221990257480864 0.8333333333333333
148 0.2129436325678497 0.041666666666666664 0.04592901878914405 0.0625
35 0.21259568545581073 0.46875 0.03966597077244259 0.625
72 0.2533054975643702 0.8072916666666666 0.008350730688935283 0.23958333333333331
101 0.2971468336812805 0.44791666666666663 0.027835768963117607 0.6875
148 0.2964509394572025 0.046875 0.019485038274182326 0.03125
39 0.326026443980515 0.5625 0.013221990257480864 0.8333333333333333
191 0.3736951983298539 0.5520833333333333 0.02922755741127349 0.4375
148 0.4318023660403619 0.041666666666666664 0.04523312456506611 0.0625
35 0.431106471816284 0.46875 0.03966597077244259 0.625
132 0.489213639526792 0.5520833333333333 0.032011134307585246 0.5208333333333333
20 0.535838552540014 0.5520833333333333 0.013917884481558803 0.8333333333333333
172 0.5654140570633264 0.5625 0.031315240083507306 0.4583333333333333
72 0.6036882393876131 0.796875 0.009046624913013222 0.23958333333333331
163 0.6443980514961726 0.546875 0.020876826722338204 0.4270833333333333
39 0.6670146137787056 0.5520833333333333 0.013221990257480864 0.8333333333333333
127 0.7230340988169799 0.5416666666666666 0.05149617258176757 0.3333333333333333
172 0.7874043145441894 0.5572916666666666 0.031315240083507306 0.44791666666666663
20 0.8187195546276966 0.5520833333333333 0.013221990257480864 0.8333333333333333
163 0.8437717466945025 0.5520833333333333 0.020180932498260265 0.4375
39 0.8667362560890746 0.5416666666666666 0.013221990257480864 0.8333333333333333
108 0.9126652748782186 0.5416666666666666 0.03270702853166319 0.5208333333333333
148 0.9735560194850383 0.03125 0.05010438413361169 0.0625
52 0.9721642310368824 0.4583333333333333 0.04036186499652053 0.625
