210 0.024717514124293787 0.5987654320987654 0.04943502824858757 0.4567901234567901
145 0.07203389830508475 0.7407407407407407 0.02824858757062147 0.4691358024691358
71 0.1617231638418079 0.5987654320987654 0.012711864406779662 0.43209876543209874
50 0.2747175141242938 0.47530864197530864 0.09463276836158192 0.7037037037037037
128 0.4046610169491525 0.5555555555555556 0.0692090395480226 0.04938271604938271
50 0.5324858757062146 0.47530864197530864 0.096045197740113 0.7037037037037037
155 0.623587570621469 0.26543209876543206 0.05790960451977401 0.5308641975308641
167 0.7690677966101694 0.5617283950617283 0.10310734463276836 0.35802469135802467
6 0.9152542372881356 0.4629629629629629 0.07627118644067797 0.7530864197530864
56 0.9809322033898306 0.2716049382716049 0.03248587570621469 0.2962962962962963
