45 0.04042553191489362 0.47014925373134325 0.08085106382978724 0.4626865671641791
163 0.08510638297872342 0.8059701492537313 0.03120567375886525 0.22388059701492538
145 0.11063829787234043 0.17164179104477612 0.01702127659574468 0.31343283582089554
84 0.21843971631205675 0.5335820895522388 0.07659574468085106 0.17164179104477612
20 0.3198581560283688 0.5335820895522388 0.02695035460992908 0.6044776119402985
11 0.39148936170212767 0.47014925373134325 0.08510638297872342 0.4626865671641791
155 0.5156028368794326 0.5298507462686567 0.07801418439716312 0.40298507462686567
89 0.6304964539007093 0.5111940298507462 0.08085106382978724 0.6194029850746269
39 0.6978723404255319 0.5261194029850746 0.028368794326241138 0.6044776119402985
171 0.7390070921985816 0.7985074626865671 0.02269503546099291 0.3731343283582089
20 0.7836879432624114 0.5298507462686567 0.02695035460992908 0.5970149253731343
6 0.8595744680851064 0.458955223880597 0.08794326241134752 0.48507462686567165
163 0.9170212765957447 0.7947761194029851 0.029787234042553193 0.21641791044776118
145 0.9326241134751774 0.15671641791044777 0.015602836879432626 0.31343283582089554
39 0.9829787234042554 0.5186567164179104 0.028368794326241138 0.6044776119402985
