3 0.02674524025385313 0.40229885057471265 0.05349048050770626 0.6666666666666666
84 0.10788757932910245 0.47701149425287354 0.04895738893925657 0.24137931034482757
0 0.18676337262012693 0.3793103448275862 0.050770625566636446 0.6896551724137931
143 0.23390752493200362 0.1781609195402299 0.03445149592021759 0.28735632183908044
54 0.2697189483227561 0.3218390804597701 0.02629193109700816 0.20689655172413793
145 0.30054397098821395 0.41379310344827586 0.013599274705349048 0.3218390804597701
54 0.33318223028105165 0.3160919540229885 0.024478694469628286 0.21839080459770116
195 0.3631006346328196 0.41379310344827586 0.019038984587488667 0.3218390804597701
54 0.3970988213961922 0.3218390804597701 0.025385312783318223 0.20689655172413793
189 0.4270172257479601 0.40804597701149425 0.01813236627379873 0.3333333333333333
84 0.5004533091568449 0.4885057471264368 0.04895738893925657 0.24137931034482757
41 0.5720761559383499 0.40804597701149425 0.03445149592021759 0.7241379310344828
149 0.6115140525838622 0.5804597701149425 0.03535811423390753 0.6781609195402298
80 0.6509519492293744 0.4885057471264368 0.030825022665457842 0.4942528735632184
6 0.7556663644605621 0.39655172413793105 0.04805077062556663 0.7011494252873564
4 0.7973708068902992 0.4942528735632184 0.011786038077969175 0.9655172413793103
86 0.8241160471441523 0.6149425287356322 0.03445149592021759 0.632183908045977
72 0.8549410698096102 0.7586206896551724 0.009066183136899365 0.27586206896551724
208 0.8943789664551224 0.4942528735632184 0.03173164097914778 0.8505747126436781
72 0.9247506799637353 0.764367816091954 0.009066183136899365 0.28735632183908044
212 0.9664551223934723 0.4942528735632184 0.032638259292837715 0.8505747126436781
5 0.9927470534904805 0.48275862068965514 0.010879419764279238 0.9655172413793103
