150 0.03744493392070485 0.34444444444444444 0.0748898678414097 0.6666666666666667
89 0.11343612334801763 0.43333333333333335 0.11674008810572688 0.8444444444444444
112 0.16740088105726875 0.7222222222222222 0.048458149779735685 0.5111111111111112
176 0.2378854625550661 0.43333333333333335 0.048458149779735685 0.8444444444444444
150 0.31497797356828194 0.3388888888888889 0.0748898678414097 0.6777777777777778
210 0.39867841409691634 0.45 0.0748898678414097 0.41111111111111115
145 0.4691629955947137 0.6666666666666667 0.039647577092511016 0.4
20 0.5495594713656388 0.4166666666666667 0.050660792951541855 0.8333333333333334
211 0.6222466960352423 0.33333333333333337 0.07709251101321586 0.6444444444444445
39 0.697136563876652 0.4222222222222222 0.050660792951541855 0.8444444444444444
84 0.8215859030837005 0.40555555555555556 0.11453744493392072 0.2111111111111111
211 0.9559471365638768 0.32222222222222224 0.07929515418502203 0.6444444444444445
