128 0.014604810996563574 0.5196078431372549 0.029209621993127148 0.0196078431372549
22 0.051546391752577324 0.9019607843137255 0.027491408934707903 0.1764705882352941
110 0.05097365406643757 0.517156862745098 0.014891179839633449 0.45588235294117646
153 0.09135166093928981 0.5147058823529411 0.025773195876288662 0.37254901960784315
150 0.12256586483390608 0.47549019607843135 0.019473081328751432 0.29411764705882354
37 0.15063001145475374 0.4730392156862745 0.019473081328751432 0.2892156862745098
153 0.18155784650630014 0.5073529411764706 0.025200458190148912 0.37745098039215685
77 0.18900343642611683 0.2818627450980392 0.00572737686139748 0.044117647058823525
206 0.22136311569301262 0.517156862745098 0.024627720504009167 0.19117647058823528
126 0.25515463917525777 0.11274509803921569 0.02004581901489118 0.11764705882352941
113 0.2557273768613975 0.8897058823529411 0.013172966781214204 0.1715686274509804
182 0.2820733104238259 0.5049019607843137 0.03608247422680413 0.45098039215686275
84 0.27806414662084766 0.9240196078431372 0.018900343642611686 0.06372549019607843
128 0.28350515463917525 0.11519607843137254 0.018327605956471937 0.024509803921568627
145 0.3064146620847652 0.8872549019607843 0.010309278350515464 0.16666666666666666
145 0.31013745704467355 0.0857843137254902 0.009736540664375716 0.1715686274509804
94 0.4146620847651776 0.5 0.15578465063001146 0.029411764705882353
113 0.3485108820160367 0.1764705882352941 0.02004581901489118 0.28431372549019607
126 0.3754295532646048 0.7941176470588235 0.03150057273768614 0.18627450980392157
20 0.3699885452462772 0.2230392156862745 0.010309278350515464 0.3676470588235294
113 0.38917525773195877 0.1764705882352941 0.02004581901489118 0.28431372549019607
155 0.41695303550973656 0.7794117647058824 0.029782359679266898 0.2549019607843137
155 0.4255441008018328 0.21568627450980393 0.030927835051546393 0.2549019607843137
145 0.45332187857961054 0.7426470588235294 0.013172966781214204 0.27941176470588236
145 0.46134020618556704 0.17401960784313725 0.014318442153493701 0.27941176470588236
39 0.4802405498281787 0.21323529411764705 0.010882016036655213 0.3676470588235294
20 0.5140320733104239 0.4926470588235294 0.010882016036655213 0.3676470588235294
143 0.5369415807560137 0.5098039215686274 0.029209621993127148 0.18627450980392157
126 0.5652920962199313 0.3799019607843137 0.020618556701030927 0.11274509803921569
211 0.5647193585337915 0.6127450980392157 0.014891179839633449 0.1764705882352941
128 0.5939289805269187 0.3799019607843137 0.019473081328751432 0.014705882352941176
113 0.618270332187858 0.35049019607843135 0.014318442153493701 0.1715686274509804
128 0.6440435280641467 0.37745098039215685 0.02004581901489118 0.0196078431372549
145 0.6709621993127148 0.3431372549019608 0.010882016036655213 0.16666666666666666
206 0.7056128293241696 0.49019607843137253 0.02290950744558992 0.19607843137254902
150 0.7402634593356243 0.4411764705882353 0.018900343642611686 0.29411764705882354
37 0.7677548682703322 0.4387254901960784 0.02004581901489118 0.2892156862745098
153 0.7989690721649485 0.47058823529411764 0.026345933562428408 0.37254901960784315
206 0.8399198167239404 0.4779411764705882 0.024627720504009167 0.19117647058823528
143 0.8814432989690723 0.48284313725490197 0.029782359679266898 0.19117647058823528
113 0.9052119129438717 0.3284313725490196 0.012027491408934709 0.16666666666666666
128 0.9289805269186713 0.3529411764705882 0.018327605956471937 0.0196078431372549
145 0.9553264604810997 0.31862745098039214 0.010309278350515464 0.1764705882352941
39 0.9710767468499427 0.4583333333333333 0.010882016036655213 0.3676470588235294
5 0.9905498281786942 0.46078431372549017 0.016609392898052692 0.8431372549019608
