201 0.03634085213032581 0.6509433962264151 0.07268170426065163 0.6226415094339622
84 0.16791979949874686 0.43396226415094336 0.08020050125313283 0.3018867924528302
20 0.2731829573934837 0.4716981132075472 0.03508771929824561 0.9056603773584906
207 0.3358395989974937 0.5 0.07017543859649122 0.5094339622641509
155 0.45363408521303256 0.4433962264150943 0.08020050125313283 0.5849056603773585
101 0.5714285714285714 0.3773584905660377 0.06516290726817042 0.7547169811320754
20 0.644110275689223 0.4528301886792453 0.03508771929824561 0.9056603773584906
209 0.7092731829573935 0.5849056603773585 0.06015037593984962 0.6792452830188679
39 0.7756892230576441 0.46226415094339623 0.03759398496240601 0.8867924528301886
72 0.8208020050125313 0.7452830188679245 0.022556390977443608 0.2830188679245283
209 0.9097744360902256 0.5660377358490566 0.06015037593984962 0.6792452830188679
39 0.9774436090225563 0.4433962264150943 0.03508771929824561 0.8867924528301886
