15 0.020942408376963352 0.5236051502145923 0.041884816753926704 0.26609442060085836
84 0.14485165794066318 0.5600858369098712 0.09424083769633508 0.09871244635193133
94 0.6282722513089005 0.5643776824034334 0.7364746945898778 0.030042918454935622
204 0.2818499127399651 0.2918454935622318 0.012216404886561954 0.3605150214592275
200 0.343804537521815 0.2918454935622318 0.06980802792321117 0.18884120171673818
204 0.41273996509598604 0.2918454935622318 0.008726003490401396 0.3605150214592275
204 0.43455497382198954 0.8090128755364807 0.010471204188481676 0.3648068669527897
195 0.462478184991274 0.09656652360515021 0.045375218150087264 0.19313304721030042
196 0.5026178010471204 0.8133047210300429 0.06980802792321117 0.19313304721030042
7 0.5575916230366492 0.2553648068669528 0.1099476439790576 0.26180257510729615
206 0.6230366492146597 0.7982832618025751 0.08027923211169284 0.2317596566523605
196 0.6369982547993019 0.45278969957081544 0.04886561954624782 0.13304721030042918
50 0.7382198952879582 0.2575107296137339 0.11518324607329843 0.26609442060085836
200 0.7469458987783595 0.8111587982832618 0.06980802792321117 0.18884120171673818
204 0.8167539267015707 0.8111587982832618 0.010471204188481676 0.3605150214592275
66 0.856020942408377 0.2918454935622318 0.022687609075043632 0.05150214592274678
196 0.9546247818499127 0.2982832618025751 0.06980802792321117 0.19313304721030042
