15 0.0136986301369863 0.4715909090909091 0.0273972602739726 0.6477272727272727
130 0.057648401826484015 0.5681818181818182 0.04680365296803653 0.4545454545454546
186 0.09988584474885845 0.5056818181818182 0.026255707762557076 0.5795454545454546
50 0.1689497716894977 0.48295454545454547 0.0730593607305936 0.6477272727272727
84 0.24714611872146117 0.5454545454545454 0.06050228310502283 0.2272727272727273
50 0.3304794520547945 0.46022727272727276 0.07420091324200913 0.6477272727272727
65 0.408675799086758 0.5681818181818182 0.06164383561643835 0.4545454545454546
20 0.47146118721461183 0.5340909090909091 0.0273972602739726 0.8636363636363636
20 0.5028538812785388 0.5284090909090909 0.026255707762557076 0.8522727272727273
47 0.562214611872146 0.46022727272727276 0.06735159817351598 0.6704545454545455
145 0.605593607305936 0.7727272727272727 0.021689497716894976 0.4090909090909091
58 0.6432648401826484 0.5284090909090909 0.030821917808219176 0.875
7 0.6929223744292237 0.4375 0.0684931506849315 0.6477272727272727
148 0.7071917808219178 0.02840909090909091 0.04223744292237443 0.05681818181818182
39 0.7528538812785388 0.5227272727272727 0.026255707762557076 0.8636363636363636
191 0.8167808219178082 0.5113636363636364 0.04680365296803653 0.4545454545454546
47 0.9092465753424657 0.4375 0.06506849315068493 0.6704545454545455
158 0.9606164383561643 0.2159090909090909 0.012557077625570776 0.25
39 0.9851598173515981 0.5 0.02511415525114155 0.8636363636363636
