84 0.02065767284991568 0.5439814814814814 0.04131534569983136 0.08796296296296297
94 0.17706576728499157 0.5439814814814814 0.24620573355817874 0.023148148148148147
20 0.06323777403035413 0.2824074074074074 0.01517706576728499 0.34259259259259256
177 0.1559865092748735 0.24305555555555555 0.163575042158516 0.4861111111111111
128 0.17074198988195616 0.27546296296296297 0.043001686340640805 0.023148148148148147
48 0.17833052276559863 0.7754629629629629 0.043001686340640805 0.2546296296296296
145 0.22175379426644182 0.24074074074074073 0.02023608768971332 0.25925925925925924
39 0.24704890387858347 0.27546296296296297 0.01517706576728499 0.33796296296296297
126 0.2744519392917369 0.1736111111111111 0.02951096121416526 0.10648148148148148
22 0.3465430016863406 0.9097222222222222 0.04047217537942664 0.16203703703703703
110 0.34612141652613826 0.5439814814814814 0.022765598650927487 0.4305555555555555
153 0.40556492411467115 0.5439814814814814 0.03709949409780776 0.3472222222222222
186 0.43676222596964587 0.6689814814814814 0.011804384485666104 0.125
20 0.46037099494097805 0.5462962962962963 0.013490725126475547 0.34259259259259256
153 0.4945193929173693 0.5416666666666666 0.03625632377740303 0.34259259259259256
186 0.5248735244519392 0.6712962962962963 0.010961214165261381 0.12037037037037036
155 0.5691399662731872 0.5393518518518519 0.043844856661045525 0.2361111111111111
186 0.616779089376054 0.5324074074074073 0.016020236087689713 0.2037037037037037
153 0.6559865092748735 0.5347222222222222 0.03709949409780776 0.3472222222222222
77 0.6673693086003373 0.32175925925925924 0.007588532883642495 0.041666666666666664
186 0.6867622259696459 0.6643518518518519 0.010961214165261381 0.125
39 0.7032040472175379 0.537037037037037 0.01517706576728499 0.34259259259259256
80 0.7432546374367622 0.5509259259259259 0.02445193929173693 0.17592592592592593
11 0.7731871838111298 0.40509259259259256 0.026981450252951095 0.16203703703703703
128 0.811973018549747 0.4305555555555555 0.026981450252951095 0.018518518518518517
186 0.842327150084317 0.41666666666666663 0.01011804384485666 0.12962962962962962
153 0.8705733558178752 0.4236111111111111 0.026138279932546374 0.19907407407407407
186 0.893760539629005 0.4629629629629629 0.01011804384485666 0.10185185185185185
143 0.9401349072512647 0.5439814814814814 0.045531197301854974 0.18055555555555555
126 0.9835581787521078 0.4236111111111111 0.02951096121416526 0.10648148148148148
211 0.9827150084317031 0.6412037037037037 0.021079258010118042 0.16203703703703703
