7 0.048154093097913325 0.4878048780487805 0.09630818619582665 0.6829268292682927
158 0.13242375601926162 0.25609756097560976 0.01765650080256822 0.2682926829268293
178 0.21428571428571427 0.5792682926829269 0.08186195826645265 0.4024390243902439
6 0.3274478330658106 0.4878048780487805 0.08346709470304976 0.7317073170731707
25 0.40770465489566615 0.21951219512195122 0.05778491171749599 0.43902439024390244
72 0.456661316211878 0.8475609756097561 0.02086677367576244 0.25609756097560976
25 0.5698234349919743 0.5 0.10593900481540931 0.7073170731707318
100 0.6821829855537721 0.5670731707317074 0.07704654895666131 0.5
130 0.7792937399678973 0.6036585365853658 0.06260032102728733 0.475609756097561
100 0.8820224719101124 0.5731707317073171 0.07865168539325842 0.5121951219512195
145 0.978330658105939 0.46951219512195125 0.03691813804173355 0.6951219512195123
