143 0.03895071542130366 0.48765432098765427 0.07790143084260732 0.4567901234567901
53 0.11128775834658189 0.7037037037037037 0.04769475357710652 0.32098765432098764
145 0.16216216216216217 0.8086419753086419 0.025437201907790145 0.3333333333333333
104 0.21462639109697934 0.48765432098765427 0.03497615262321145 0.06172839506172839
101 0.27662957074721783 0.35185185185185186 0.06677265500794913 0.7037037037037037
141 0.34578696343402227 0.48148148148148145 0.05882352941176471 0.4691358024691358
126 0.43402225755166934 0.48765432098765427 0.10174880763116058 0.4567901234567901
141 0.5214626391096979 0.48765432098765427 0.057233704292527825 0.4567901234567901
95 0.5882352941176471 0.5802469135802468 0.06041335453100159 0.6666666666666666
80 0.6494435612082672 0.48765432098765427 0.0492845786963434 0.4567901234567901
130 0.7170111287758347 0.48148148148148145 0.06677265500794913 0.4444444444444444
80 0.7813990461049285 0.49382716049382713 0.0492845786963434 0.4691358024691358
141 0.8441971383147854 0.49382716049382713 0.057233704292527825 0.4691358024691358
196 0.9149443561208268 0.49382716049382713 0.06836248012718601 0.4691358024691358
168 0.9761526232114468 0.48765432098765427 0.041335453100158986 0.48148148148148145
