0 0.04477611940298508 0.49999999999999994 0.08955223880597016 0.5327102803738317
148 0.2296849087893864 0.037383177570093455 0.373134328358209 0.05607476635514018
105 0.11194029850746269 0.7570093457943925 0.01824212271973466 0.3364485981308411
128 0.175787728026534 0.7523364485981308 0.05638474295190713 0.04672897196261682
145 0.2537313432835821 0.7570093457943925 0.03316749585406302 0.3364485981308411
0 0.33747927031509123 0.4813084112149532 0.0845771144278607 0.5327102803738317
105 0.40381426202321724 0.7429906542056074 0.01824212271973466 0.32710280373831774
65 0.5066334991708126 0.5607476635514018 0.087893864013267 0.37383177570093457
148 0.7835820895522388 0.0514018691588785 0.4129353233830846 0.102803738317757
3 0.6442786069651741 0.46728971962616817 0.0779436152570481 0.5233644859813084
112 0.6932006633499171 0.7710280373831775 0.03648424543946932 0.4205607476635514
128 0.7562189054726368 0.7242990654205607 0.05306799336650083 0.04672897196261682
145 0.8308457711442786 0.7242990654205607 0.029850746268656716 0.32710280373831774
3 0.9212271973466003 0.44859813084112143 0.0779436152570481 0.5233644859813084
112 0.978441127694859 0.7616822429906541 0.03648424543946932 0.4205607476635514
