45 0.036734693877551024 0.4426229508196722 0.07346938775510205 0.6557377049180328
84 0.14591836734693878 0.4836065573770492 0.0673469387755102 0.24590163934426232
50 0.263265306122449 0.43442622950819676 0.09387755102040818 0.639344262295082
155 0.3775510204081633 0.4754098360655738 0.0653061224489796 0.5245901639344263
20 0.45510204081632655 0.5081967213114754 0.028571428571428574 0.7868852459016393
205 0.5234693877551021 0.5409836065573771 0.07142857142857144 0.42622950819672134
128 0.6285714285714287 0.4754098360655738 0.0653061224489796 0.09836065573770492
145 0.7214285714285715 0.45081967213114754 0.02653061224489796 0.639344262295082
39 0.7642857142857143 0.5163934426229508 0.030612244897959186 0.7704918032786886
128 0.8081632653061225 0.21311475409836067 0.04081632653061225 0.06557377049180328
145 0.8510204081632654 0.18852459016393444 0.0163265306122449 0.3770491803278689
57 0.9040816326530613 0.42622950819672134 0.05306122448979592 0.6557377049180328
160 0.9673469387755103 0.7459016393442623 0.05714285714285715 0.4426229508196722
