64 0.027422303473491772 0.5373134328358209 0.054844606946983544 0.5373134328358209
68 0.033820840950639856 0.1044776119402985 0.04204753199268738 0.208955223880597
145 0.08043875685557587 0.708955223880597 0.029250457038391225 0.5223880597014925
84 0.20109689213893966 0.5 0.09140767824497258 0.2835820895522388
119 0.3711151736745887 0.7238805970149254 0.13528336380255943 0.13432835820895522
64 0.5045703839122486 0.5373134328358209 0.054844606946983544 0.5373134328358209
68 0.5100548446069469 0.1044776119402985 0.043875685557586835 0.208955223880597
195 0.5575868372943327 0.708955223880597 0.04021937842778794 0.5223880597014925
57 0.6042047531992687 0.6940298507462687 0.038391224862888484 0.5522388059701493
128 0.6608775137111518 0.7686567164179104 0.056672760511883 0.07462686567164178
189 0.7230347349177331 0.708955223880597 0.04204753199268738 0.5223880597014925
84 0.8436928702010968 0.5 0.08957952468007313 0.2835820895522388
211 0.9670932358318098 0.4253731343283582 0.05850091407678245 0.7910447761194029
