64 0.019275700934579438 0.5 0.038551401869158876 0.4318181818181818
112 0.054322429906542055 0.6931818181818182 0.02920560747663551 0.5681818181818182
135 0.14427570093457942 0.46590909090909094 0.06425233644859812 0.8636363636363636
211 0.2330607476635514 0.40340909090909094 0.04088785046728972 0.6477272727272727
40 0.3317757009345794 0.4545454545454546 0.08411214953271028 0.5227272727272727
112 0.4269859813084112 0.48863636363636365 0.038551401869158876 0.8181818181818182
85 0.5181074766355139 0.4715909090909091 0.06425233644859812 0.42045454545454547
145 0.606892523364486 0.39204545454545453 0.03154205607476635 0.625
20 0.6839953271028036 0.46590909090909094 0.02219626168224299 0.9318181818181819
126 0.7406542056074766 0.46590909090909094 0.07242990654205607 0.4545454545454546
141 0.8049065420560747 0.4715909090909091 0.04439252336448598 0.46590909090909094
75 0.8580607476635513 0.3806818181818182 0.05023364485981308 0.6704545454545455
53 0.9439252336448597 0.5 0.04439252336448598 0.4318181818181818
39 0.9865654205607476 0.46590909090909094 0.02219626168224299 0.9318181818181819
