20 0.01990632318501171 0.4973821989528796 0.03981264637002342 0.9842931937172775
75 0.06440281030444965 0.19895287958115185 0.04215456674473068 0.28272251308900526
195 0.13875878220140514 0.7329842931937173 0.03629976580796253 0.27225130890052357
39 0.2581967213114754 0.4947643979057592 0.040983606557377046 0.9790575916230367
155 0.3477751756440281 0.4947643979057592 0.0585480093676815 0.25654450261780104
53 0.4238875878220141 0.5052356020942409 0.03981264637002342 0.18324607329842932
155 0.5 0.49214659685863876 0.0585480093676815 0.2617801047120419
57 0.572599531615925 0.4554973821989529 0.03278688524590164 0.28272251308900526
84 0.6475409836065574 0.48952879581151837 0.0585480093676815 0.09947643979057592
20 0.7429742388758782 0.48952879581151837 0.040983606557377046 0.9790575916230367
75 0.788056206088993 0.18848167539267016 0.04215456674473068 0.28272251308900526
195 0.8618266978922716 0.7251308900523561 0.0351288056206089 0.2670157068062827
39 0.9783372365339579 0.48952879581151837 0.03864168618266979 0.9790575916230367
