41 0.0581140350877193 0.4788135593220339 0.1162280701754386 0.5508474576271186
145 0.14802631578947367 0.6313559322033898 0.07236842105263158 0.4322033898305085
20 0.22478070175438594 0.5466101694915254 0.046052631578947366 0.7033898305084746
13 0.3223684210526316 0.4533898305084746 0.11842105263157894 0.5508474576271186
211 0.4155701754385965 0.7838983050847458 0.06359649122807018 0.3983050847457627
20 0.4024122807017544 0.24152542372881355 0.03289473684210526 0.4830508474576271
93 0.4638157894736842 0.1864406779661017 0.06359649122807018 0.3559322033898305
39 0.5230263157894737 0.24152542372881355 0.03289473684210526 0.4830508474576271
72 0.5833333333333333 0.75 0.03070175438596491 0.19491525423728814
13 0.7028508771929824 0.4576271186440678 0.1162280701754386 0.5423728813559322
109 0.8322368421052632 0.6991525423728814 0.1337719298245614 0.2627118644067797
20 0.781798245614035 0.2457627118644068 0.03289473684210526 0.4745762711864407
93 0.8432017543859649 0.1864406779661017 0.06359649122807018 0.3559322033898305
39 0.9024122807017544 0.23728813559322035 0.03289473684210526 0.4745762711864407
39 0.9714912280701754 0.5466101694915254 0.04824561403508772 0.6864406779661016
