75 0.028169014084507043 0.4836065573770492 0.056338028169014086 0.9672131147540984
105 0.07464788732394366 0.4672131147540984 0.028169014084507043 0.9344262295081968
126 0.14225352112676057 0.6147540983606558 0.09577464788732395 0.639344262295082
50 0.26126760563380286 0.4836065573770492 0.09436619718309859 0.9344262295081968
143 0.345774647887324 0.26229508196721313 0.05211267605633803 0.42622950819672134
115 0.39295774647887327 0.3852459016393443 0.02535211267605634 0.4754098360655738
84 0.5014084507042254 0.6147540983606558 0.07605633802816902 0.3442622950819672
75 0.6105633802816902 0.4836065573770492 0.054929577464788736 0.9672131147540984
105 0.6563380281690141 0.4672131147540984 0.028169014084507043 0.9344262295081968
126 0.7232394366197183 0.6147540983606558 0.09436619718309859 0.639344262295082
50 0.8443661971830987 0.4836065573770492 0.09436619718309859 0.9344262295081968
143 0.9281690140845071 0.26229508196721313 0.053521126760563385 0.39344262295081966
75 0.9809859154929578 0.3852459016393443 0.0323943661971831 0.4754098360655738
