101 0.02827140549273021 0.4025974025974026 0.05654281098546042 0.7012987012987013
20 0.08723747980613894 0.48701298701298706 0.029079159935379646 0.9740259740259741
211 0.1373182552504039 0.4220779220779221 0.051696284329563816 0.6883116883116883
71 0.2172859450726979 0.525974025974026 0.014539579967689823 0.4285714285714286
145 0.29967689822294025 0.4090909090909091 0.04038772213247173 0.6623376623376623
39 0.35056542810985464 0.48051948051948057 0.029079159935379646 0.9610389610389611
84 0.45395799676898224 0.48701298701298706 0.08077544426494346 0.24675324675324678
20 0.5605815831987077 0.48701298701298706 0.029079159935379646 0.9740259740259741
211 0.6130856219709209 0.4155844155844156 0.053311793214862686 0.6753246753246753
71 0.6922455573505655 0.525974025974026 0.014539579967689823 0.4285714285714286
145 0.7738287560581584 0.4090909090909091 0.038772213247172865 0.6623376623376623
71 0.8521809369951535 0.525974025974026 0.014539579967689823 0.4285714285714286
211 0.9321486268174476 0.4155844155844156 0.051696284329563816 0.6753246753246753
39 0.983037156704362 0.48051948051948057 0.02746365105008078 0.9610389610389611
