11 0.04407514450867052 0.4525862068965517 0.08815028901734104 0.5258620689655172
211 0.10621387283236994 0.7887931034482758 0.04190751445086705 0.3879310344827586
84 0.21820809248554912 0.5258620689655172 0.07803468208092486 0.20689655172413793
20 0.3251445086705202 0.5258620689655172 0.028901734104046242 0.7068965517241379
196 0.3858381502890173 0.5344827586206896 0.057803468208092484 0.3793103448275862
70 0.47760115606936415 0.5258620689655172 0.05057803468208092 0.29310344827586204
200 0.5700867052023121 0.5258620689655172 0.059248554913294796 0.3793103448275862
72 0.6524566473988439 0.7112068965517241 0.015895953757225433 0.16379310344827586
113 0.7290462427745664 0.43103448275862066 0.06502890173410404 0.5689655172413793
190 0.7297687861271676 0.04741379310344827 0.03468208092485549 0.09482758620689655
70 0.8265895953757225 0.5172413793103449 0.04913294797687861 0.29310344827586204
200 0.9183526011560693 0.5258620689655172 0.059248554913294796 0.3793103448275862
39 0.9833815028901733 0.5172413793103449 0.02745664739884393 0.7068965517241379
