6 0.03790983606557377 0.4782608695652174 0.07581967213114754 0.5797101449275363
116 0.0932377049180328 0.7101449275362319 0.03073770491803279 0.2898550724637681
84 0.1875 0.4927536231884058 0.06762295081967214 0.2318840579710145
23 0.27356557377049184 0.5217391304347826 0.03073770491803279 0.7246376811594203
11 0.34118852459016397 0.4565217391304348 0.08401639344262296 0.5942028985507246
84 0.4528688524590164 0.5 0.06967213114754099 0.21739130434782608
116 0.555327868852459 0.5 0.05327868852459017 0.5072463768115942
204 0.6413934426229508 0.4855072463768116 0.012295081967213115 0.9710144927536232
116 0.716188524590164 0.5 0.05122950819672131 0.5072463768115942
108 0.8247950819672132 0.5 0.07581967213114754 0.5072463768115942
113 0.9241803278688525 0.4565217391304348 0.04918032786885246 0.5652173913043478
148 0.9405737704918034 0.06521739130434782 0.045081967213114756 0.07246376811594203
24 0.9805327868852459 0.5144927536231884 0.03073770491803279 0.7391304347826088
