95 0.016435986159169552 0.611764705882353 0.032871972318339104 0.6352941176470588
130 0.05103806228373703 0.7235294117647059 0.03114186851211073 0.3176470588235294
20 0.08780276816608996 0.49411764705882355 0.016435986159169552 0.9647058823529412
168 0.11721453287197232 0.5235294117647059 0.026816608996539794 0.4588235294117647
128 0.15657439446366783 0.15294117647058825 0.032871972318339104 0.047058823529411764
53 0.19420415224913495 0.1764705882352941 0.025086505190311418 0.3058823529411765
145 0.22231833910034604 0.2647058823529412 0.01384083044982699 0.3411764705882353
72 0.2512975778546713 0.7705882352941177 0.009515570934256055 0.29411764705882354
208 0.2889273356401384 0.49411764705882355 0.03114186851211073 0.8705882352941177
72 0.3179065743944637 0.7647058823529411 0.009515570934256055 0.2823529411764706
212 0.35813148788927335 0.49411764705882355 0.03114186851211073 0.8705882352941177
39 0.3892733564013841 0.4823529411764706 0.01730103806228374 0.9647058823529412
84 0.45198961937716264 0.48823529411764705 0.04757785467128028 0.24705882352941178
168 0.5160034602076125 0.5117647058823529 0.026816608996539794 0.4588235294117647
128 0.555363321799308 0.15294117647058825 0.032871972318339104 0.047058823529411764
130 0.5955882352941176 0.1764705882352941 0.030276816608996542 0.3058823529411765
95 0.634515570934256 0.611764705882353 0.03373702422145329 0.6352941176470588
20 0.6686851211072664 0.4823529411764706 0.01730103806228374 0.9647058823529412
208 0.6980968858131488 0.48823529411764705 0.03114186851211073 0.8823529411764706
168 0.7339965397923875 0.5117647058823529 0.026816608996539794 0.4588235294117647
53 0.7668685121107267 0.18235294117647058 0.025086505190311418 0.3176470588235294
195 0.7941176470588236 0.2647058823529412 0.01903114186851211 0.3411764705882353
72 0.8230968858131488 0.7647058823529411 0.009515570934256055 0.2823529411764706
212 0.8624567474048443 0.48823529411764705 0.03114186851211073 0.8823529411764706
168 0.8987889273356402 0.5117647058823529 0.025951557093425608 0.4588235294117647
53 0.9312283737024222 0.18235294117647058 0.025086505190311418 0.3176470588235294
189 0.9584775086505191 0.2647058823529412 0.01903114186851211 0.3411764705882353
39 0.9900519031141869 0.4823529411764706 0.016435986159169552 0.9647058823529412
