14 0.05852842809364548 0.3313953488372093 0.11705685618729096 0.6627906976744186
112 0.12876254180602006 0.7034883720930233 0.04013377926421405 0.5232558139534884
84 0.24414715719063546 0.4069767441860465 0.08695652173913043 0.23255813953488372
0 0.37709030100334445 0.3430232558139535 0.08193979933110368 0.686046511627907
112 0.4531772575250836 0.7151162790697674 0.04013377926421405 0.5232558139534884
72 0.5167224080267558 0.686046511627907 0.020066889632107024 0.2558139534883721
112 0.5852842809364548 0.45348837209302323 0.06354515050167224 0.8372093023255813
84 0.7023411371237458 0.41860465116279066 0.08695652173913043 0.23255813953488372
145 0.8219063545150501 0.3313953488372093 0.028428093645484948 0.6627906976744186
72 0.8770903010033445 0.7034883720930233 0.021739130434782608 0.26744186046511625
195 0.9665551839464883 0.3546511627906977 0.06020066889632107 0.686046511627907
