10 0.0388098318240621 0.35789473684210527 0.0776196636481242 0.631578947368421
105 0.0905562742561449 0.7578947368421053 0.01811125485122898 0.4421052631578947
128 0.13906856403622253 0.8105263157894737 0.05045278137128073 0.042105263157894736
145 0.19404915912031048 0.7526315789473684 0.01552393272962484 0.43157894736842106
65 0.28007761966364814 0.41578947368421054 0.06080206985769729 0.5578947368421052
47 0.39197930142302717 0.3526315789473684 0.0776196636481242 0.6421052631578947
105 0.4379042690815007 0.7578947368421053 0.01681759379042691 0.4421052631578947
84 0.5271668822768435 0.4421052631578947 0.06856403622250971 0.23157894736842105
23 0.6254851228978008 0.43157894736842106 0.03492884864165589 0.8631578947368421
196 0.685640362225097 0.4473684210526316 0.0517464424320828 0.4526315789473684
105 0.7335058214747737 0.7578947368421053 0.01811125485122898 0.4421052631578947
84 0.8234152652005176 0.43157894736842106 0.06856403622250971 0.23157894736842105
211 0.9249676584734801 0.34736842105263155 0.0517464424320828 0.6526315789473685
24 0.980595084087969 0.43684210526315786 0.03363518758085382 0.8526315789473684
