95 0.038011695906432746 0.5833333333333333 0.07602339181286549 0.7142857142857142
163 0.11208576998050682 0.4880952380952381 0.06042884990253411 0.5238095238095237
53 0.18226120857699804 0.494047619047619 0.07602339181286549 0.5357142857142857
149 0.2709551656920078 0.5773809523809523 0.08576998050682261 0.7023809523809523
101 0.3645224171539961 0.38095238095238093 0.08576998050682261 0.738095238095238
20 0.4444444444444444 0.4880952380952381 0.03898635477582846 0.9761904761904762
11 0.5409356725146198 0.38690476190476186 0.1189083820662768 0.7261904761904762
155 0.7231968810916178 0.4880952380952381 0.10526315789473684 0.6428571428571428
95 0.891812865497076 0.5952380952380952 0.09161793372319688 0.7142857142857142
39 0.9766081871345029 0.494047619047619 0.03898635477582846 0.9642857142857142
