0 0.03673163418290854 0.43902439024390244 0.07346326836581708 0.6585365853658537
195 0.09745127436281859 0.6951219512195123 0.03298350824587706 0.41463414634146345
113 0.13793103448275862 0.6829268292682927 0.035982008995502246 0.43902439024390244
20 0.22188905547226387 0.5182926829268293 0.0239880059970015 0.9146341463414634
207 0.27061469265367316 0.5548780487804879 0.05247376311844078 0.4268292682926829
195 0.32158920539730135 0.23170731707317074 0.031484257871064465 0.41463414634146345
155 0.41379310344827586 0.524390243902439 0.07196401799100449 0.5853658536585367
209 0.5104947526236882 0.6463414634146342 0.05247376311844078 0.5853658536585367
195 0.5584707646176912 0.22560975609756098 0.034482758620689655 0.4268292682926829
113 0.5989505247376312 0.21951219512195122 0.034482758620689655 0.43902439024390244
155 0.6529235382308846 0.2682926829268293 0.04947526236881559 0.43902439024390244
145 0.7031484257871065 0.22560975609756098 0.0239880059970015 0.4268292682926829
84 0.8013493253373313 0.5182926829268293 0.07346326836581708 0.23170731707317074
211 0.9032983508245876 0.45121951219512196 0.04947526236881559 0.6341463414634146
39 0.9512743628185907 0.5121951219512195 0.025487256371814093 0.9024390243902439
169 0.9902548725637181 0.6341463414634146 0.013493253373313342 0.5609756097560976
