20 0.012195121951219513 0.5182926829268293 0.024390243902439025 0.9146341463414634
54 0.06173780487804878 0.524390243902439 0.053353658536585365 0.4634146341463415
128 0.15929878048780488 0.4878048780487805 0.07774390243902439 0.07317073170731708
116 0.2522865853658537 0.39634146341463417 0.056402439024390245 0.7195121951219512
39 0.29801829268292684 0.4878048780487805 0.028963414634146343 0.9024390243902439
188 0.3742378048780488 0.3780487804878049 0.05030487804878049 0.7317073170731707
155 0.4649390243902439 0.48170731707317077 0.07926829268292683 0.6219512195121951
86 0.5564024390243902 0.6097560975609756 0.05182926829268293 0.6585365853658537
115 0.6410060975609756 0.3536585365853659 0.028963414634146343 0.7073170731707318
141 0.6913109756097561 0.475609756097561 0.059451219512195126 0.4878048780487805
95 0.7591463414634146 0.5792682926829269 0.06707317073170732 0.6951219512195123
204 0.833079268292683 0.4573170731707317 0.007621951219512195 0.8902439024390244
210 0.881859756097561 0.4878048780487805 0.04725609756097561 0.43902439024390244
204 0.926829268292683 0.4451219512195122 0.009146341463414635 0.8902439024390244
126 0.9702743902439025 0.17073170731707318 0.053353658536585365 0.29268292682926833
