34 0.022116903633491312 0.5105820105820106 0.044233807266982623 0.3968253968253968
112 0.05529225908372828 0.6402116402116402 0.017377567140600316 0.24338624338624337
20 0.08175355450236967 0.4973544973544973 0.018167456556082148 0.4021164021164021
205 0.1141390205371248 0.5052910052910052 0.038704581358609796 0.20634920634920634
39 0.1457345971563981 0.4973544973544973 0.018167456556082148 0.4021164021164021
205 0.18522906793048974 0.5052910052910052 0.038704581358609796 0.20634920634920634
126 0.2231437598736177 0.6428571428571428 0.029225908372827805 0.13227513227513227
158 0.21761453396524486 0.35978835978835977 0.008688783570300158 0.1164021164021164
155 0.2622432859399684 0.6084656084656084 0.02527646129541864 0.1693121693121693
112 0.292259083728278 0.6349206349206349 0.017377567140600316 0.24338624338624337
84 0.334913112164297 0.4894179894179894 0.04107424960505529 0.10052910052910052
30 0.38981042654028436 0.455026455026455 0.04186413902053712 0.2962962962962963
112 0.4202211690363349 0.6296296296296295 0.017377567140600316 0.24338624338624337
72 0.4364139020537125 0.6984126984126984 0.0071090047393364926 0.07407407407407407
211 0.46011058451816744 0.6058201058201058 0.021327014218009477 0.19576719576719576
20 0.49170616113744076 0.4841269841269841 0.018167456556082148 0.3968253968253968
205 0.5244865718799367 0.49470899470899465 0.03949447077409163 0.20634920634920634
39 0.5560821484992101 0.48677248677248675 0.017377567140600316 0.4021164021164021
155 0.6007109004739336 0.47883597883597884 0.04186413902053712 0.2804232804232804
163 0.6425750394944708 0.9285714285714285 0.015007898894154818 0.12169312169312169
182 0.6773301737756714 0.48677248677248675 0.05134281200631911 0.4973544973544973
84 0.6733807266982622 0.8968253968253967 0.026066350710900472 0.07936507936507936
126 0.6765402843601895 0.06349206349206349 0.029225908372827805 0.12698412698412698
145 0.7049763033175356 0.8941798941798942 0.015007898894154818 0.19047619047619047
30 0.7646129541864138 0.45238095238095233 0.04107424960505529 0.30158730158730157
112 0.7942338072669826 0.6243386243386243 0.018167456556082148 0.24338624338624337
72 0.810821484992101 0.6984126984126984 0.0071090047393364926 0.07407407407407407
163 0.8317535545023697 0.626984126984127 0.01579778830963665 0.13227513227513227
20 0.8574249605055292 0.48148148148148145 0.018167456556082148 0.4021164021164021
205 0.8898104265402843 0.49206349206349204 0.038704581358609796 0.21164021164021163
39 0.9214060031595577 0.48148148148148145 0.018167456556082148 0.4021164021164021
205 0.9605055292259084 0.4894179894179894 0.03949447077409163 0.20634920634920634
163 0.990916271721959 0.6243386243386243 0.015007898894154818 0.12698412698412698
158 0.9928909952606635 0.3439153439153439 0.009478672985781991 0.1164021164021164
