126 0.05402930402930403 0.5 0.10805860805860806 0.48148148148148145
84 0.19047619047619047 0.4691358024691358 0.09523809523809523 0.24691358024691357
25 0.32875457875457875 0.3950617283950617 0.11904761904761904 0.7160493827160493
128 0.4652014652014652 0.4691358024691358 0.09523809523809523 0.07407407407407407
20 0.5595238095238095 0.47530864197530864 0.04212454212454213 0.9259259259259258
113 0.6227106227106227 0.37037037037037035 0.07692307692307693 0.7407407407407407
211 0.6923076923076923 0.7469135802469136 0.05128205128205128 0.4567901234567901
155 0.8003663003663004 0.4691358024691358 0.09523809523809523 0.6419753086419753
145 0.9093406593406593 0.3765432098765432 0.038461538461538464 0.7037037037037037
39 0.9752747252747253 0.48148148148148145 0.04212454212454213 0.9382716049382716
