23 0.04736842105263158 0.5753968253968254 0.09473684210526316 0.6587301587301587
47 0.2631578947368421 0.5119047619047619 0.2105263157894737 0.4841269841269841
105 0.3894736842105263 0.8174603174603174 0.04912280701754386 0.3333333333333333
24 0.5070175438596491 0.5714285714285714 0.09473684210526316 0.6507936507936507
130 0.643859649122807 0.2777777777777778 0.09473684210526316 0.23809523809523808
105 0.6280701754385966 0.8174603174603174 0.04912280701754386 0.3333333333333333
84 0.7421052631578947 0.8571428571428571 0.1298245614035088 0.12698412698412698
155 0.7912280701754386 0.2738095238095238 0.1298245614035088 0.2936507936507936
145 0.8894736842105263 0.7817460317460317 0.11578947368421053 0.40476190476190477
145 0.9350877192982456 0.20238095238095238 0.11578947368421053 0.40476190476190477
