23 0.02766393442622951 0.5909090909090908 0.05532786885245902 0.7636363636363636
89 0.13422131147540983 0.5636363636363636 0.1168032786885246 0.7454545454545454
20 0.23463114754098363 0.5909090909090908 0.0389344262295082 0.7454545454545454
163 0.30942622950819676 0.5954545454545455 0.06557377049180328 0.3909090909090909
72 0.4108606557377049 0.7954545454545454 0.022540983606557378 0.17272727272727273
188 0.5184426229508197 0.5136363636363636 0.0819672131147541 0.5909090909090908
39 0.6024590163934427 0.5909090909090908 0.04098360655737705 0.7454545454545454
176 0.6793032786885246 0.6 0.06352459016393443 0.7636363636363636
163 0.7633196721311476 0.609090909090909 0.06352459016393443 0.3818181818181818
25 0.8606557377049181 0.19545454545454544 0.09426229508196722 0.3909090909090909
24 0.9682377049180328 0.6 0.05532786885245902 0.7636363636363636
