15 0.016624040920716114 0.4793814432989691 0.03324808184143223 0.5876288659793815
130 0.06521739130434784 0.5670103092783505 0.05370843989769821 0.41237113402061853
186 0.11381074168797956 0.520618556701031 0.02813299232736573 0.5257731958762887
117 0.16560102301790283 0.5618556701030928 0.0421994884910486 0.7731958762886598
160 0.23145780051150897 0.5618556701030928 0.061381074168797956 0.7938144329896907
164 0.2979539641943734 0.5618556701030928 0.04347826086956522 0.7731958762886598
178 0.39514066496163686 0.5618556701030928 0.05115089514066497 0.5463917525773195
12 0.5025575447570333 0.4948453608247423 0.0639386189258312 0.5979381443298969
178 0.6074168797953965 0.5721649484536082 0.05115089514066497 0.5463917525773195
148 0.823529411764706 0.030927835051546393 0.32480818414322254 0.061855670103092786
15 0.6950127877237853 0.4948453608247423 0.0319693094629156 0.5979381443298969
130 0.7442455242966752 0.5876288659793815 0.05370843989769821 0.41237113402061853
186 0.7947570332480819 0.5412371134020618 0.029411764705882356 0.5257731958762887
117 0.8478260869565218 0.5824742268041238 0.04347826086956522 0.7731958762886598
160 0.9130434782608696 0.5824742268041238 0.05882352941176471 0.7938144329896907
164 0.9763427109974425 0.5773195876288659 0.0421994884910486 0.7628865979381443
