141 0.03898635477582846 0.44148936170212766 0.07797270955165692 0.4574468085106383
163 0.12183235867446393 0.4361702127659574 0.056530214424951264 0.44680851063829785
75 0.19785575048732942 0.3457446808510638 0.08771929824561403 0.6702127659574468
211 0.2787524366471735 0.7446808510638298 0.05458089668615984 0.46808510638297873
210 0.3937621832358674 0.44148936170212766 0.07017543859649122 0.4361702127659574
113 0.47368421052631576 0.7287234042553191 0.05847953216374269 0.4787234042553191
20 0.550682261208577 0.425531914893617 0.037037037037037035 0.851063829787234
186 0.6150097465886939 0.39361702127659576 0.04093567251461988 0.5531914893617021
39 0.672514619883041 0.4308510638297872 0.03508771929824561 0.8404255319148936
84 0.8177387914230019 0.425531914893617 0.10331384015594541 0.23404255319148937
145 0.9766081871345029 0.3457446808510638 0.03898635477582846 0.6276595744680851
