84 0.02821869488536155 0.4326923076923077 0.0564373897707231 0.2884615384615385
20 0.10141093474426807 0.4807692307692308 0.02292768959435626 0.8846153846153847
207 0.1455026455026455 0.5096153846153847 0.047619047619047616 0.5192307692307693
128 0.23015873015873015 0.4326923076923077 0.054673721340388004 0.09615384615384616
101 0.31216931216931215 0.3942307692307693 0.04585537918871252 0.75
145 0.36596119929453264 0.7211538461538461 0.026455026455026454 0.4807692307692308
20 0.38888888888888884 0.46153846153846156 0.026455026455026454 0.8846153846153847
209 0.43474426807760136 0.5961538461538461 0.04056437389770723 0.6923076923076923
149 0.48324514991181655 0.20192307692307693 0.02821869488536155 0.40384615384615385
39 0.5246913580246914 0.4711538461538462 0.026455026455026454 0.9038461538461539
155 0.5943562610229276 0.4326923076923077 0.0564373897707231 0.5961538461538461
101 0.6763668430335097 0.38461538461538464 0.04409171075837742 0.7692307692307693
195 0.7213403880070546 0.6730769230769231 0.024691358024691357 0.46153846153846156
20 0.7513227513227513 0.4519230769230769 0.024691358024691357 0.9038461538461539
209 0.7962962962962963 0.5865384615384616 0.04056437389770723 0.6730769230769231
39 0.8430335097001763 0.4711538461538462 0.024691358024691357 0.9038461538461539
72 0.8747795414462081 0.75 0.01763668430335097 0.2692307692307693
209 0.9365079365079365 0.5865384615384616 0.042328042328042326 0.6730769230769231
39 0.9841269841269841 0.4519230769230769 0.024691358024691357 0.9038461538461539
