20 0.016423357664233577 0.50625 0.032846715328467155 0.9375
126 0.10218978102189781 0.525 0.11313868613138686 0.45
211 0.18613138686131386 0.675 0.043795620437956206 0.45
72 0.23448905109489052 0.775 0.016423357664233577 0.275
126 0.3585766423357664 0.525 0.11131386861313869 0.45
145 0.44343065693430656 0.6687500000000001 0.029197080291970802 0.4375
72 0.4936131386861314 0.7625000000000001 0.016423357664233577 0.25
119 0.6094890510948905 0.68125 0.13503649635036497 0.1125
72 0.7308394160583941 0.7562500000000001 0.016423357664233577 0.2625
126 0.8293795620437956 0.51875 0.11131386861313869 0.4375
130 0.9187956204379562 0.7125 0.05291970802919708 0.30000000000000004
39 0.9790145985401459 0.47500000000000003 0.03467153284671533 0.9500000000000001
