117 0.024963289280469897 0.49292452830188677 0.049926578560939794 0.35377358490566035
53 0.08810572687224669 0.5 0.05580029368575624 0.18867924528301885
59 0.14170337738619676 0.6132075471698113 0.03964757709251101 0.21698113207547168
20 0.19823788546255505 0.4858490566037736 0.035242290748898675 0.3584905660377358
210 0.24302496328928044 0.5 0.0513950073421439 0.1792452830188679
72 0.2856093979441997 0.5990566037735848 0.01908957415565345 0.10377358490566037
210 0.3502202643171806 0.5 0.0513950073421439 0.1792452830188679
148 0.3634361233480176 0.3443396226415094 0.03964757709251101 0.018867924528301886
39 0.3964757709251101 0.49056603773584906 0.032305433186490456 0.3584905660377358
72 0.4331864904552129 0.5990566037735848 0.017621145374449337 0.10377358490566037
89 0.4963289280469897 0.4858490566037736 0.07929515418502202 0.3584905660377358
148 0.5763582966226137 0.22405660377358488 0.20117474302496327 0.023584905660377357
20 0.5594713656387665 0.49056603773584906 0.035242290748898675 0.3584905660377358
210 0.6035242290748898 0.5 0.049926578560939794 0.1792452830188679
39 0.6505139500734214 0.49292452830188677 0.032305433186490456 0.3632075471698113
164 0.7085168869309838 0.5023584905660378 0.04845814977973568 0.35377358490566035
84 0.803230543318649 0.49528301886792453 0.0763582966226138 0.09433962264150943
23 0.8986784140969163 0.49528301886792453 0.05873715124816446 0.9905660377358491
211 0.9706314243759178 0.7334905660377358 0.05286343612334801 0.2783018867924528
145 0.9698972099853157 0.1910377358490566 0.03083700440528634 0.2688679245283019
