172 0.03153153153153153 0.8365384615384616 0.06306306306306306 0.16025641025641024
182 0.10923423423423423 0.4391025641025641 0.13288288288288289 0.41666666666666663
84 0.11599099099099099 0.8269230769230769 0.07882882882882883 0.10256410256410256
168 0.10810810810810811 0.08653846153846154 0.04504504504504504 0.16025641025641024
145 0.19256756756756757 0.8044871794871794 0.038288288288288286 0.22435897435897434
112 0.27364864864864863 0.842948717948718 0.0518018018018018 0.28846153846153844
182 0.3524774774774775 0.4358974358974359 0.13288288288288289 0.41025641025641024
163 0.3186936936936937 0.08012820512820512 0.0518018018018018 0.16025641025641024
84 0.35135135135135137 0.8365384615384616 0.07657657657657657 0.09615384615384615
172 0.3783783783783784 0.14743589743589744 0.04954954954954955 0.11538461538461538
145 0.42792792792792794 0.8108974358974359 0.036036036036036036 0.22435897435897434
126 0.5585585585585585 0.4519230769230769 0.13513513513513514 0.22435897435897434
172 0.6677927927927928 0.5608974358974359 0.06081081081081081 0.16025641025641024
112 0.7466216216216216 0.5544871794871795 0.0518018018018018 0.28846153846153844
84 0.9380630630630631 0.4358974358974359 0.11486486486486486 0.1282051282051282
