95 0.027220630372492834 0.5402298850574713 0.05444126074498567 0.6206896551724138
158 0.07736389684813753 0.14942528735632182 0.014326647564469913 0.25287356321839083
20 0.1167621776504298 0.4367816091954023 0.0329512893982808 0.8735632183908046
210 0.16045845272206302 0.45977011494252873 0.045845272206303724 0.4367816091954023
158 0.20558739255014327 0.13793103448275862 0.015759312320916905 0.25287356321839083
72 0.2335243553008596 0.7068965517241379 0.017191977077363897 0.24137931034482757
205 0.3116045845272206 0.45977011494252873 0.07020057306590258 0.45977011494252873
158 0.36891117478510027 0.14942528735632182 0.015759312320916905 0.25287356321839083
39 0.3989971346704871 0.4540229885057471 0.0329512893982808 0.8620689655172413
84 0.4813753581661891 0.43103448275862066 0.07449856733524356 0.21839080459770116
20 0.5601719197707736 0.43103448275862066 0.034383954154727794 0.8620689655172413
210 0.6038681948424068 0.47126436781609193 0.04727793696275071 0.4367816091954023
158 0.6497134670487106 0.14942528735632182 0.015759312320916905 0.25287356321839083
72 0.6783667621776505 0.7126436781609196 0.01862464183381089 0.25287356321839083
210 0.7349570200573066 0.7701149425287356 0.034383954154727794 0.27586206896551724
158 0.7686246418338109 0.5632183908045977 0.012893982808022923 0.16091954022988506
34 0.8345272206303724 0.4540229885057471 0.07879656160458452 0.8620689655172413
205 0.9090257879656161 0.8333333333333334 0.05300859598853868 0.28735632183908044
158 0.9075931232091691 0.14942528735632182 0.015759312320916905 0.25287356321839083
148 0.920487106017192 0.40804597701149425 0.03868194842406877 0.05747126436781609
158 0.9512893982808023 0.6264367816091954 0.011461318051575931 0.14942528735632182
39 0.981375358166189 0.5057471264367817 0.03151862464183381 0.8735632183908046
