117 0.015249537892791128 0.5 0.030499075785582256 0.9493670886075949
96 0.05268022181146026 0.6265822784810127 0.027726432532347505 0.6962025316455696
164 0.09195933456561922 0.4873417721518987 0.030499075785582256 0.9493670886075949
65 0.16035120147874307 0.5063291139240507 0.048983364140480594 0.5063291139240507
117 0.23105360443622922 0.4810126582278481 0.029574861367837338 0.9367088607594937
207 0.2740295748613678 0.5189873417721519 0.03789279112754159 0.4810126582278481
164 0.316543438077634 0.47468354430379744 0.03234750462107209 0.9493670886075949
84 0.39048059149722736 0.4810126582278481 0.04713493530499076 0.25316455696202533
117 0.46672828096118296 0.47468354430379744 0.029574861367837338 0.9493670886075949
96 0.5041589648798521 0.6075949367088608 0.02865064695009242 0.6835443037974683
164 0.5434380776340111 0.46835443037974683 0.031423290203327174 0.9367088607594937
65 0.6136783733826248 0.5 0.04990757855822551 0.5189873417721519
117 0.6825323475046211 0.4810126582278481 0.02865064695009242 0.9620253164556962
31 0.7319778188539741 0.3987341772151899 0.04621072088724584 0.7215189873417721
145 0.7740295748613678 0.7531645569620253 0.019408502772643253 0.4430379746835443
164 0.8133086876155268 0.4873417721518987 0.031423290203327174 0.9493670886075949
135 0.8918669131238447 0.49367088607594933 0.04990757855822551 0.9620253164556962
153 0.9750462107208873 0.4050632911392405 0.04621072088724584 0.7594936708860759
