10 0.038517441860465115 0.5157894736842105 0.07703488372093023 0.5684210526315789
105 0.08502906976744186 0.7999999999999999 0.0188953488372093 0.35789473684210527
20 0.09375 0.25263157894736843 0.0188953488372093 0.5052631578947369
145 0.12790697674418605 0.22105263157894736 0.020348837209302327 0.35789473684210527
39 0.15988372093023256 0.25789473684210523 0.01744186046511628 0.5157894736842105
6 0.22093023255813954 0.5263157894736842 0.0755813953488372 0.5894736842105263
105 0.26598837209302323 0.7368421052631579 0.01744186046511628 0.35789473684210527
155 0.30959302325581395 0.7736842105263158 0.04941860465116279 0.34736842105263155
145 0.35973837209302323 0.7368421052631579 0.02180232558139535 0.35789473684210527
84 0.45348837209302323 0.6 0.06976744186046512 0.21052631578947367
126 0.5726744186046512 0.6210526315789473 0.0872093023255814 0.37894736842105264
105 0.6315406976744186 0.7368421052631579 0.0188953488372093 0.35789473684210527
128 0.6751453488372093 0.7842105263157895 0.04505813953488372 0.05263157894736842
145 0.7252906976744186 0.7421052631578947 0.023255813953488372 0.3684210526315789
128 0.8146802325581395 0.5947368421052631 0.06831395348837209 0.05263157894736842
126 0.9287790697674418 0.6263157894736842 0.0872093023255814 0.3684210526315789
105 0.9876453488372093 0.7421052631578947 0.0188953488372093 0.34736842105263155
