116 0.017241379310344827 0.45 0.034482758620689655 0.48461538461538467
208 0.04951370468611847 0.7769230769230769 0.022988505747126436 0.4153846153846154
20 0.08267020335985853 0.5192307692307693 0.016799292661361626 0.6230769230769231
186 0.11140583554376657 0.4884615384615385 0.01945181255526083 0.4076923076923077
39 0.13793103448275862 0.5192307692307693 0.015915119363395226 0.6230769230769231
84 0.2011494252873563 0.5115384615384616 0.04686118479221927 0.17692307692307693
20 0.2656940760389036 0.5153846153846154 0.016799292661361626 0.6153846153846154
186 0.29354553492484525 0.4807692307692308 0.01945181255526083 0.4076923076923077
93 0.3209549071618037 0.16923076923076924 0.024756852343059237 0.3230769230769231
72 0.36118479221927496 0.6884615384615385 0.011494252873563218 0.17692307692307693
20 0.4115826702033598 0.5153846153846154 0.016799292661361626 0.6153846153846154
208 0.4416445623342175 0.4884615384615385 0.034482758620689655 0.5923076923076923
155 0.508841732979664 0.5038461538461538 0.04686118479221927 0.4076923076923077
186 0.5685234305923961 0.4807692307692308 0.01945181255526083 0.4076923076923077
39 0.5941644562334217 0.5038461538461538 0.015915119363395226 0.6230769230769231
93 0.6242263483642794 0.1653846153846154 0.024756852343059237 0.3307692307692308
72 0.6635720601237842 0.6884615384615385 0.011494252873563218 0.17692307692307693
186 0.7130857648099027 0.47692307692307695 0.01856763925729443 0.4153846153846154
20 0.7413793103448275 0.5038461538461538 0.016799292661361626 0.6230769230769231
208 0.7723253757736516 0.4884615384615385 0.034482758620689655 0.5923076923076923
155 0.8386383731211317 0.5 0.04686118479221927 0.4153846153846154
186 0.8974358974358974 0.4730769230769231 0.01945181255526083 0.4076923076923077
39 0.9248452696728559 0.5038461538461538 0.015915119363395226 0.6230769230769231
39 0.9522546419098142 0.5 0.015915119363395226 0.6153846153846154
169 0.9924845269672855 0.5653846153846154 0.011494252873563218 0.42307692307692313
