160 0.019877675840978593 0.5954545454545455 0.039755351681957186 0.5363636363636364
71 0.05963302752293578 0.5318181818181817 0.00764525993883792 0.3909090909090909
14 0.12614678899082568 0.42727272727272725 0.07186544342507645 0.5818181818181818
148 0.12691131498470948 0.02727272727272727 0.07339449541284404 0.05454545454545454
211 0.17813455657492355 0.7863636363636364 0.021406727828746176 0.3909090909090909
191 0.23279816513761467 0.509090909090909 0.03134556574923547 0.3818181818181818
3 0.2981651376146789 0.43636363636363634 0.04128440366972477 0.5454545454545454
132 0.3658256880733945 0.509090909090909 0.034403669724770644 0.45454545454545453
20 0.4212538226299694 0.5136363636363636 0.013761467889908258 0.7181818181818181
172 0.4537461773700306 0.5227272727272727 0.034403669724770644 0.3909090909090909
72 0.4954128440366973 0.7318181818181818 0.009174311926605505 0.1909090909090909
57 0.5431957186544343 0.42272727272727273 0.02981651376146789 0.5909090909090908
39 0.5745412844036697 0.509090909090909 0.012996941896024464 0.7090909090909091
127 0.6402905198776758 0.5045454545454545 0.05581039755351682 0.2818181818181818
75 0.7144495412844036 0.41818181818181815 0.035932721712538224 0.6
172 0.7561162079510704 0.5181818181818182 0.03363914373088685 0.3818181818181818
20 0.7912844036697247 0.509090909090909 0.013761467889908258 0.7090909090909091
57 0.8211009174311926 0.41818181818181815 0.0290519877675841 0.5818181818181818
39 0.8516819571865444 0.46818181818181814 0.013761467889908258 0.6454545454545454
108 0.9074923547400612 0.5045454545454545 0.035168195718654434 0.44545454545454544
11 0.9766819571865444 0.4318181818181818 0.04357798165137615 0.5363636363636364
