89 0.02731958762886598 0.5 0.05463917525773196 0.8620689655172413
84 0.08453608247422681 0.5 0.053608247422680416 0.21839080459770116
20 0.1422680412371134 0.5114942528735632 0.02268041237113402 0.8620689655172413
89 0.18350515463917527 0.5057471264367817 0.05567010309278351 0.8735632183908046
145 0.21237113402061855 0.764367816091954 0.020618556701030927 0.40229885057471265
72 0.24948453608247423 0.7758620689655172 0.012371134020618558 0.24137931034482757
119 0.31649484536082473 0.7183908045977011 0.06597938144329897 0.10344827586206896
72 0.38195876288659797 0.7873563218390804 0.01134020618556701 0.24137931034482757
89 0.4381443298969072 0.5172413793103449 0.05567010309278351 0.8735632183908046
25 0.4737113402061856 0.7758620689655172 0.03814432989690722 0.40229885057471265
39 0.511340206185567 0.5229885057471264 0.02268041237113402 0.8620689655172413
71 0.5551546391752578 0.5459770114942528 0.009278350515463918 0.47126436781609193
7 0.6128865979381444 0.4367816091954023 0.060824742268041236 0.6436781609195402
74 0.6896907216494845 0.5517241379310345 0.053608247422680416 0.45977011494252873
22 0.7695876288659794 0.4482758620689655 0.08350515463917527 0.6436781609195402
167 0.8536082474226804 0.5229885057471264 0.06597938144329897 0.3333333333333333
6 0.9268041237113402 0.4482758620689655 0.053608247422680416 0.6896551724137931
25 0.9793814432989691 0.20114942528735633 0.03711340206185567 0.40229885057471265
