0 0.042662116040955635 0.4329268292682927 0.08532423208191127 0.6951219512195123
183 0.18686006825938567 0.5121951219512195 0.09044368600682594 0.41463414634146345
89 0.30204778156996587 0.5121951219512195 0.09215017064846416 0.926829268292683
56 0.35921501706484643 0.7621951219512195 0.052901023890784986 0.4268292682926829
20 0.4180887372013652 0.475609756097561 0.040955631399317405 0.951219512195122
154 0.47696245733788395 0.524390243902439 0.06655290102389079 0.4634146341463415
145 0.5435153583617748 0.7560975609756098 0.03242320819112628 0.43902439024390244
20 0.5981228668941979 0.49390243902439024 0.03924914675767918 0.9146341463414634
41 0.6621160409556314 0.4024390243902439 0.07508532423208192 0.7073170731707318
145 0.726962457337884 0.7439024390243902 0.030716723549488054 0.43902439024390244
72 0.7764505119453925 0.7682926829268293 0.020477815699658702 0.2682926829268293
209 0.863481228668942 0.6097560975609756 0.07167235494880546 0.6829268292682927
39 0.9283276450511946 0.48170731707317077 0.040955631399317405 0.9390243902439025
39 0.9752559726962458 0.4878048780487805 0.042662116040955635 0.951219512195122
