30 0.030216647662485746 0.38961038961038963 0.06043329532497149 0.7012987012987013
105 0.05986316989737742 0.6558441558441559 0.01710376282782212 0.4545454545454546
128 0.09407069555302167 0.7142857142857143 0.03534777651083239 0.07792207792207792
145 0.13340935005701254 0.6688311688311689 0.020524515393386546 0.4545454545454546
84 0.20809578107183582 0.48051948051948057 0.055872291904218926 0.25974025974025977
172 0.28905359179019385 0.5194805194805195 0.04446978335233752 0.4675324675324676
105 0.32212086659065 0.6623376623376623 0.014823261117445839 0.4675324675324676
20 0.35347776510832385 0.48701298701298706 0.020524515393386546 0.9740259740259741
10 0.40421892816419613 0.4025974025974026 0.06043329532497149 0.7012987012987013
105 0.44070695553021666 0.6688311688311689 0.01710376282782212 0.4545454545454546
39 0.47092360319270243 0.48701298701298706 0.020524515393386546 0.9740259740259741
108 0.5410490307867731 0.49350649350649356 0.04446978335233752 0.5974025974025975
10 0.629418472063854 0.4090909090909091 0.06157354618015964 0.7142857142857143
105 0.6664766248574686 0.6753246753246753 0.01710376282782212 0.4675324675324676
128 0.701254275940707 0.7272727272727273 0.036488027366020526 0.07792207792207792
145 0.7405929304446979 0.6818181818181819 0.019384264538198404 0.4545454545454546
65 0.8021664766248575 0.4545454545454546 0.05131128848346636 0.6233766233766234
6 0.8797035347776511 0.4090909090909091 0.06043329532497149 0.7402597402597403
105 0.9161915621436716 0.6883116883116883 0.014823261117445839 0.4415584415584416
128 0.9492588369441277 0.7272727272727273 0.03534777651083239 0.07792207792207792
145 0.9880273660205245 0.6818181818181819 0.019384264538198404 0.4545454545454546
