25 0.04063604240282685 0.4291044776119403 0.0812720848056537 0.4552238805970149
30 0.1083627797408716 0.4291044776119403 0.06595995288574794 0.4552238805970149
20 0.16843345111896346 0.4888059701492537 0.02355712603062426 0.6044776119402985
209 0.21849234393404002 0.5559701492537313 0.05300353356890459 0.44029850746268656
39 0.2714958775029446 0.4888059701492537 0.02237926972909305 0.6044776119402985
108 0.3498233215547703 0.4925373134328358 0.05653710247349823 0.3731343283582089
95 0.43462897526501765 0.5559701492537313 0.0447585394581861 0.44029850746268656
163 0.47938751472320373 0.4925373134328358 0.03533568904593639 0.31343283582089554
53 0.5229681978798586 0.4962686567164179 0.0447585394581861 0.33582089552238803
149 0.574793875147232 0.5559701492537313 0.04946996466431095 0.4253731343283582
101 0.6307420494699646 0.4291044776119403 0.050647820965842166 0.4552238805970149
20 0.6784452296819787 0.4962686567164179 0.02355712603062426 0.6044776119402985
200 0.7232037691401648 0.5 0.04711425206124852 0.3283582089552239
204 0.7714958775029446 0.4925373134328358 0.007067137809187279 0.6268656716417911
3 0.8203769140164899 0.43656716417910446 0.06713780918727914 0.4552238805970149
195 0.878680800942285 0.16417910447761194 0.030624263839811542 0.3283582089552239
145 0.8716136631330977 0.7276119402985074 0.016489988221436984 0.30597014925373134
176 0.9075382803297997 0.7686567164179104 0.024734982332155476 0.43283582089552236
195 0.9440518256772673 0.7164179104477612 0.029446407538280327 0.3283582089552239
39 0.986454652532391 0.4888059701492537 0.02237926972909305 0.6044776119402985
