53 0.04387990762124711 0.51 0.08775981524249422 0.4
59 0.12817551963048499 0.75 0.06235565819861432 0.46
20 0.21593533487297922 0.47500000000000003 0.053117782909930716 0.75
205 0.312933025404157 0.495 0.11316397228637413 0.39
148 0.3290993071593533 0.17500000000000002 0.06235565819861432 0.05
176 0.4053117782909931 0.48 0.04849884526558891 0.76
204 0.45958429561200925 0.48 0.013856812933025403 0.74
205 0.5484988452655889 0.485 0.11316397228637413 0.39
204 0.6339491916859122 0.47000000000000003 0.011547344110854504 0.74
195 0.684757505773672 0.18 0.057736720554272515 0.36
72 0.7505773672055427 0.705 0.027713625866050806 0.21
205 0.8787528868360277 0.485 0.11316397228637413 0.39
39 0.9688221709006928 0.465 0.053117782909930716 0.75
