203 0.043501611170784105 0.2153846153846154 0.08700322234156821 0.2153846153846154
130 0.04189044038668099 0.5076923076923077 0.04296455424274973 0.3384615384615385
108 0.18474758324382384 0.5038461538461538 0.05155746509129967 0.39230769230769236
45 0.3012889366272825 0.43846153846153846 0.061224489795918366 0.47692307692307695
149 0.34156820622986034 0.826923076923077 0.03651987110633727 0.3153846153846154
152 0.36412459720730395 0.16153846153846155 0.045112781954887216 0.3230769230769231
22 0.44951664876476904 0.4346153846153846 0.09559613319011814 0.46923076923076923
72 0.5311493018259935 0.6692307692307693 0.011815252416756176 0.13846153846153847
149 0.6063372717508055 0.5615384615384615 0.050483351235230935 0.4461538461538462
72 0.6680988184747583 0.6653846153846155 0.010741138560687433 0.14615384615384616
161 0.7223415682062299 0.5615384615384615 0.04189044038668099 0.4461538461538462
108 0.8233082706766917 0.49615384615384617 0.050483351235230935 0.39230769230769236
22 0.9500537056928035 0.44230769230769235 0.09559613319011814 0.46923076923076923
