117 0.035864978902953586 0.5271739130434783 0.07172995780590717 0.8152173913043478
201 0.14135021097046413 0.6413043478260869 0.0970464135021097 0.6086956521739131
145 0.24050632911392403 0.7554347826086957 0.03797468354430379 0.3804347826086956
23 0.330168776371308 0.5108695652173912 0.04852320675105485 0.9347826086956521
6 0.430379746835443 0.44021739130434784 0.10970464135021096 0.6413043478260869
211 0.530590717299578 0.20108695652173914 0.056962025316455694 0.40217391304347827
72 0.5886075949367088 0.7717391304347826 0.025316455696202528 0.2391304347826087
6 0.6962025316455696 0.4293478260869565 0.10970464135021096 0.6413043478260869
145 0.7953586497890295 0.20652173913043478 0.04219409282700422 0.3913043478260869
24 0.870253164556962 0.5054347826086957 0.04852320675105485 0.9456521739130435
164 0.960970464135021 0.5054347826086957 0.06962025316455696 0.8152173913043478
