89 0.04160246533127889 0.46951219512195125 0.08320493066255778 0.9146341463414634
56 0.09399075500770417 0.725609756097561 0.046224961479198766 0.4024390243902439
71 0.15716486902927582 0.4878048780487805 0.015408320493066256 0.4878048780487805
154 0.24422187981510016 0.5060975609756098 0.060092449922958396 0.475609756097561
145 0.30277349768875195 0.7317073170731707 0.029275808936825888 0.43902439024390244
20 0.35362095531587057 0.4634146341463415 0.03543913713405239 0.926829268292683
22 0.4329738058551618 0.4024390243902439 0.11710323574730355 0.7073170731707318
39 0.514637904468413 0.4878048780487805 0.03697996918335902 0.926829268292683
167 0.6201848998459168 0.4878048780487805 0.09707241910631742 0.36585365853658536
154 0.736517719568567 0.524390243902439 0.058551617873651776 0.4634146341463415
145 0.7958397534668722 0.7560975609756098 0.029275808936825888 0.43902439024390244
20 0.8466872110939908 0.475609756097561 0.03543913713405239 0.951219512195122
45 0.9167950693374423 0.41463414634146345 0.08012326656394453 0.6829268292682927
39 0.9784283513097073 0.5060975609756098 0.03697996918335902 0.9390243902439025
