53 0.018627450980392157 0.511904761904762 0.03725490196078431 0.18571428571428572
20 0.061274509803921566 0.4976190476190477 0.022549019607843137 0.35714285714285715
210 0.09068627450980392 0.5095238095238096 0.032352941176470584 0.18095238095238098
39 0.12156862745098039 0.5 0.021568627450980392 0.36190476190476195
84 0.17745098039215687 0.4976190476190477 0.050980392156862744 0.09047619047619049
94 0.2725490196078431 0.5071428571428572 0.11176470588235293 0.014285714285714287
150 0.23823529411764705 0.7333333333333334 0.03333333333333333 0.28571428571428575
150 0.24215686274509804 0.1904761904761905 0.03333333333333333 0.28571428571428575
89 0.27598039215686276 0.22619047619047622 0.051960784313725486 0.3666666666666667
210 0.27598039215686276 0.7833333333333334 0.032352941176470584 0.1761904761904762
145 0.30245098039215684 0.3285714285714286 0.018627450980392157 0.17142857142857143
145 0.3073529411764706 0.8761904761904763 0.018627450980392157 0.17142857142857143
20 0.3715686274509804 0.5023809523809524 0.021568627450980392 0.35714285714285715
210 0.4004901960784314 0.511904761904762 0.032352941176470584 0.1761904761904762
39 0.43186274509803924 0.5047619047619049 0.022549019607843137 0.36190476190476195
128 0.4906862745098039 0.5023809523809524 0.051960784313725486 0.02380952380952381
112 0.538235294117647 0.8833333333333334 0.021568627450980392 0.2142857142857143
182 0.5823529411764706 0.48809523809523814 0.06274509803921569 0.4428571428571429
84 0.5769607843137254 0.861904761904762 0.030392156862745098 0.06666666666666668
25 0.5823529411764706 0.08333333333333334 0.03529411764705882 0.16666666666666669
195 0.6161764705882353 0.8595238095238096 0.024509803921568627 0.16666666666666669
64 0.6803921568627451 0.4928571428571429 0.03137254901960784 0.18571428571428572
80 0.7112745098039216 0.6190476190476191 0.022549019607843137 0.12380952380952381
158 0.7102941176470589 0.36190476190476195 0.010784313725490196 0.10476190476190478
112 0.734313725490196 0.661904761904762 0.01764705882352941 0.1619047619047619
94 0.8289215686274509 0.480952380952381 0.11274509803921569 0.01904761904761905
150 0.7936274509803921 0.7166666666666668 0.03431372549019608 0.2904761904761905
150 0.8024509803921569 0.16904761904761906 0.03431372549019608 0.2904761904761905
89 0.8362745098039216 0.20476190476190478 0.050980392156862744 0.36190476190476195
210 0.8308823529411764 0.7666666666666667 0.032352941176470584 0.18095238095238098
112 0.8607843137254901 0.33333333333333337 0.021568627450980392 0.21904761904761907
145 0.8622549019607842 0.861904761904762 0.018627450980392157 0.17142857142857143
20 0.9264705882352942 0.4785714285714286 0.021568627450980392 0.35714285714285715
210 0.9549019607843137 0.48809523809523814 0.03333333333333333 0.1761904761904762
39 0.9867647058823529 0.4785714285714286 0.022549019607843137 0.35714285714285715
