3 0.06455696202531645 0.3711340206185567 0.1291139240506329 0.5773195876288659
126 0.18734177215189873 0.22164948453608246 0.09113924050632911 0.23711340206185566
35 0.1860759493670886 0.7061855670103092 0.08354430379746836 0.36082474226804123
145 0.2746835443037975 0.8298969072164948 0.027848101265822784 0.25773195876288657
128 0.31265822784810127 0.23195876288659795 0.08354430379746836 0.05154639175257732
145 0.4291139240506329 0.17525773195876287 0.04810126582278481 0.35051546391752575
191 0.5822784810126582 0.4639175257731959 0.09620253164556962 0.3711340206185567
3 0.7569620253164557 0.39690721649484534 0.13164556962025317 0.5670103092783505
35 0.8810126582278481 0.7216494845360825 0.09113924050632911 0.3711340206185567
195 0.9708860759493672 0.845360824742268 0.04810126582278481 0.26804123711340205
