0 0.05752212389380531 0.43636363636363634 0.11504424778761062 0.5454545454545454
158 0.14933628318584072 0.13636363636363635 0.0331858407079646 0.2727272727272727
101 0.16261061946902655 0.7727272727272727 0.05973451327433628 0.41818181818181815
84 0.3396017699115044 0.5045454545454545 0.1172566371681416 0.20909090909090908
0 0.5287610619469026 0.4318181818181818 0.11504424778761062 0.5363636363636364
101 0.6371681415929203 0.7636363636363636 0.05752212389380531 0.41818181818181815
20 0.7245575221238938 0.509090909090909 0.04203539823008849 0.7272727272727273
101 0.8108407079646017 0.41363636363636364 0.08628318584070796 0.5909090909090908
148 0.8086283185840708 0.05909090909090909 0.05973451327433628 0.02727272727272727
145 0.8982300884955752 0.7772727272727272 0.02654867256637168 0.3727272727272727
39 0.9756637168141593 0.5 0.03982300884955752 0.7272727272727273
