18 0.051537070524412296 0.5478260869565218 0.10307414104882459 0.5391304347826087
109 0.16546112115732367 0.7739130434782608 0.11030741410488246 0.2608695652173913
20 0.12929475587703435 0.30869565217391304 0.027124773960216998 0.4956521739130435
145 0.18173598553345388 0.2217391304347826 0.059674502712477394 0.4434782608695652
39 0.22784810126582278 0.30434782608695654 0.02531645569620253 0.48695652173913045
20 0.2857142857142857 0.6217391304347826 0.039783001808318265 0.7217391304347827
35 0.3707052441229656 0.5434782608695652 0.10849909584086799 0.5478260869565218
109 0.49276672694394213 0.7695652173913043 0.11030741410488246 0.26956521739130435
20 0.4520795660036166 0.30434782608695654 0.02531645569620253 0.48695652173913045
195 0.5036166365280289 0.24347826086956523 0.048824593128390596 0.4
39 0.5524412296564195 0.3 0.027124773960216998 0.4956521739130435
39 0.6094032549728752 0.6086956521739131 0.03616636528028933 0.7130434782608696
72 0.659132007233273 0.8173913043478261 0.023508137432188065 0.20869565217391306
161 0.7486437613019892 0.6782608695652174 0.07233273056057866 0.5043478260869565
189 0.8137432188065099 0.7304347826086957 0.0433996383363472 0.4
84 0.9466546112115732 0.6 0.09945750452079566 0.20869565217391306
