53 0.026458616010854814 0.525974025974026 0.05291723202170963 0.5064935064935066
195 0.07801899592944368 0.6688311688311689 0.033921302578018994 0.5064935064935066
105 0.12347354138398914 0.4025974025974026 0.029850746268656712 0.7272727272727273
155 0.1987788331071913 0.48051948051948057 0.07462686567164178 0.7272727272727273
53 0.2829036635006784 0.525974025974026 0.05291723202170963 0.5064935064935066
189 0.33582089552238803 0.6753246753246753 0.036635006784260515 0.5194805194805195
112 0.38602442333785614 0.5064935064935066 0.04748982360922659 0.9350649350649352
128 0.4721845318860244 0.48051948051948057 0.06784260515603799 0.07792207792207792
130 0.5603799185888738 0.525974025974026 0.062415196743554946 0.5064935064935066
84 0.6696065128900949 0.48701298701298706 0.07462686567164178 0.27272727272727276
128 0.7883310719131614 0.48701298701298706 0.06784260515603799 0.06493506493506494
53 0.8616010854816825 0.525974025974026 0.05156037991858887 0.5064935064935066
145 0.9131614654002713 0.6688311688311689 0.027137042062415195 0.5064935064935066
113 0.9721845318860244 0.38311688311688313 0.05020352781546811 0.7662337662337663
