0 0.03937007874015748 0.38125000000000003 0.07874015748031496 0.7125
145 0.11181102362204724 0.7250000000000001 0.031496062992125984 0.45
72 0.15590551181102363 0.75 0.01889763779527559 0.275
0 0.24881889763779527 0.3875 0.07874015748031496 0.7250000000000001
195 0.3291338582677165 0.7250000000000001 0.04094488188976378 0.45
178 0.44251968503937006 0.48125 0.08188976377952756 0.41250000000000003
154 0.5614173228346456 0.53125 0.06141732283464567 0.48750000000000004
145 0.6220472440944882 0.7562500000000001 0.025196850393700787 0.4375
20 0.6732283464566929 0.48125 0.03622047244094488 0.9625
22 0.7559055118110236 0.41250000000000003 0.11968503937007874 0.7000000000000001
72 0.8346456692913385 0.7875000000000001 0.01889763779527559 0.275
207 0.9236220472440945 0.5437500000000001 0.06771653543307087 0.48750000000000004
39 0.9779527559055118 0.5 0.03779527559055118 0.9500000000000001
