17 0.06694560669456066 0.42592592592592593 0.13389121338912133 0.7037037037037037
20 0.1705020920502092 0.5 0.0397489539748954 0.9259259259259258
0 0.25523012552301255 0.4135802469135802 0.10878661087866108 0.7037037037037037
145 0.3598326359832636 0.7592592592592592 0.03765690376569037 0.43209876543209874
169 0.4351464435146443 0.5925925925925926 0.025104602510460247 0.6419753086419753
117 0.5376569037656903 0.48765432098765427 0.0711297071129707 0.9012345679012346
59 0.6338912133891212 0.48148148148148145 0.08786610878661087 0.9382716049382716
164 0.7280334728033472 0.47530864197530864 0.0711297071129707 0.9012345679012346
39 0.7970711297071129 0.4691358024691358 0.03765690376569037 0.9382716049382716
84 0.9414225941422594 0.4629629629629629 0.10878661087866108 0.2345679012345679
