89 0.016260162601626015 0.578125 0.03252032520325203 0.78125
14 0.04587688734030197 0.75 0.03368176538908246 0.375
20 0.08072009291521487 0.5703125 0.017421602787456445 0.734375
45 0.12020905923344948 0.515625 0.0429732868757259 0.625
39 0.15563298490127758 0.5859375 0.016260162601626015 0.734375
84 0.2038327526132404 0.5390625 0.03832752613240418 0.234375
45 0.2682926829268293 0.5 0.041811846689895474 0.625
149 0.3037166085946574 0.359375 0.022067363530778164 0.34375
130 0.32752613240418116 0.21875 0.016260162601626015 0.21875
155 0.37630662020905925 0.5625 0.03716608594657375 0.5
53 0.43147502903600465 0.6015625 0.029036004645760744 0.421875
130 0.45993031358885017 0.796875 0.018583042973286876 0.25
128 0.48722415795586527 0.75 0.024390243902439025 0.0625
145 0.5110336817653891 0.7421875 0.009291521486643438 0.359375
45 0.5493612078977933 0.5 0.041811846689895474 0.625
149 0.5847851335656213 0.34375 0.019744483159117306 0.34375
130 0.60801393728223 0.203125 0.015098722415795587 0.21875
128 0.6300813008130082 0.171875 0.017421602787456445 0.0625
145 0.6515679442508711 0.1484375 0.006968641114982578 0.296875
155 0.6933797909407665 0.53125 0.03716608594657375 0.5
67 0.7752613240418118 0.5390625 0.08246225319396051 0.109375
155 0.8548199767711963 0.53125 0.03716608594657375 0.5
53 0.9094076655052264 0.609375 0.030197444831591175 0.4375
211 0.937862950058072 0.734375 0.019744483159117306 0.375
45 0.9773519163763066 0.5 0.04065040650406504 0.625
