207 0.031407035175879394 0.5684210526315789 0.06281407035175879 0.4631578947368421
189 0.09045226130653267 0.25263157894736843 0.03015075376884422 0.4842105263157895
210 0.14761306532663318 0.5684210526315789 0.04648241206030151 0.4421052631578947
195 0.1984924623115578 0.24210526315789474 0.032663316582914576 0.4631578947368421
128 0.2657035175879397 0.5421052631578948 0.06407035175879397 0.09473684210526316
209 0.3335427135678392 0.6368421052631579 0.056532663316582916 0.6210526315789473
20 0.38944723618090454 0.5421052631578948 0.02512562814070352 0.8736842105263157
209 0.43592964824120606 0.6368421052631579 0.05778894472361809 0.6210526315789473
195 0.49120603015075376 0.24736842105263157 0.032663316582914576 0.47368421052631576
128 0.5571608040201005 0.5421052631578948 0.06407035175879397 0.07368421052631578
207 0.632537688442211 0.5578947368421052 0.06407035175879397 0.4631578947368421
195 0.6922110552763819 0.23684210526315788 0.035175879396984924 0.47368421052631576
39 0.7355527638190955 0.531578947368421 0.026381909547738693 0.8526315789473684
195 0.7770100502512562 0.23157894736842105 0.03391959798994975 0.4631578947368421
84 0.8712311557788945 0.5210526315789473 0.06909547738693468 0.2631578947368421
211 0.9717336683417086 0.43157894736842106 0.05150753768844221 0.6736842105263158
