20 0.027380952380952384 0.5280898876404494 0.05476190476190477 0.8539325842696629
47 0.15000000000000002 0.4606741573033708 0.1380952380952381 0.651685393258427
145 0.2404761904761905 0.7696629213483146 0.04761904761904762 0.4157303370786517
58 0.3178571428571429 0.5280898876404494 0.0642857142857143 0.8539325842696629
7 0.42380952380952386 0.4438202247191011 0.14285714285714288 0.6404494382022472
148 0.45238095238095244 0.028089887640449437 0.08571428571428572 0.056179775280898875
39 0.5488095238095239 0.5224719101123595 0.05476190476190477 0.8426966292134831
191 0.6845238095238095 0.5168539325842696 0.09761904761904763 0.449438202247191
47 0.8761904761904763 0.449438202247191 0.1380952380952381 0.651685393258427
158 0.9821428571428572 0.21348314606741572 0.026190476190476195 0.24719101123595505
