210 0.046031746031746035 0.5270270270270271 0.09206349206349207 0.2
25 0.16666666666666666 0.6405405405405405 0.1111111111111111 0.1891891891891892
137 0.31587301587301586 0.5162162162162163 0.1111111111111111 0.3945945945945946
105 0.43174603174603177 0.8918918918918919 0.0380952380952381 0.1837837837837838
61 0.5888888888888889 0.518918918918919 0.2126984126984127 0.5081081081081081
84 0.5428571428571428 0.9297297297297298 0.10793650793650794 0.06486486486486487
25 0.5888888888888889 0.0972972972972973 0.11746031746031746 0.1945945945945946
145 0.7095238095238096 0.8945945945945947 0.05396825396825397 0.1891891891891892
41 0.8714285714285714 0.48378378378378384 0.13015873015873017 0.3081081081081081
105 0.9777777777777777 0.6513513513513514 0.031746031746031744 0.1891891891891892
