204 0.0016600265604249666 0.8613861386138614 0.0033200531208499333 0.24752475247524752
210 0.01693227091633466 0.8787128712871287 0.015272244355909693 0.11386138613861387
204 0.034528552456839307 0.8663366336633663 0.0026560424966799467 0.24752475247524752
110 0.04382470119521912 0.45792079207920794 0.018592297476759626 0.4603960396039604
122 0.05942895086321381 0.8737623762376238 0.020584329349269587 0.21287128712871287
163 0.08565737051792828 0.8787128712871287 0.01195219123505976 0.11386138613861387
80 0.11321381142098273 0.4777227722772277 0.020584329349269587 0.19306930693069307
128 0.14342629482071712 0.2821782178217822 0.022576361221779546 0.019801980198019802
20 0.1696547144754316 0.26732673267326734 0.011288180610889773 0.36633663366336633
94 0.20119521912350596 0.2821782178217822 0.046480743691899064 0.019801980198019802
93 0.1895750332005312 0.09653465346534654 0.019256308100929615 0.17326732673267328
59 0.20019920318725098 0.46782178217821785 0.015272244355909693 0.22277227722772278
154 0.2138114209827357 0.13366336633663367 0.017264276228419653 0.1188118811881188
128 0.24236387782204513 0.2821782178217822 0.022576361221779546 0.019801980198019802
76 0.2702523240371846 0.2524752475247525 0.014608233731739707 0.1782178217821782
39 0.28618857901726424 0.2599009900990099 0.01195219123505976 0.3712871287128713
160 0.3160690571049137 0.2747524752475248 0.021248339973439574 0.22277227722772278
20 0.3379814077025232 0.2698019801980198 0.00796812749003984 0.21287128712871287
210 0.35159362549800793 0.27970297029702973 0.013944223107569721 0.11386138613861387
39 0.3668658698539176 0.2747524752475248 0.008632138114209827 0.21287128712871287
75 0.397742363877822 0.41336633663366334 0.025232403718459494 0.29207920792079206
210 0.4282868525896414 0.4628712871287129 0.0199203187250996 0.18316831683168316
122 0.4691235059760956 0.452970297029703 0.03519256308100929 0.3316831683168317
6 0.5199203187250996 0.41336633663366334 0.034528552456839307 0.2821782178217822
35 0.5577689243027888 0.4183168316831683 0.034528552456839307 0.2722772277227723
195 0.5913014608233731 0.31435643564356436 0.016600265604249667 0.17326732673267328
80 0.6251660026560425 0.46534653465346537 0.020584329349269587 0.18811881188118812
128 0.6560424966799469 0.27722772277227725 0.022576361221779546 0.019801980198019802
20 0.6819389110225763 0.2722772277227723 0.00796812749003984 0.21782178217821782
145 0.6998671978751659 0.24504950495049505 0.01195219123505976 0.17326732673267328
155 0.7300796812749003 0.2698019801980198 0.02191235059760956 0.15346534653465346
83 0.7569721115537849 0.2722772277227723 0.01195219123505976 0.1188118811881188
39 0.7702523240371846 0.26485148514851486 0.00796812749003984 0.21287128712871287
20 0.7885126162018592 0.25495049504950495 0.011288180610889773 0.3712871287128713
94 0.8200531208499335 0.2747524752475248 0.04780876494023904 0.024752475247524754
93 0.8081009296148738 0.08663366336633664 0.018592297476759626 0.17326732673267328
59 0.8193891102257636 0.45792079207920794 0.017264276228419653 0.22277227722772278
154 0.8330013280212483 0.12376237623762376 0.016600265604249667 0.1188118811881188
128 0.8618857901726427 0.2722772277227723 0.022576361221779546 0.019801980198019802
76 0.8904382470119522 0.24257425742574257 0.014608233731739707 0.1782178217821782
39 0.9067065073041168 0.25 0.012616201859229747 0.3712871287128713
160 0.9369189907038512 0.2623762376237624 0.021248339973439574 0.21782178217821782
20 0.9588313413014607 0.25742574257425743 0.00796812749003984 0.2079207920792079
211 0.9770916334661354 0.2376237623762376 0.01792828685258964 0.1782178217821782
39 0.99468791500664 0.25742574257425743 0.00796812749003984 0.21782178217821782
