89 0.02298352124891587 0.29545454545454547 0.04596704249783174 0.5
20 0.06548135299219428 0.29870129870129875 0.0199479618386817 0.49350649350649356
212 0.09236773633998265 0.29545454545454547 0.026886383347788378 0.4740259740259741
20 0.12705984388551603 0.29545454545454547 0.0199479618386817 0.48701298701298706
207 0.15741543798785776 0.30844155844155846 0.03729401561144839 0.2532467532467533
39 0.18863833477883782 0.29870129870129875 0.0199479618386817 0.49350649350649356
39 0.212489158716392 0.29870129870129875 0.019080659150043363 0.49350649350649356
84 0.2610581092801388 0.29870129870129875 0.045099739809193407 0.12987012987012989
204 0.3052905464006938 0.827922077922078 0.005203816131830009 0.3181818181818182
59 0.32653946227233305 0.8344155844155845 0.023417172593235037 0.29220779220779225
182 0.3616652211621856 0.30519480519480524 0.055507372072853424 0.6103896103896105
204 0.3495229835212489 0.827922077922078 0.005203816131830009 0.3181818181818182
122 0.38204683434518644 0.8441558441558442 0.026886383347788378 0.28571428571428575
168 0.41500433651344315 0.8506493506493507 0.01821335646140503 0.15584415584415584
53 0.4670424978317433 0.3246753246753247 0.033824804856895055 0.25974025974025977
59 0.49956634865568084 0.48051948051948057 0.022549869904596703 0.29870129870129875
20 0.5320901994796183 0.30194805194805197 0.0199479618386817 0.48701298701298706
210 0.5581092801387684 0.3181818181818182 0.028620988725065046 0.24675324675324678
72 0.5832610581092801 0.4610389610389611 0.011274934952298352 0.14285714285714288
205 0.6300954032957502 0.31493506493506496 0.042497831743278404 0.2532467532467533
39 0.6634865568083261 0.30519480519480524 0.019080659150043363 0.49350649350649356
207 0.702081526452732 0.31493506493506496 0.03729401561144839 0.2532467532467533
59 0.735906331309627 0.1590909090909091 0.023417172593235037 0.29220779220779225
155 0.7862098872506504 0.30844155844155846 0.04596704249783174 0.34415584415584416
141 0.8386816999132697 0.3246753246753247 0.031222896790980052 0.25974025974025977
20 0.8759757155247181 0.30519480519480524 0.020815264527320035 0.49350649350649356
204 0.8959236773633998 0.31493506493506496 0.005203816131830009 0.48701298701298706
207 0.9228100607111882 0.32792207792207795 0.038161318300086726 0.2532467532467533
204 0.9509973980919341 0.3116883116883117 0.004336513443191674 0.48051948051948057
168 0.9687771032090199 0.16558441558441558 0.017346053772766695 0.16233766233766234
39 0.9887250650477016 0.30519480519480524 0.019080659150043363 0.49350649350649356
