205 0.051759834368530024 0.5931372549019608 0.10351966873706005 0.38235294117647056
20 0.14492753623188406 0.5784313725490196 0.041407867494824016 0.7058823529411764
172 0.2173913043478261 0.6029411764705882 0.08695652173913045 0.38235294117647056
145 0.30227743271221535 0.7696078431372549 0.037267080745341616 0.3627450980392157
169 0.3788819875776398 0.6617647058823529 0.02484472049689441 0.5196078431372549
148 0.5983436853002071 0.03431372549019608 0.34368530020703936 0.06862745098039216
52 0.489648033126294 0.5196078431372549 0.11387163561076605 0.5686274509803921
0 0.6242236024844721 0.5294117647058824 0.10973084886128365 0.5686274509803921
195 0.7267080745341615 0.3235294117647059 0.05797101449275363 0.3529411764705882
145 0.7277432712215322 0.803921568627451 0.039337474120082816 0.3529411764705882
39 0.7919254658385094 0.6078431372549019 0.039337474120082816 0.7450980392156863
155 0.9409937888198758 0.6127450980392157 0.10973084886128365 0.5196078431372549
