155 0.02516309412861137 0.5024630541871922 0.05032618825722274 0.2660098522167488
6 0.10764212488350419 0.458128078817734 0.05684995340167754 0.31527093596059114
195 0.146784715750233 0.6502463054187192 0.023299161230195712 0.21674876847290642
20 0.21388630009319665 0.49507389162561577 0.03821062441752097 0.9901477832512315
22 0.27772600186393287 0.45566502463054187 0.0782851817334576 0.30049261083743845
20 0.3345759552656104 0.5 0.01863932898415657 0.39901477832512317
45 0.3853681267474371 0.45566502463054187 0.05312208760484623 0.30049261083743845
163 0.41379310344827586 0.6822660098522167 0.020503261882572225 0.14285714285714285
195 0.43103448275862066 0.2561576354679803 0.023299161230195712 0.21674876847290642
39 0.4641192917054986 0.5 0.016775396085740912 0.39901477832512317
155 0.527027027027027 0.5 0.04939422180801491 0.26108374384236455
163 0.5931966449207828 0.5 0.02889095992544268 0.21182266009852216
94 0.6635601118359739 0.5 0.08387698042870456 0.034482758620689655
75 0.646784715750233 0.7339901477832512 0.04473438956197577 0.3251231527093596
75 0.6626281453867661 0.1748768472906404 0.04473438956197577 0.33004926108374383
163 0.684995340167754 0.7832512315270936 0.027958993476234855 0.20689655172413793
22 0.755358807082945 0.45566502463054187 0.07735321528424977 0.30049261083743845
20 0.8122087604846225 0.5 0.017707362534948742 0.39901477832512317
45 0.8630009319664492 0.4605911330049261 0.0521901211556384 0.30049261083743845
163 0.891425908667288 0.6822660098522167 0.0195712954333644 0.14285714285714285
195 0.9072693383038211 0.2561576354679803 0.023299161230195712 0.21674876847290642
39 0.9412861136999068 0.5024630541871922 0.016775396085740912 0.4039408866995074
39 0.9794967381174278 0.4975369458128079 0.03727865796831314 0.9852216748768473
