89 0.0718475073313783 0.48170731707317077 0.1436950146627566 0.9390243902439025
72 0.13049853372434017 0.7621951219512195 0.03812316715542522 0.25609756097560976
20 0.2434017595307918 0.4878048780487805 0.05278592375366569 0.926829268292683
207 0.34017595307917886 0.5060975609756098 0.11730205278592376 0.475609756097561
72 0.4398826979472141 0.7682926829268293 0.03519061583577712 0.2682926829268293
209 0.5498533724340176 0.6036585365853658 0.11436950146627566 0.6707317073170732
39 0.6436950146627566 0.46951219512195125 0.06158357771260997 0.9390243902439025
72 0.7052785923753666 0.7621951219512195 0.03812316715542522 0.25609756097560976
186 0.8709677419354839 0.43902439024390244 0.05865102639296188 0.5853658536585367
145 0.9648093841642229 0.75 0.05865102639296188 0.45121951219512196
