20 0.010579064587973273 0.5470085470085471 0.021158129175946547 0.6837606837606838
101 0.05512249443207127 0.4658119658119659 0.043429844097995544 0.5555555555555556
148 0.05345211581291759 0.13247863247863248 0.031180400890868595 0.025641025641025644
56 0.09910913140311804 0.8461538461538463 0.026726057906458794 0.20512820512820515
39 0.1408685968819599 0.5470085470085471 0.021158129175946547 0.6837606837606838
128 0.1876391982182628 0.20940170940170943 0.043429844097995544 0.042735042735042736
145 0.23608017817371937 0.17521367521367523 0.013363028953229397 0.35042735042735046
20 0.27839643652561247 0.5512820512820513 0.020044543429844096 0.6923076923076924
105 0.30957683741648107 0.4658119658119659 0.022271714922048998 0.5384615384615385
75 0.3524498886414254 0.48290598290598297 0.04788418708240534 0.5384615384615385
148 0.405902004454343 0.5299145299145299 0.05456570155902004 0.05128205128205129
35 0.4042316258351893 0.8034188034188035 0.042316258351893093 0.35897435897435903
39 0.45044543429844097 0.5555555555555556 0.021158129175946547 0.6837606837606838
84 0.5484409799554566 0.5512820512820513 0.05902004454342984 0.1965811965811966
14 0.6765033407572383 0.46153846153846156 0.10356347438752783 0.5470085470085471
20 0.7516703786191536 0.5427350427350428 0.020044543429844096 0.6752136752136753
148 0.8056792873051225 0.13675213675213677 0.07238307349665923 0.05128205128205129
35 0.80456570155902 0.4786324786324787 0.06347438752783964 0.5128205128205129
72 0.8702672605790646 0.7307692307692308 0.014476614699331848 0.1452991452991453
101 0.9393095768374164 0.4572649572649573 0.043429844097995544 0.5555555555555556
148 0.938195991091314 0.12820512820512822 0.030066815144766147 0.03418803418803419
39 0.9871937639198218 0.5512820512820513 0.021158129175946547 0.6752136752136753
