110 0.018415741675075682 0.46568627450980393 0.036831483350151364 0.9117647058823529
3 0.033299697275479316 0.8455882352941176 0.01917255297679112 0.2107843137254902
163 0.047679112008072656 0.9387254901960784 0.0075681130171543895 0.10294117647058823
204 0.06912209889001009 0.47058823529411764 0.0030272452068617556 0.4117647058823529
7 0.09233097880928355 0.42892156862745096 0.03229061553985873 0.29901960784313725
95 0.12083753784056508 0.5098039215686274 0.023713420787083755 0.29411764705882354
204 0.14076690211907164 0.47058823529411764 0.0030272452068617556 0.4117647058823529
195 0.15539858728557013 0.22549019607843138 0.013118062563067608 0.21568627450980393
168 0.1808779011099899 0.47058823529411764 0.016649848637739658 0.21568627450980393
75 0.20232088799192735 0.4166666666666667 0.024217961654894045 0.3235294117647059
168 0.2217457114026236 0.47058823529411764 0.016649848637739658 0.21568627450980393
75 0.2532795156407669 0.4117647058823529 0.024217961654894045 0.3235294117647059
188 0.27674066599394553 0.4166666666666667 0.019677093844601413 0.3137254901960784
121 0.3181130171543895 0.4583333333333333 0.025731584258324926 0.3284313725490196
110 0.36629667003027244 0.45588235294117646 0.03632694248234107 0.9117647058823529
3 0.3806760847628658 0.8333333333333334 0.01866801210898083 0.20588235294117646
163 0.39480322906155396 0.9240196078431372 0.0075681130171543895 0.10294117647058823
20 0.4124621594349142 0.45588235294117646 0.00958627648839556 0.39215686274509803
204 0.4263370332996973 0.45588235294117646 0.0030272452068617556 0.4117647058823529
7 0.44954591321897075 0.4117647058823529 0.03128153380423814 0.29411764705882354
148 0.48360242179616547 0.29411764705882354 0.029767911200807264 0.029411764705882353
149 0.48360242179616547 0.49019607843137253 0.023713420787083755 0.28431372549019607
204 0.5045408678102926 0.45098039215686275 0.0030272452068617556 0.4117647058823529
195 0.5181634712411706 0.2107843137254902 0.013118062563067608 0.21568627450980393
155 0.5544904137235116 0.446078431372549 0.027245206861755803 0.2647058823529412
6 0.5991422805247225 0.4019607843137255 0.03077699293642785 0.3137254901960784
168 0.62058526740666 0.45098039215686275 0.016145307769929364 0.21568627450980393
204 0.6367305751765893 0.446078431372549 0.0030272452068617556 0.4117647058823529
7 0.6601917255297679 0.3995098039215686 0.031786074672048435 0.29901960784313725
148 0.6945005045408679 0.27941176470588236 0.029767911200807264 0.029411764705882353
149 0.6939959636730575 0.4803921568627451 0.023713420787083755 0.28431372549019607
204 0.7146821392532795 0.4387254901960784 0.0025227043390514633 0.4068627450980392
195 0.7290615539858729 0.19852941176470587 0.013118062563067608 0.2107843137254902
155 0.7646316851664985 0.4362745098039216 0.02674066599394551 0.2647058823529412
204 0.7966700302724521 0.4362745098039216 0.0030272452068617556 0.4117647058823529
148 0.8171039354187689 0.2769607843137255 0.029767911200807264 0.03431372549019608
149 0.8171039354187689 0.47549019607843135 0.023713420787083755 0.28431372549019607
204 0.8375378405650857 0.43137254901960786 0.0030272452068617556 0.4117647058823529
195 0.851664984863774 0.19362745098039216 0.013118062563067608 0.2107843137254902
39 0.8700807265388496 0.4338235294117647 0.00958627648839556 0.39705882352941174
168 0.8932896064581232 0.4362745098039216 0.016649848637739658 0.21568627450980393
75 0.9152371342078709 0.38480392156862747 0.024217961654894045 0.3284313725490196
168 0.9346619576185671 0.4362745098039216 0.016649848637739658 0.21568627450980393
75 0.9656912209889001 0.3799019607843137 0.024217961654894045 0.3284313725490196
188 0.9891523713420787 0.38235294117647056 0.019677093844601413 0.3137254901960784
