207 0.020216962524654835 0.6145833333333333 0.04043392504930967 0.3958333333333333
155 0.09418145956607496 0.5885416666666666 0.054240631163708086 0.5729166666666666
207 0.16666666666666669 0.6145833333333333 0.04142011834319527 0.3958333333333333
195 0.20759368836291914 0.24479166666666666 0.02465483234714004 0.40625
209 0.24901380670611442 0.6979166666666666 0.038461538461538464 0.5625
54 0.29191321499013806 0.3020833333333333 0.03550295857988166 0.2708333333333333
57 0.32840236686390534 0.234375 0.02366863905325444 0.4270833333333333
128 0.39595660749506906 0.5729166666666666 0.05029585798816568 0.041666666666666664
186 0.45956607495069035 0.5260416666666666 0.02366863905325444 0.5520833333333333
195 0.4911242603550296 0.234375 0.025641025641025644 0.40625
155 0.5611439842209073 0.5677083333333333 0.05325443786982249 0.5729166666666666
210 0.6321499013806706 0.59375 0.03353057199211046 0.3958333333333333
96 0.6711045364891519 0.35416666666666663 0.03254437869822485 0.3958333333333333
209 0.7169625246548323 0.6770833333333333 0.037475345167652864 0.5625
64 0.7544378698224853 0.29166666666666663 0.02366863905325444 0.2708333333333333
128 0.7928994082840237 0.2708333333333333 0.037475345167652864 0.041666666666666664
57 0.8333333333333334 0.21354166666666666 0.02366863905325444 0.4270833333333333
84 0.9058185404339251 0.5572916666666666 0.054240631163708086 0.21875
211 0.980276134122288 0.49479166666666663 0.03550295857988166 0.59375
