22 0.0710594315245478 0.38679245283018865 0.1421188630490956 0.7735849056603773
105 0.1421188630490956 0.6698113207547169 0.020671834625323 0.4716981132075472
3 0.20155038759689922 0.3962264150943396 0.09302325581395349 0.7547169811320754
158 0.2803617571059432 0.18867924528301885 0.023255813953488372 0.3018867924528302
84 0.38113695090439276 0.4245283018867924 0.08527131782945736 0.2830188679245283
30 0.5206718346253231 0.40566037735849053 0.09043927648578812 0.7358490566037735
105 0.5775193798449613 0.6792452830188679 0.018087855297157625 0.4528301886792453
84 0.6821705426356589 0.4245283018867924 0.082687338501292 0.2830188679245283
89 0.7997416020671835 0.4811320754716981 0.06976744186046512 0.9622641509433962
105 0.8410852713178295 0.6698113207547169 0.018087855297157625 0.4716981132075472
3 0.9018087855297158 0.40566037735849053 0.09302325581395349 0.7358490566037735
158 0.9819121447028424 0.1981132075471698 0.02583979328165375 0.32075471698113206
