51 0.03305785123966942 0.5053191489361702 0.06611570247933884 0.6063829787234042
108 0.1184573002754821 0.5851063829787234 0.05234159779614325 0.425531914893617
15 0.19903581267217632 0.5 0.04269972451790634 0.5957446808510638
148 0.2878787878787879 0.026595744680851064 0.18732782369146006 0.05319148936170213
20 0.24586776859504134 0.5744680851063829 0.023415977961432508 0.7872340425531915
201 0.29958677685950413 0.6861702127659575 0.06198347107438017 0.5851063829787234
39 0.3526170798898072 0.5691489361702128 0.024793388429752067 0.7978723404255319
58 0.400137741046832 0.5319148936170213 0.03168044077134986 0.7234042553191489
117 0.4634986225895317 0.5744680851063829 0.045454545454545456 0.7872340425531915
201 0.534435261707989 0.6808510638297872 0.06336088154269973 0.5744680851063829
164 0.6060606060606061 0.5638297872340425 0.0440771349862259 0.7872340425531915
84 0.721763085399449 0.5744680851063829 0.07162534435261708 0.2127659574468085
15 0.8305785123966942 0.5 0.0440771349862259 0.5957446808510638
20 0.8794765840220385 0.5797872340425532 0.026170798898071626 0.7978723404255319
201 0.9318181818181819 0.6861702127659575 0.06198347107438017 0.5851063829787234
39 0.9848484848484849 0.5744680851063829 0.024793388429752067 0.7872340425531915
