22 0.03742110009017132 0.42857142857142855 0.07484220018034264 0.5714285714285714
158 0.09017132551848511 0.22448979591836732 0.010820559062218214 0.22448979591836732
65 0.1357078449053201 0.5153061224489796 0.04779080252479711 0.4183673469387755
47 0.2078449053201082 0.42857142857142855 0.05139765554553652 0.5918367346938775
158 0.2484220018034265 0.2346938775510204 0.009918845807033363 0.22448979591836732
84 0.2944093778178539 0.4897959183673469 0.04779080252479711 0.2040816326530612
23 0.3480613165013526 0.4948979591836734 0.021641118124436427 0.9693877551020408
210 0.37962128043282234 0.5102040816326531 0.03065825067628494 0.3877551020408163
158 0.40892696122633 0.2346938775510204 0.009918845807033363 0.22448979591836732
108 0.4490532010820559 0.5153061224489796 0.034265103697024346 0.4183673469387755
47 0.51487826871055 0.423469387755102 0.05229936880072137 0.6020408163265306
158 0.5559062218214608 0.22448979591836732 0.009918845807033363 0.22448979591836732
71 0.587917042380523 0.520408163265306 0.009017132551848512 0.4081632653061224
163 0.6311992786293958 0.5051020408163265 0.025247971145175834 0.39795918367346933
158 0.6577998196573489 0.22959183673469385 0.009918845807033363 0.21428571428571427
20 0.6857529305680793 0.47959183673469385 0.020739404869251576 0.7755102040816326
210 0.7132551848512173 0.49999999999999994 0.03065825067628494 0.3877551020408163
158 0.7430117222723174 0.2193877551020408 0.010820559062218214 0.2346938775510204
72 0.7592425608656447 0.7244897959183673 0.010820559062218214 0.22448979591836732
210 0.7989179440937781 0.49999999999999994 0.03065825067628494 0.3877551020408163
148 0.8070333633904418 0.17857142857142855 0.02344454463480613 0.0510204081632653
158 0.827321911632101 0.22448979591836732 0.009918845807033363 0.22448979591836732
39 0.8471596032461677 0.4897959183673469 0.020739404869251576 0.7755102040816326
84 0.8981064021641118 0.47959183673469385 0.04688908926961226 0.2040816326530612
211 0.9531109107303877 0.40306122448979587 0.032461677186654644 0.6020408163265306
24 0.9873760144274121 0.4846938775510204 0.021641118124436427 0.9693877551020408
