7 0.03349282296650718 0.3129496402877698 0.06698564593301436 0.381294964028777
84 0.13337320574162678 0.36330935251798563 0.05861244019138756 0.1366906474820144
6 0.23684210526315788 0.30935251798561153 0.06220095693779904 0.40287769784172667
190 0.24222488038277512 0.02877697841726619 0.027511961722488036 0.05755395683453238
155 0.32595693779904306 0.3597122302158274 0.05861244019138756 0.34532374100719426
30 0.4084928229665072 0.7841726618705036 0.04425837320574162 0.2589928057553957
108 0.45215311004784686 0.8129496402877698 0.03110047846889952 0.2446043165467626
41 0.4958133971291866 0.7805755395683454 0.03708133971291866 0.26618705035971224
182 0.5245215311004785 0.36330935251798563 0.07057416267942583 0.4676258992805756
105 0.5257177033492823 0.7877697841726619 0.01555023923444976 0.2517985611510791
130 0.5544258373205742 0.8201438848920863 0.034688995215311005 0.17266187050359713
95 0.590311004784689 0.8597122302158274 0.029904306220095694 0.2517985611510791
6 0.6429425837320574 0.7805755395683454 0.04425837320574162 0.26618705035971224
10 0.7171052631578947 0.302158273381295 0.06339712918660287 0.38848920863309355
30 0.7721291866028708 0.4460431654676259 0.04186602870813397 0.2589928057553957
178 0.8636363636363636 0.3489208633093525 0.05502392344497607 0.32374100719424465
48 0.9665071770334928 0.302158273381295 0.06220095693779904 0.38848920863309355
