13 0.019305019305019305 0.410958904109589 0.03861003861003861 0.7397260273972602
158 0.048745173745173745 0.1780821917808219 0.01254826254826255 0.3561643835616438
6 0.08735521235521236 0.410958904109589 0.05115830115830116 0.7671232876712328
145 0.12306949806949807 0.6986301369863013 0.01640926640926641 0.4657534246575342
84 0.19305019305019305 0.5136986301369862 0.04633204633204634 0.2876712328767123
126 0.27750965250965254 0.5547945205479452 0.056949806949806954 0.4794520547945205
145 0.32142857142857145 0.7123287671232876 0.015444015444015444 0.4657534246575342
155 0.3827220077220077 0.5273972602739726 0.04922779922779923 0.6712328767123288
126 0.46042471042471045 0.5547945205479452 0.05791505791505792 0.4794520547945205
195 0.5038610038610039 0.7123287671232876 0.021235521235521235 0.4657534246575342
155 0.5656370656370656 0.5342465753424657 0.04633204633204634 0.684931506849315
119 0.6525096525096525 0.732876712328767 0.07142857142857142 0.1232876712328767
100 0.7485521235521235 0.5205479452054794 0.04343629343629344 0.5753424657534246
126 0.8325289575289575 0.5616438356164384 0.056949806949806954 0.4931506849315068
145 0.8764478764478765 0.7123287671232876 0.015444015444015444 0.4657534246575342
72 0.9025096525096525 0.821917808219178 0.007722007722007722 0.3013698630136986
13 0.9623552123552124 0.4452054794520548 0.03861003861003861 0.726027397260274
158 0.9917953667953668 0.2191780821917808 0.01254826254826255 0.3561643835616438
