195 0.007746790615316512 0.30972222222222223 0.015493581230633024 0.15833333333333333
154 0.030765825586542717 0.34305555555555556 0.01814962372731297 0.10277777777777779
160 0.05998229305002213 0.33055555555555555 0.02080566622399292 0.2111111111111111
20 0.08034528552456839 0.33611111111111114 0.008410801239486499 0.20555555555555557
210 0.09451084550686144 0.3375 0.014608233731739709 0.10277777777777779
39 0.10668437361664454 0.33194444444444443 0.00796812749003984 0.20833333333333334
84 0.1301460823373174 0.33194444444444443 0.02213368747233289 0.05277777777777778
3 0.15648517042939353 0.5513888888888889 0.013722886232846392 0.09722222222222222
35 0.17264276228419656 0.5847222222222223 0.015050907481186366 0.075
110 0.18193891102257637 0.33472222222222225 0.01239486498450642 0.25833333333333336
20 0.18880035413899957 0.5680555555555555 0.005754758742806552 0.11944444444444445
211 0.20075254537405932 0.5513888888888889 0.01195219123505976 0.09722222222222222
39 0.2129260734838424 0.5680555555555555 0.005312084993359894 0.11944444444444445
115 0.22775564409030544 0.30972222222222223 0.008410801239486499 0.15833333333333333
141 0.24192120407259848 0.33611111111111114 0.01637892872952634 0.11111111111111112
95 0.26095617529880477 0.3597222222222222 0.019034971226206288 0.15833333333333333
20 0.300132802124834 0.49722222222222223 0.021248339973439577 0.9944444444444445
94 0.36719787516600266 0.33194444444444443 0.11996458610004426 0.01388888888888889
204 0.3107569721115538 0.65 0.002656042496679947 0.5888888888888889
35 0.32957060646303676 0.638888888888889 0.023461708720672863 0.15555555555555556
204 0.32625055334218683 0.17222222222222222 0.002656042496679947 0.20555555555555557
210 0.3406374501992032 0.18194444444444446 0.013722886232846392 0.10277777777777779
128 0.36321381142098275 0.6541666666666667 0.023461708720672863 0.01388888888888889
128 0.3683045595396193 0.17083333333333334 0.023019034971226208 0.01388888888888889
94 0.3986277113767154 0.6541666666666667 0.036741921204072596 0.01388888888888889
210 0.3886675520141656 0.4986111111111111 0.01416555998229305 0.10277777777777779
35 0.3975210270030987 0.7944444444444445 0.023019034971226208 0.15555555555555556
212 0.3944223107569721 0.16944444444444445 0.013280212483399735 0.2
212 0.40836653386454186 0.4916666666666667 0.012837538733953076 0.2
148 0.41367861885790175 0.35555555555555557 0.017264276228419653 0.011111111111111112
204 0.4072598494909252 0.1736111111111111 0.0017706949977866313 0.20277777777777778
204 0.4214254094732182 0.6486111111111111 0.0035413899955732625 0.5916666666666667
39 0.43669765382912795 0.49583333333333335 0.02434705621956618 0.9861111111111112
8 0.4756529437804338 0.3180555555555556 0.019034971226206288 0.1527777777777778
160 0.5084108012394865 0.33055555555555555 0.0199203187250996 0.2111111111111111
20 0.5281097830898628 0.33472222222222225 0.00796812749003984 0.20833333333333334
212 0.5427180168216025 0.33055555555555555 0.013280212483399735 0.2
39 0.5553342186808322 0.33333333333333337 0.008410801239486499 0.20555555555555557
75 0.5770252324037185 0.3111111111111111 0.017264276228419653 0.16111111111111112
212 0.5987162461266047 0.33333333333333337 0.013722886232846392 0.2
155 0.6259406817175741 0.33611111111111114 0.023019034971226208 0.14444444444444446
150 0.6505090748118637 0.5569444444444445 0.01018149623727313 0.09722222222222222
3 0.6657813191677734 0.5527777777777778 0.01416555998229305 0.1
35 0.6812749003984064 0.5861111111111111 0.015050907481186366 0.07222222222222223
110 0.684373616644533 0.33333333333333337 0.01239486498450642 0.2555555555555556
20 0.6974324922532094 0.5652777777777778 0.005754758742806552 0.11944444444444445
211 0.7089420097388225 0.5513888888888889 0.01195219123505976 0.09722222222222222
39 0.7206728640991589 0.5666666666666667 0.005312084993359894 0.12222222222222223
94 0.8067729083665339 0.32916666666666666 0.1385568835768039 0.01388888888888889
35 0.7505533421868084 0.47500000000000003 0.023461708720672863 0.15555555555555556
35 0.751660026560425 0.1527777777777778 0.02390438247011952 0.15555555555555556
195 0.7746790615316512 0.09305555555555556 0.010624169986719788 0.09722222222222222
204 0.7711376715360779 0.4902777777777778 0.002656042496679947 0.20277777777777778
210 0.785967242142541 0.5013888888888889 0.014608233731739709 0.10277777777777779
128 0.8027888446215139 0.16805555555555557 0.02257636122177955 0.01388888888888889
128 0.8138556883576804 0.4902777777777778 0.02257636122177955 0.01388888888888889
204 0.8233731739707836 0.16944444444444445 0.0017706949977866313 0.20555555555555557
210 0.8375387339530765 0.1763888888888889 0.01416555998229305 0.10277777777777779
212 0.8393094289508632 0.48750000000000004 0.01239486498450642 0.19722222222222224
204 0.850597609561753 0.16944444444444445 0.002213368747233289 0.20555555555555557
204 0.851925630810093 0.4902777777777778 0.002213368747233289 0.20277777777777778
195 0.8632138114209827 0.08888888888888889 0.010624169986719788 0.1
195 0.8643204957945994 0.40972222222222227 0.011066843736166445 0.09722222222222222
160 0.900398406374502 0.325 0.021248339973439577 0.2111111111111111
20 0.9209827357237715 0.3263888888888889 0.008410801239486499 0.20277777777777778
212 0.936033643204958 0.32222222222222224 0.013722886232846392 0.2
39 0.9484285081894643 0.32916666666666666 0.008410801239486499 0.20833333333333334
75 0.9714475431606906 0.3041666666666667 0.01637892872952634 0.1638888888888889
212 0.9926958831341302 0.32083333333333336 0.012837538733953076 0.19722222222222224
