92 0.01383399209486166 0.44132653061224486 0.02766798418972332 0.29081632653061223
210 0.0461133069828722 0.48724489795918363 0.021080368906455864 0.18877551020408162
108 0.07740447957839262 0.47959183673469385 0.0230566534914361 0.2040816326530612
10 0.1129776021080369 0.4387755102040816 0.032279314888010543 0.2857142857142857
115 0.1373517786561265 0.5943877551020408 0.007246376811594203 0.17857142857142855
72 0.15480895915678525 0.5943877551020408 0.007905138339920948 0.10714285714285714
113 0.1870882740447958 0.8239795918367346 0.014492753623188406 0.17857142857142855
167 0.21343873517786563 0.8341836734693877 0.02635046113306983 0.08673469387755102
115 0.21179183135704877 0.423469387755102 0.01251646903820817 0.29591836734693877
105 0.22661396574440054 0.4209183673469387 0.013175230566534916 0.29081632653061223
126 0.25724637681159424 0.471938775510204 0.04413702239789197 0.19897959183673466
155 0.2519762845849802 0.8443877551020408 0.021739130434782608 0.15816326530612243
109 0.288866930171278 0.8443877551020408 0.027009222661396576 0.12755102040816327
3 0.3372859025032938 0.8571428571428571 0.021080368906455864 0.18367346938775508
163 0.35638998682476947 0.9362244897959183 0.011857707509881424 0.08673469387755102
110 0.36594202898550726 0.4591836734693877 0.017786561264822136 0.4693877551020408
20 0.3728590250329381 0.8826530612244897 0.007905138339920948 0.21428571428571427
210 0.38669301712779974 0.8877551020408162 0.014492753623188406 0.12244897959183673
39 0.40151515151515155 0.8826530612244897 0.007246376811594203 0.21428571428571427
80 0.42061923583662714 0.471938775510204 0.019104084321475628 0.19897959183673466
128 0.45026350461133074 0.28061224489795916 0.021739130434782608 0.02040816326530612
20 0.4769433465085639 0.25255102040816324 0.011857707509881424 0.3826530612244898
94 0.5075757575757576 0.2755102040816326 0.04808959156785244 0.02040816326530612
93 0.49604743083003955 0.08673469387755102 0.019762845849802372 0.17346938775510204
59 0.5032938076416338 0.46428571428571425 0.015810276679841896 0.22448979591836732
154 0.5177865612648221 0.11989795918367346 0.017127799736495388 0.1173469387755102
128 0.5490777338603425 0.2755102040816326 0.021739130434782608 0.02040816326530612
76 0.5764163372859026 0.23979591836734693 0.014492753623188406 0.18367346938775508
145 0.5945322793148881 0.298469387755102 0.007246376811594203 0.12755102040816327
115 0.6123188405797102 0.23214285714285712 0.007246376811594203 0.17857142857142855
39 0.6258234519104084 0.24489795918367346 0.011857707509881424 0.37755102040816324
153 0.6495388669301713 0.2576530612244898 0.019762845849802372 0.22959183673469385
105 0.6673254281949934 0.298469387755102 0.006587615283267458 0.12755102040816327
113 0.6834650856389987 0.3596938775510204 0.015151515151515152 0.12755102040816327
20 0.7019104084321476 0.24999999999999997 0.008563899868247694 0.22448979591836732
210 0.7160737812911726 0.2576530612244898 0.014492753623188406 0.1173469387755102
39 0.7318840579710145 0.2474489795918367 0.007905138339920948 0.2193877551020408
75 0.7621870882740448 0.39285714285714285 0.023715415019762848 0.29591836734693877
48 0.8023715415019763 0.39285714285714285 0.03162055335968379 0.2857142857142857
22 0.827733860342556 0.5535714285714285 0.032279314888010543 0.17857142857142855
84 0.8728590250329381 0.4209183673469387 0.034255599472990776 0.09693877551020408
155 0.924901185770751 0.423469387755102 0.03557312252964427 0.26530612244897955
109 0.9776021080368907 0.423469387755102 0.04216073781291173 0.2040816326530612
