6 0.03581460674157303 0.45555555555555555 0.07162921348314606 0.6666666666666667
105 0.08778089887640449 0.7777777777777778 0.018258426966292134 0.4
72 0.12008426966292135 0.788888888888889 0.018258426966292134 0.24444444444444446
6 0.20365168539325842 0.45 0.0702247191011236 0.6555555555555556
105 0.2542134831460674 0.2 0.016853932584269662 0.4
108 0.32303370786516855 0.5388888888888889 0.05337078651685393 0.45555555555555555
117 0.4087078651685393 0.5333333333333333 0.0449438202247191 0.8444444444444444
201 0.4789325842696629 0.6444444444444445 0.06741573033707865 0.6222222222222222
164 0.5519662921348314 0.5277777777777778 0.0449438202247191 0.8333333333333334
20 0.6074438202247191 0.5222222222222223 0.026685393258426966 0.8444444444444444
105 0.6418539325842696 0.46111111111111114 0.02247191011235955 0.6111111111111112
84 0.7415730337078652 0.5333333333333333 0.07584269662921347 0.22222222222222224
211 0.8560393258426966 0.4444444444444445 0.0547752808988764 0.6666666666666667
72 0.8974719101123595 0.788888888888889 0.016853932584269662 0.24444444444444446
145 0.9367977528089887 0.45 0.033707865168539325 0.6555555555555556
39 0.9831460674157303 0.5277777777777778 0.028089887640449437 0.8555555555555556
