75 0.025324675324675326 0.45813953488372094 0.05064935064935065 0.2651162790697674
80 0.07402597402597402 0.5 0.04155844155844156 0.1813953488372093
186 0.11818181818181818 0.4744186046511628 0.033766233766233764 0.24186046511627907
20 0.2318181818181818 0.4906976744186046 0.03506493506493506 0.8046511627906977
95 0.2785714285714286 0.5372093023255814 0.048051948051948054 0.2558139534883721
105 0.31623376623376626 0.6023255813953489 0.014285714285714285 0.16279069767441862
112 0.34415584415584416 0.6232558139534884 0.02857142857142857 0.21395348837209302
148 0.34545454545454546 0.5046511627906977 0.03116883116883117 0.023255813953488372
155 0.41818181818181815 0.4906976744186046 0.06493506493506493 0.2372093023255814
94 0.6246753246753247 0.48604651162790696 0.3090909090909091 0.023255813953488372
150 0.4974025974025974 0.7186046511627907 0.04415584415584416 0.2744186046511628
150 0.5525974025974026 0.17674418604651163 0.045454545454545456 0.27906976744186046
210 0.5551948051948052 0.7627906976744185 0.04025974025974026 0.16744186046511628
105 0.5909090909090909 0.8674418604651163 0.015584415584415584 0.16279069767441862
195 0.6025974025974026 0.08139534883720931 0.03116883116883117 0.16279069767441862
150 0.6545454545454545 0.7162790697674418 0.04415584415584416 0.27906976744186046
153 0.6753246753246753 0.21627906976744185 0.05974025974025974 0.3488372093023256
210 0.7142857142857143 0.7651162790697674 0.04155844155844156 0.17209302325581394
148 0.7220779220779221 0.6209302325581395 0.04415584415584416 0.023255813953488372
112 0.7519480519480519 0.8860465116279069 0.02857142857142857 0.20930232558139533
39 0.8084415584415584 0.4790697674418605 0.03506493506493506 0.8
84 0.8935064935064935 0.4813953488372093 0.06753246753246753 0.08837209302325581
211 0.9733766233766233 0.4511627906976744 0.048051948051948054 0.2697674418604651
