101 0.04194630872483222 0.4 0.08389261744966443 0.8
20 0.13758389261744966 0.48 0.04697986577181208 0.92
207 0.22147651006711408 0.53 0.087248322147651 0.54
145 0.3036912751677852 0.71 0.02348993288590604 0.46
39 0.3573825503355705 0.48 0.050335570469798654 0.92
108 0.5016778523489933 0.46 0.12416107382550336 0.72
113 0.6644295302013423 0.4 0.08053691275167785 0.8
4 0.7550335570469798 0.48 0.040268456375838924 0.96
207 0.8355704697986577 0.53 0.087248322147651 0.54
145 0.9194630872483222 0.72 0.020134228187919462 0.44
5 0.9731543624161073 0.49 0.040268456375838924 0.9400000000000001
