35 0.035888077858880776 0.5176991150442478 0.07177615571776155 0.5398230088495575
195 0.10036496350364964 0.19911504424778761 0.032846715328467155 0.39823008849557523
155 0.14659367396593675 0.25663716814159293 0.045012165450121655 0.33628318584070793
126 0.20681265206812652 0.26991150442477874 0.05596107055961071 0.2743362831858407
191 0.305352798053528 0.6061946902654867 0.051094890510948905 0.3805309734513274
23 0.3929440389294404 0.6106194690265486 0.0340632603406326 0.7433628318584071
211 0.4464720194647202 0.5398230088495575 0.04866180048661801 0.5663716814159292
24 0.49878345498783455 0.6106194690265486 0.0340632603406326 0.7433628318584071
178 0.5912408759124088 0.6150442477876106 0.06326034063260341 0.45132743362831856
35 0.6976885644768857 0.5442477876106194 0.07177615571776155 0.5398230088495575
195 0.7627737226277372 0.22123893805309736 0.031630170316301706 0.3893805309734513
155 0.8102189781021898 0.2831858407079646 0.043795620437956206 0.33628318584070793
126 0.8698296836982968 0.28761061946902655 0.05596107055961071 0.2743362831858407
155 0.9312652068126521 0.28761061946902655 0.045012165450121655 0.3274336283185841
130 0.9805352798053528 0.29646017699115046 0.0340632603406326 0.2743362831858407
