14 0.03805237315875614 0.5256410256410257 0.07610474631751228 0.5384615384615385
188 0.09410801963993454 0.18803418803418806 0.02291325695581015 0.3760683760683761
71 0.1411620294599018 0.6196581196581197 0.00900163666121113 0.36752136752136755
84 0.17716857610474632 0.6153846153846154 0.043371522094926354 0.18803418803418806
23 0.23895253682487727 0.6111111111111112 0.02127659574468085 0.6923076923076924
172 0.2786415711947627 0.6324786324786326 0.036824877250409165 0.35897435897435903
108 0.3432896890343699 0.6196581196581197 0.038461538461538464 0.41880341880341887
14 0.4230769230769231 0.5341880341880343 0.07692307692307693 0.5384615384615385
20 0.47790507364975454 0.6282051282051283 0.014729950900163666 0.6752136752136753
148 0.51759410801964 0.20940170940170943 0.05319148936170213 0.042735042735042736
35 0.5171849427168577 0.5555555555555556 0.04746317512274959 0.5128205128205129
72 0.5646481178396072 0.8290598290598291 0.009819967266775777 0.18803418803418806
101 0.6166121112929623 0.5427350427350428 0.03191489361702128 0.5555555555555556
148 0.6149754500818331 0.20940170940170943 0.0220949263502455 0.025641025641025644
39 0.6513911620294599 0.6367521367521368 0.014729950900163666 0.6752136752136753
71 0.6816693944353519 0.6367521367521368 0.008183306055646482 0.36752136752136755
105 0.7287234042553192 0.5683760683760685 0.01718494271685761 0.5042735042735044
20 0.753682487725041 0.6367521367521368 0.014729950900163666 0.6752136752136753
172 0.7888707037643208 0.6452991452991453 0.03600654664484452 0.36752136752136755
39 0.824468085106383 0.6367521367521368 0.015548281505728316 0.6752136752136753
84 0.88379705400982 0.6324786324786326 0.0425531914893617 0.18803418803418806
188 0.9500818330605565 0.5641025641025642 0.03109656301145663 0.5299145299145299
24 0.987315875613748 0.6367521367521368 0.0220949263502455 0.6923076923076924
