0 0.06719022687609075 0.45294117647058824 0.1343804537521815 0.6941176470588235
178 0.2111692844677138 0.5470588235294117 0.09075043630017453 0.38823529411764707
20 0.3080279232111693 0.5294117647058824 0.04013961605584642 0.8941176470588235
48 0.40226876090750435 0.4647058823529412 0.0924956369982548 0.6705882352941176
65 0.5087260034904014 0.5647058823529412 0.0924956369982548 0.49411764705882355
7 0.6352530541012217 0.45294117647058824 0.10471204188481675 0.6705882352941176
148 0.656195462478185 0.023529411764705882 0.06282722513089005 0.047058823529411764
39 0.7260034904013962 0.5352941176470588 0.038394415357766144 0.8823529411764706
191 0.824607329842932 0.5235294117647059 0.07155322862129145 0.4588235294117647
28 0.9493891797556719 0.4588235294117647 0.09424083769633508 0.6823529411764706
