161 0.029636711281070746 0.5817610062893082 0.05927342256214149 0.30817610062893086
190 0.040152963671128104 0.35220125786163525 0.04588910133843212 0.050314465408805034
91 0.0841300191204589 0.6132075471698114 0.04206500956022945 0.22012578616352202
72 0.12523900573613767 0.7264150943396227 0.013384321223709368 0.09433962264150944
195 0.1644359464627151 0.6132075471698114 0.04206500956022945 0.22012578616352202
84 0.2887189292543021 0.5283018867924528 0.09560229445506692 0.12578616352201258
94 0.49713193116634796 0.5314465408805031 0.20267686424474188 0.04402515723270441
189 0.4340344168260038 0.17924528301886794 0.06118546845124283 0.33333333333333337
81 0.4980879541108986 0.8207547169811321 0.06309751434034416 0.33333333333333337
45 0.545889101338432 0.169811320754717 0.10133843212237094 0.339622641509434
128 0.7007648183556405 0.5345911949685535 0.0898661567877629 0.03773584905660378
145 0.8269598470363289 0.5 0.04780114722753346 0.3207547169811321
176 0.8967495219885276 0.5345911949685535 0.05736137667304015 0.4779874213836478
81 0.9655831739961759 0.5031446540880503 0.06118546845124283 0.32704402515723274
