14 0.036958817317845824 0.4024390243902439 0.07391763463569165 0.7073170731707318
113 0.08447729672650475 0.75 0.025343189017951424 0.45121951219512196
20 0.12249208025343188 0.4878048780487805 0.023231256599788804 0.926829268292683
210 0.15417106652587115 0.5121951219512195 0.03590285110876452 0.4634146341463415
72 0.18585005279831043 0.7682926829268293 0.012671594508975712 0.2682926829268293
20 0.22808870116156282 0.475609756097561 0.023231256599788804 0.926829268292683
212 0.2608236536430834 0.4634146341463415 0.03167898627243928 0.8780487804878049
158 0.2972544878563886 0.15853658536585366 0.011615628299894402 0.2682926829268293
72 0.31784582893347413 0.7621951219512195 0.012671594508975712 0.25609756097560976
212 0.365364308342133 0.46951219512195125 0.0337909186906019 0.8902439024390244
78 0.40443505807814145 0.1524390243902439 0.025343189017951424 0.2804878048780488
39 0.4355860612460401 0.48170731707317077 0.024287222808870114 0.9146341463414634
39 0.46356916578669477 0.48170731707317077 0.023231256599788804 0.9146341463414634
84 0.5248152059134107 0.475609756097561 0.054910242872228086 0.24390243902439024
95 0.5876451953537486 0.5975609756097561 0.039070749736008444 0.6829268292682927
190 0.5987328405491024 0.10365853658536586 0.027455121436114043 0.13414634146341464
113 0.6251319957761351 0.7439024390243902 0.025343189017951424 0.43902439024390244
20 0.6631467793030622 0.475609756097561 0.023231256599788804 0.926829268292683
20 0.691129883843717 0.4634146341463415 0.024287222808870114 0.926829268292683
210 0.7233368532206969 0.49390243902439024 0.03590285110876452 0.475609756097561
72 0.7544878563885955 0.7682926829268293 0.013727560718057022 0.2682926829268293
205 0.8120380147835269 0.49390243902439024 0.05068637803590285 0.475609756097561
39 0.8537486800422386 0.475609756097561 0.024287222808870114 0.926829268292683
72 0.8796198521647307 0.7439024390243902 0.012671594508975712 0.2682926829268293
212 0.9260823653643083 0.4573170731707317 0.03167898627243928 0.8902439024390244
158 0.9625131995776135 0.17073170731707318 0.011615628299894402 0.2682926829268293
39 0.9857444561774023 0.475609756097561 0.024287222808870114 0.926829268292683
