15 0.004966229638458482 0.42857142857142855 0.009932459276916964 0.6904761904761905
130 0.02026221692491061 0.5357142857142857 0.0166865315852205 0.47619047619047616
186 0.03535955502582439 0.47619047619047616 0.00874056416368693 0.5952380952380952
117 0.05224473579658323 0.5178571428571428 0.013110846245530394 0.8928571428571428
160 0.07270560190703218 0.5178571428571428 0.01907032181168057 0.9166666666666666
164 0.09316646801748113 0.5119047619047619 0.013905442987683751 0.9047619047619047
178 0.12296384584823203 0.5178571428571428 0.015494636471990465 0.6309523809523809
20 0.14839094159713945 0.5119047619047619 0.007548669050456893 0.9047619047619047
15 0.15931664680174812 0.4226190476190476 0.010329757647993643 0.7023809523809523
130 0.17500993245927693 0.5238095238095237 0.01628923321414382 0.47619047619047616
186 0.18990862137465236 0.4583333333333333 0.009535160905840286 0.6071428571428571
117 0.20659515295987285 0.5 0.012713547874453715 0.8809523809523809
160 0.22665872069924514 0.5059523809523809 0.018673023440603894 0.9166666666666666
158 0.24096146205800556 0.19047619047619047 0.004370282081843465 0.23809523809523808
164 0.25466825586015096 0.5 0.013508144616607072 0.8809523809523809
39 0.26837504966229636 0.5 0.007548669050456893 0.9047619047619047
58 0.28386968613428687 0.5 0.010727056019070322 0.9047619047619047
20 0.2993643226062773 0.5 0.007548669050456893 0.9047619047619047
117 0.31207787048073105 0.5 0.013110846245530394 0.8809523809523809
54 0.32995629717918157 0.5476190476190476 0.014700039729837107 0.45238095238095233
145 0.3458482320222487 0.75 0.007548669050456893 0.42857142857142855
164 0.3627334127930075 0.494047619047619 0.013508144616607072 0.8928571428571428
74 0.39352403655145013 0.5297619047619048 0.021056813667063964 0.4880952380952381
67 0.42630115216527614 0.40476190476190477 0.020659515295987287 0.11904761904761904
74 0.4596742153357171 0.5238095238095237 0.020659515295987287 0.47619047619047616
117 0.490067540723083 0.494047619047619 0.013110846245530394 0.8928571428571428
54 0.5079459674215335 0.5416666666666666 0.014700039729837107 0.46428571428571425
113 0.521652761223679 0.75 0.009535160905840286 0.42857142857142855
164 0.535756853396901 0.494047619047619 0.013110846245530394 0.8928571428571428
39 0.5492649980135081 0.494047619047619 0.007548669050456893 0.9166666666666666
178 0.5758839888756456 0.494047619047619 0.015494636471990465 0.6547619047619048
20 0.6011124354390147 0.5 0.007945967421533572 0.9047619047619047
15 0.6124354390147 0.3988095238095238 0.009932459276916964 0.7023809523809523
130 0.6281287246722288 0.5119047619047619 0.0166865315852205 0.47619047619047616
186 0.6432260627731426 0.4464285714285714 0.00874056416368693 0.6071428571428571
117 0.6601112435439015 0.494047619047619 0.013905442987683751 0.8928571428571428
201 0.6803734604688121 0.6190476190476191 0.018673023440603894 0.6666666666666666
164 0.7010329757647994 0.4880952380952381 0.013110846245530394 0.9047619047619047
39 0.7145411203814064 0.47619047619047616 0.007548669050456893 0.9047619047619047
58 0.7300357568533969 0.4821428571428571 0.010727056019070322 0.9166666666666666
20 0.745331744139849 0.4880952380952381 0.007945967421533572 0.9047619047619047
117 0.7588398887564561 0.4821428571428571 0.013508144616607072 0.8928571428571428
54 0.77632101708383 0.5297619047619048 0.014302741358760428 0.46428571428571425
145 0.7922129519268971 0.744047619047619 0.007945967421533572 0.41666666666666663
164 0.809098132697656 0.47619047619047616 0.013905442987683751 0.8809523809523809
74 0.8390941597139452 0.5 0.021454112038140644 0.47619047619047616
67 0.8722685736988478 0.38095238095238093 0.021056813667063964 0.11904761904761904
74 0.9062375844259039 0.5 0.020659515295987287 0.47619047619047616
117 0.9358363130711164 0.4583333333333333 0.013110846245530394 0.8928571428571428
54 0.9533174413984903 0.5059523809523809 0.014700039729837107 0.46428571428571425
130 0.9676201827572507 0.7797619047619048 0.009137862534763607 0.2976190476190476
164 0.9819229241160111 0.4583333333333333 0.013905442987683751 0.8928571428571428
39 0.9952324195470799 0.45238095238095233 0.007945967421533572 0.9047619047619047
