89 0.027151639344262297 0.43478260869565216 0.054303278688524595 0.8260869565217391
112 0.05225409836065574 0.7282608695652174 0.022540983606557378 0.5
20 0.08760245901639345 0.4293478260869565 0.023565573770491805 0.8152173913043478
205 0.12961065573770492 0.45108695652173914 0.050204918032786885 0.42391304347826086
39 0.17008196721311478 0.44021739130434784 0.022540983606557378 0.8152173913043478
84 0.22848360655737707 0.4293478260869565 0.05327868852459017 0.20652173913043478
205 0.29969262295081966 0.45108695652173914 0.050204918032786885 0.42391304347826086
112 0.33811475409836067 0.717391304347826 0.022540983606557378 0.5
158 0.34118852459016397 0.15217391304347827 0.010245901639344263 0.2391304347826087
84 0.39344262295081966 0.4184782608695652 0.05327868852459017 0.20652173913043478
53 0.45747950819672134 0.45108695652173914 0.039959016393442626 0.42391304347826086
112 0.49077868852459017 0.717391304347826 0.022540983606557378 0.5
20 0.524077868852459 0.4184782608695652 0.023565573770491805 0.8152173913043478
205 0.5660860655737705 0.44021739130434784 0.050204918032786885 0.42391304347826086
72 0.6045081967213115 0.6739130434782609 0.012295081967213115 0.2391304347826087
205 0.6608606557377049 0.44021739130434784 0.05122950819672131 0.42391304347826086
148 0.6680327868852459 0.08695652173913043 0.026639344262295084 0.043478260869565216
39 0.701844262295082 0.4184782608695652 0.022540983606557378 0.8152173913043478
176 0.7315573770491803 0.42391304347826086 0.022540983606557378 0.8260869565217391
57 0.7653688524590164 0.32608695652173914 0.0389344262295082 0.6521739130434783
20 0.809938524590164 0.4184782608695652 0.023565573770491805 0.8152173913043478
205 0.8524590163934427 0.4293478260869565 0.04918032786885246 0.42391304347826086
72 0.8908811475409837 0.6630434782608695 0.013319672131147542 0.2391304347826087
205 0.9462090163934427 0.4293478260869565 0.050204918032786885 0.42391304347826086
148 0.9538934426229508 0.08152173913043478 0.028688524590163935 0.05434782608695652
39 0.9866803278688525 0.4076086956521739 0.022540983606557378 0.8152173913043478
