155 0.019494584837545126 0.4973544973544973 0.03898916967509025 0.2857142857142857
110 0.08519855595667869 0.49470899470899465 0.05342960288808664 0.9894179894179893
6 0.15342960288808663 0.4444444444444444 0.044043321299638984 0.3386243386243386
195 0.18411552346570395 0.6481481481481481 0.018772563176895306 0.23809523809523808
211 0.207942238267148 0.6481481481481481 0.021660649819494584 0.23809523809523808
201 0.24259927797833933 0.537037037037037 0.03176895306859206 0.32275132275132273
168 0.2703971119133574 0.6825396825396826 0.01660649819494585 0.1693121693121693
20 0.29530685920577615 0.48677248677248675 0.014440433212996389 0.43386243386243384
204 0.3155234657039711 0.4841269841269841 0.004332129963898917 0.4497354497354497
89 0.3458483754512635 0.4708994708994709 0.04043321299638989 0.43386243386243384
204 0.3776173285198556 0.48148148148148145 0.004332129963898917 0.4444444444444444
195 0.3971119133574007 0.2222222222222222 0.018772563176895306 0.2328042328042328
168 0.42490974729241876 0.4841269841269841 0.023826714801444042 0.23809523809523808
128 0.4577617328519855 0.24603174603174602 0.028880866425992777 0.026455026455026454
145 0.4902527075812274 0.2222222222222222 0.008664259927797834 0.2222222222222222
155 0.5180505415162454 0.25396825396825395 0.02671480144404332 0.20105820105820105
195 0.5465703971119134 0.21693121693121692 0.018772563176895306 0.2328042328042328
83 0.5675090252707581 0.25396825396825395 0.01588447653429603 0.1693121693121693
155 0.6173285198555957 0.47619047619047616 0.03898916967509025 0.2857142857142857
168 0.6671480144404331 0.47883597883597884 0.023104693140794223 0.23809523809523808
204 0.6902527075812274 0.4735449735449735 0.004332129963898917 0.4497354497354497
7 0.7234657039711191 0.42328042328042326 0.046209386281588445 0.328042328042328
89 0.7646209386281588 0.455026455026455 0.04043321299638989 0.43386243386243384
204 0.7956678700361011 0.4708994708994709 0.004332129963898917 0.4444444444444444
189 0.8169675090252707 0.21428571428571427 0.018050541516245487 0.23809523809523808
39 0.8422382671480144 0.4708994708994709 0.01371841155234657 0.43386243386243384
75 0.8841155234657039 0.41534391534391535 0.03537906137184115 0.3544973544973545
18 0.9386281588447652 0.4074074074074074 0.0707581227436823 0.35978835978835977
195 0.9891696750902527 0.20634920634920634 0.018772563176895306 0.2328042328042328
