105 0.02127659574468085 0.4842105263157895 0.0425531914893617 0.631578947368421
108 0.11094224924012158 0.5526315789473684 0.0972644376899696 0.6842105263157895
7 0.22492401215805471 0.4842105263157895 0.09422492401215805 0.6105263157894737
72 0.2948328267477204 0.8052631578947368 0.0182370820668693 0.24210526315789474
166 0.3761398176291793 0.6789473684210526 0.05927051671732523 0.5368421052631579
54 0.43237082066869303 0.8210526315789474 0.04711246200607903 0.23157894736842105
56 0.44072948328267475 0.17368421052631577 0.04559270516717325 0.34736842105263155
20 0.5075987841945289 0.5473684210526316 0.03343465045592705 0.8210526315789474
207 0.5577507598784195 0.5947368421052631 0.060790273556231005 0.4105263157894737
112 0.6109422492401215 0.7526315789473684 0.03343465045592705 0.4526315789473684
72 0.6466565349544073 0.8105263157894737 0.016717325227963525 0.23157894736842105
207 0.7348024316109423 0.6052631578947368 0.06231003039513678 0.4105263157894737
39 0.791033434650456 0.5473684210526316 0.031914893617021274 0.7999999999999999
98 0.8867781155015197 0.5526315789473684 0.08054711246200608 0.6842105263157895
83 0.9779635258358662 0.6105263157894737 0.037993920972644375 0.37894736842105264
