116 0.012258064516129033 0.4618320610687023 0.024516129032258065 0.46564885496183206
208 0.035806451612903224 0.782442748091603 0.017419354838709676 0.40458015267175573
20 0.05967741935483871 0.5229007633587786 0.01096774193548387 0.6030534351145038
186 0.08064516129032258 0.5 0.012903225806451613 0.3893129770992366
39 0.10064516129032258 0.5343511450381679 0.01161290322580645 0.5954198473282443
84 0.14677419354838708 0.5190839694656488 0.034193548387096775 0.16793893129770993
20 0.1932258064516129 0.5305343511450381 0.01096774193548387 0.6030534351145038
186 0.21451612903225806 0.5 0.013548387096774193 0.40458015267175573
189 0.23419354838709677 0.17938931297709923 0.015483870967741935 0.34351145038167935
20 0.2583870967741935 0.5114503816793893 0.01096774193548387 0.5801526717557252
208 0.2806451612903226 0.5114503816793893 0.024516129032258065 0.5801526717557252
155 0.3293548387096774 0.5229007633587786 0.034193548387096775 0.40458015267175573
186 0.37290322580645163 0.4961832061068702 0.012903225806451613 0.3969465648854962
195 0.3925806451612903 0.17557251908396945 0.016129032258064516 0.33587786259541985
39 0.4154838709677419 0.5190839694656488 0.01161290322580645 0.5954198473282443
195 0.43709677419354837 0.17175572519083968 0.016129032258064516 0.3282442748091603
72 0.4667741935483871 0.7022900763358778 0.008387096774193548 0.16793893129770993
186 0.5029032258064516 0.4961832061068702 0.013548387096774193 0.3969465648854962
20 0.5225806451612903 0.5190839694656488 0.01161290322580645 0.5954198473282443
208 0.5458064516129032 0.5038167938931297 0.024516129032258065 0.5801526717557252
155 0.5938709677419355 0.5190839694656488 0.034193548387096775 0.3969465648854962
186 0.6374193548387097 0.49236641221374045 0.012903225806451613 0.3893129770992366
195 0.6570967741935484 0.17175572519083968 0.016129032258064516 0.3282442748091603
39 0.6806451612903226 0.5114503816793893 0.01161290322580645 0.5954198473282443
195 0.7016129032258065 0.16793893129770993 0.016129032258064516 0.33587786259541985
72 0.7316129032258064 0.6870229007633587 0.007741935483870968 0.16793893129770993
186 0.7670967741935484 0.4847328244274809 0.012903225806451613 0.3893129770992366
20 0.7874193548387097 0.5076335877862596 0.012258064516129033 0.6030534351145038
208 0.81 0.4847328244274809 0.023870967741935485 0.5877862595419847
155 0.8580645161290322 0.5038167938931297 0.03354838709677419 0.3969465648854962
186 0.9012903225806451 0.47328244274809156 0.012903225806451613 0.3969465648854962
195 0.9209677419354839 0.16412213740458015 0.016129032258064516 0.3282442748091603
39 0.944516129032258 0.5076335877862596 0.01161290322580645 0.6030534351145038
39 0.9651612903225807 0.5 0.01161290322580645 0.6030534351145038
169 0.9945161290322581 0.564885496183206 0.008387096774193548 0.41221374045801523
