114 0.006503442999234889 0.5930232558139534 0.013006885998469778 0.37209302325581395
123 0.03366488140780413 0.5697674418604651 0.016832440703902066 0.4883720930232558
128 0.0625478194338179 0.5581395348837209 0.017214996174445295 0.06976744186046512
195 0.0811017597551645 0.4941860465116279 0.011476664116296862 0.5930232558139534
25 0.10137719969395562 0.47674418604651164 0.02218821729150727 0.627906976744186
195 0.1184009181331293 0.22093023255813954 0.008033664881407804 0.3953488372093023
84 0.14326702371843916 0.5523255813953488 0.018745218056618208 0.22093023255813954
128 0.1729150726855394 0.5465116279069767 0.016832440703902066 0.06976744186046512
195 0.19089517980107115 0.4825581395348837 0.011476664116296862 0.5930232558139534
20 0.20371078806426932 0.5465116279069767 0.006503442999234889 0.8604651162790697
17 0.22188217291507267 0.47093023255813954 0.022953328232593724 0.6162790697674418
155 0.2463657230298393 0.5465116279069767 0.018362662586074982 0.5581395348837209
7 0.27104055087987755 0.45930232558139533 0.021040550879877582 0.6162790697674418
39 0.28787299158377966 0.5465116279069767 0.006503442999234889 0.8604651162790697
195 0.29858454475899004 0.20930232558139533 0.008033664881407804 0.3953488372093023
155 0.31713848508033665 0.5406976744186046 0.018362662586074982 0.5697674418604651
195 0.3362662586074981 0.47093023255813954 0.011476664116296862 0.5930232558139534
14 0.3563504208110176 0.45348837209302323 0.022570772762050495 0.627906976744186
195 0.3739479724560061 0.20348837209302326 0.008033664881407804 0.4069767441860465
121 0.3993879112471308 0.5406976744186046 0.016832440703902066 0.686046511627907
175 0.42597551644988524 0.47093023255813954 0.011859219586840091 0.6162790697674418
128 0.4452945677123183 0.5290697674418604 0.016832440703902066 0.05813953488372093
195 0.4642310635042081 0.45930232558139533 0.011094108645753635 0.5930232558139534
20 0.4770466717674063 0.5290697674418604 0.00612088752869166 0.872093023255814
17 0.49560061208875283 0.4476744186046512 0.023335883703136953 0.6162790697674418
155 0.5206579954093343 0.5348837209302325 0.018362662586074982 0.5581395348837209
7 0.5449502677888294 0.45348837209302323 0.021040550879877582 0.627906976744186
39 0.5615914307574598 0.5290697674418604 0.00612088752869166 0.8488372093023255
195 0.5724942616679418 0.19767441860465115 0.008798775822494262 0.3953488372093023
84 0.5977429227237949 0.5232558139534884 0.018745218056618208 0.20930232558139533
145 0.6245218056618209 0.45930232558139533 0.009563886763580718 0.5930232558139534
211 0.6384850803366487 0.46511627906976744 0.01224177505738332 0.6046511627906976
128 0.6574215761285386 0.5232558139534884 0.016449885233358837 0.06976744186046512
195 0.6765493496557 0.45930232558139533 0.011094108645753635 0.5930232558139534
17 0.6960596786534047 0.4476744186046512 0.022570772762050495 0.6162790697674418
20 0.7144223412394797 0.5232558139534884 0.006503442999234889 0.8604651162790697
17 0.7320198928844682 0.4476744186046512 0.022570772762050495 0.6162790697674418
155 0.7566947207345065 0.5348837209302325 0.018362662586074982 0.5581395348837209
7 0.7807957153787299 0.4476744186046512 0.020657995409334353 0.6162790697674418
39 0.7972456006120887 0.5290697674418604 0.00612088752869166 0.8488372093023255
84 0.8213465952563122 0.5232558139534884 0.018362662586074982 0.20930232558139533
145 0.8473603672532517 0.45930232558139533 0.009181331293037491 0.5930232558139534
211 0.8613236419280795 0.46511627906976744 0.011859219586840091 0.6046511627906976
128 0.8802601377199694 0.5290697674418604 0.016832440703902066 0.05813953488372093
195 0.8995791889824024 0.45930232558139533 0.011859219586840091 0.5930232558139534
101 0.9152639632746749 0.45348837209302323 0.013389441469013006 0.627906976744186
195 0.9284621270084162 0.19767441860465115 0.008416220351951033 0.3953488372093023
155 0.9472073450650343 0.5290697674418604 0.019127773527161437 0.5697674418604651
195 0.9669089517980107 0.45930232558139533 0.011859219586840091 0.5930232558139534
101 0.9825937260902831 0.45348837209302323 0.014154552410099464 0.627906976744186
145 0.9961744452945677 0.20348837209302326 0.00612088752869166 0.4069767441860465
