101 0.01783893985728848 0.4375 0.03567787971457696 0.6022727272727273
145 0.05249745158002039 0.19318181818181818 0.017329255861365956 0.38636363636363635
20 0.0835881753312946 0.5056818181818182 0.01834862385321101 0.8522727272727273
46 0.12640163098878696 0.4318181818181818 0.05096839959225281 0.6363636363636364
48 0.1778797145769623 0.6704545454545455 0.03567787971457696 0.4090909090909091
117 0.21916411824668708 0.5227272727272727 0.01834862385321101 0.8636363636363636
7 0.27675840978593275 0.4375 0.05606523955147809 0.6022727272727273
164 0.3343527013251784 0.5227272727272727 0.01834862385321101 0.8636363636363636
39 0.363914373088685 0.5227272727272727 0.01834862385321101 0.8636363636363636
84 0.43068297655453625 0.5227272727272727 0.051987767584097865 0.2272727272727273
101 0.5035677879714577 0.4431818181818182 0.038735983690112136 0.6136363636363636
195 0.5387359836901122 0.19886363636363638 0.02344546381243629 0.39772727272727276
20 0.5708460754332314 0.5340909090909091 0.01834862385321101 0.8636363636363636
46 0.6136595310907238 0.4545454545454546 0.05096839959225281 0.6363636363636364
48 0.6651376146788991 0.6818181818181819 0.03567787971457696 0.4090909090909091
117 0.706422018348624 0.5340909090909091 0.01834862385321101 0.8636363636363636
7 0.7640163098878696 0.4545454545454546 0.05606523955147809 0.6136363636363636
164 0.8205912334352702 0.5454545454545454 0.01834862385321101 0.8636363636363636
39 0.8506625891946994 0.5397727272727273 0.017329255861365956 0.8522727272727273
84 0.9153924566768604 0.5397727272727273 0.0489296636085627 0.2159090909090909
211 0.9821610601427117 0.4943181818181818 0.03160040774719674 0.6022727272727273
