84 0.01813297515110813 0.4975124378109453 0.03626595030221626 0.10945273631840796
6 0.08025520483546005 0.4577114427860696 0.0409670920080591 0.31840796019900497
145 0.10846205507051714 0.6517412935323383 0.008730691739422432 0.208955223880597
110 0.15815983881799867 0.4975124378109453 0.04902619207521827 0.9253731343283582
211 0.17394224311618536 0.8805970149253731 0.01880456682337139 0.21890547263681592
163 0.1964405641370047 0.07462686567164178 0.014103425117528543 0.14925373134328357
14 0.24546675621222297 0.4552238805970149 0.04902619207521827 0.3034825870646766
20 0.2844190732034923 0.4975124378109453 0.012760241773002015 0.4079601990049751
168 0.30725319006044327 0.5024875621890548 0.022162525184687712 0.21890547263681592
39 0.3314304902619208 0.4950248756218905 0.012760241773002015 0.40298507462686567
168 0.35426460711887175 0.5 0.022162525184687712 0.22388059701492538
128 0.3861652115513768 0.27611940298507465 0.02686366689053056 0.02487562189054726
145 0.4157152451309604 0.2537313432835821 0.008059100067159167 0.208955223880597
155 0.44157152451309606 0.2810945273631841 0.024848891873740765 0.18407960199004975
83 0.46541302887844194 0.2860696517412935 0.014775016789791807 0.15422885572139303
75 0.5057085292142378 0.445273631840796 0.03223640026863667 0.3333333333333333
168 0.5315648085963735 0.4975124378109453 0.022162525184687712 0.21890547263681592
155 0.5795836131631968 0.4900497512437811 0.03626595030221626 0.2736318407960199
195 0.6296171927468099 0.4427860696517413 0.026192075218267295 0.30845771144278605
6 0.6702484889187375 0.44776119402985076 0.04029550033579584 0.31840796019900497
145 0.6981195433176629 0.6393034825870647 0.008730691739422432 0.21393034825870647
163 0.7249832102081935 0.48756218905472637 0.020819341840161182 0.208955223880597
20 0.7501678979180658 0.48507462686567165 0.01343183344526528 0.40298507462686567
75 0.7783747481531229 0.43781094527363185 0.03223640026863667 0.3283582089552239
211 0.8042310275352585 0.6343283582089552 0.019476158495634655 0.22388059701492538
163 0.8310946944257892 0.48756218905472637 0.020819341840161182 0.208955223880597
195 0.8556077904633983 0.24129353233830844 0.017461383478844864 0.21393034825870647
25 0.8844862323707187 0.24378109452736318 0.030893216924110144 0.208955223880597
39 0.916051040967092 0.48507462686567165 0.01343183344526528 0.40298507462686567
145 0.9385493619879114 0.24378109452736318 0.008730691739422432 0.208955223880597
155 0.964405641370047 0.2736318407960199 0.024177300201477504 0.1890547263681592
96 0.9905977165883143 0.3009950248756219 0.016118200134318333 0.20398009950248755
