148 0.07335907335907337 0.17857142857142855 0.14671814671814673 0.047619047619047616
196 0.04633204633204634 0.5238095238095237 0.08108108108108109 0.45238095238095233
105 0.11486486486486487 0.6607142857142857 0.03281853281853282 0.46428571428571425
84 0.25096525096525096 0.4880952380952381 0.10424710424710425 0.23809523809523808
196 0.40444015444015446 0.5238095238095237 0.08301158301158301 0.45238095238095233
105 0.47393822393822393 0.6488095238095237 0.03281853281853282 0.46428571428571425
20 0.5395752895752896 0.4880952380952381 0.03667953667953668 0.9761904761904762
145 0.6090733590733591 0.41666666666666663 0.052123552123552123 0.6666666666666666
72 0.6718146718146718 0.7797619047619048 0.019305019305019305 0.2976190476190476
208 0.7557915057915058 0.5 0.06756756756756757 0.8809523809523809
72 0.8204633204633205 0.7797619047619048 0.019305019305019305 0.2976190476190476
212 0.9092664092664093 0.5 0.0694980694980695 0.8809523809523809
39 0.9777992277992278 0.4880952380952381 0.03667953667953668 0.9761904761904762
