121 0.0390015600624025 0.5817307692307693 0.078003120124805 0.6442307692307693
6 0.2355694227769111 0.5 0.093603744149766 0.6153846153846154
20 0.31435257410296413 0.5817307692307693 0.029641185647425898 0.7788461538461539
17 0.39469578783151327 0.5048076923076923 0.1029641185647426 0.5865384615384616
72 0.46489859594383776 0.7932692307692308 0.015600624024960999 0.1826923076923077
16 0.5475819032761311 0.5096153846153847 0.0748829953198128 0.5961538461538461
39 0.6170046801872076 0.5913461538461539 0.029641185647425898 0.7788461538461539
163 0.6747269890795632 0.5961538461538461 0.0483619344773791 0.40384615384615385
7 0.7480499219968799 0.5096153846153847 0.0982839313572543 0.576923076923077
158 0.8237129485179407 0.14423076923076925 0.0218408736349454 0.2884615384615385
20 0.8697347893915757 0.5913461538461539 0.029641185647425898 0.7788461538461539
163 0.9258970358814352 0.5961538461538461 0.0483619344773791 0.40384615384615385
39 0.9820592823712949 0.5913461538461539 0.029641185647425898 0.7788461538461539
