20 0.011418269230769232 0.5508474576271186 0.022836538461538464 0.6779661016949152
196 0.06069711538461539 0.5550847457627118 0.046875 0.3644067796610169
195 0.10877403846153846 0.7923728813559322 0.030048076923076924 0.3644067796610169
72 0.16346153846153846 0.75 0.014423076923076924 0.19491525423728814
200 0.23918269230769232 0.5550847457627118 0.04807692307692308 0.3644067796610169
195 0.2854567307692308 0.7923728813559322 0.030048076923076924 0.3644067796610169
39 0.32872596153846156 0.5508474576271186 0.022836538461538464 0.6779661016949152
84 0.41466346153846156 0.5466101694915254 0.06490384615384616 0.19491525423728814
20 0.5018028846153847 0.5508474576271186 0.022836538461538464 0.6779661016949152
196 0.5510817307692308 0.559322033898305 0.046875 0.3728813559322034
145 0.5985576923076923 0.8050847457627118 0.014423076923076924 0.3559322033898305
200 0.6520432692307693 0.5550847457627118 0.046875 0.3644067796610169
145 0.7001201923076924 0.7669491525423728 0.03966346153846154 0.4322033898305085
72 0.7536057692307693 0.75 0.01682692307692308 0.19491525423728814
196 0.8311298076923077 0.559322033898305 0.046875 0.3728813559322034
128 0.8900240384615385 0.211864406779661 0.046875 0.05084745762711865
145 0.8798076923076924 0.8008474576271186 0.014423076923076924 0.3474576271186441
145 0.9429086538461539 0.17796610169491525 0.013221153846153848 0.3559322033898305
39 0.9861778846153847 0.5508474576271186 0.022836538461538464 0.6779661016949152
