3 0.027306967984934087 0.487603305785124 0.054613935969868174 0.5123966942148761
163 0.06685499058380415 0.859504132231405 0.020715630885122408 0.24793388429752067
84 0.13559322033898305 0.5495867768595042 0.05084745762711864 0.19008264462809918
6 0.22410546139359697 0.4834710743801653 0.05649717514124294 0.5371900826446281
163 0.2608286252354049 0.859504132231405 0.020715630885122408 0.24793388429752067
145 0.2716572504708098 0.1859504132231405 0.01224105461393597 0.3553719008264463
74 0.333804143126177 0.5371900826446281 0.04613935969868173 0.4462809917355372
6 0.4129001883239171 0.4834710743801653 0.057438794726930316 0.5371900826446281
163 0.449623352165725 0.8553719008264463 0.019774011299435026 0.25619834710743805
195 0.4595103578154425 0.18181818181818182 0.02448210922787194 0.36363636363636365
72 0.518361581920904 0.731404958677686 0.010357815442561204 0.15702479338842976
6 0.5786252354048964 0.4834710743801653 0.057438794726930316 0.5371900826446281
163 0.6153483992467043 0.859504132231405 0.019774011299435026 0.24793388429752067
145 0.6257062146892655 0.1859504132231405 0.01224105461393597 0.3553719008264463
65 0.6883239171374764 0.5330578512396694 0.04519774011299435 0.4545454545454546
6 0.7669491525423728 0.4834710743801653 0.057438794726930316 0.5371900826446281
163 0.8041431261770244 0.859504132231405 0.020715630885122408 0.24793388429752067
195 0.8145009416195856 0.18181818181818182 0.02448210922787194 0.36363636363636365
84 0.8860640301318267 0.5578512396694215 0.05084745762711864 0.19008264462809918
82 0.9698681732580037 0.49586776859504134 0.05649717514124294 0.49586776859504134
