84 0.022667829119442023 0.6106194690265486 0.045335658238884045 0.17699115044247787
64 0.08979947689625109 0.6504424778761062 0.024411508282476027 0.34513274336283184
128 0.12249346120313863 0.20353982300884954 0.03400174367916303 0.05309734513274336
145 0.15431560592850915 0.1592920353982301 0.017436791630340016 0.3185840707964602
168 0.1979075850043592 0.6460176991150443 0.022667829119442023 0.33628318584070793
196 0.23103748910200525 0.6504424778761062 0.03661726242371404 0.34513274336283184
149 0.2715780296425458 0.7256637168141593 0.03748910200523104 0.49557522123893805
64 0.32693984306887536 0.6548672566371682 0.024411508282476027 0.33628318584070793
130 0.3548387096774194 0.2079646017699115 0.024411508282476027 0.20353982300884954
155 0.3866608544027899 0.19911504424778761 0.03051438535309503 0.3274336283185841
145 0.4202266782911944 0.16814159292035397 0.017436791630340016 0.3185840707964602
166 0.44376634699215345 0.7300884955752213 0.02964254577157803 0.415929203539823
53 0.4751525719267655 0.7964601769911505 0.024411508282476027 0.19469026548672566
20 0.5065387968613775 0.6194690265486725 0.01918047079337402 0.6902654867256637
89 0.5357454228421971 0.6460176991150443 0.03574542284219704 0.6725663716814159
130 0.5662598081952921 0.2079646017699115 0.023539668700959023 0.20353982300884954
155 0.5989537925021796 0.2079646017699115 0.03312990409764603 0.34513274336283184
145 0.6307759372275502 0.16814159292035397 0.016564952048823016 0.3185840707964602
20 0.6556233653007847 0.6194690265486725 0.01918047079337402 0.6902654867256637
207 0.6865736704446382 0.6504424778761062 0.03225806451612903 0.3274336283185841
39 0.7149084568439408 0.6061946902654867 0.01918047079337402 0.6814159292035398
72 0.7428073234524848 0.8407079646017699 0.010462074978204011 0.23008849557522124
89 0.7802964254577158 0.6504424778761062 0.03836094158674804 0.6637168141592921
130 0.8116826503923279 0.21238938053097345 0.024411508282476027 0.21238938053097345
155 0.8443766346992154 0.2079646017699115 0.03400174367916303 0.34513274336283184
145 0.8766346992153444 0.16814159292035397 0.016564952048823016 0.3008849557522124
20 0.9019180470793374 0.6238938053097345 0.02005231037489102 0.6814159292035398
209 0.931124673060157 0.7300884955752213 0.03312990409764603 0.48672566371681414
39 0.9612031386224935 0.6150442477876106 0.01830863121185702 0.6637168141592921
39 0.9891020052310375 0.6150442477876106 0.01830863121185702 0.6814159292035398
