208 0.026840490797546013 0.5182926829268293 0.05368098159509203 0.9146341463414634
158 0.07515337423312883 0.18292682926829268 0.02147239263803681 0.36585365853658536
84 0.18404907975460122 0.5182926829268293 0.08282208588957056 0.25609756097560976
208 0.3021472392638037 0.524390243902439 0.052147239263803685 0.9024390243902439
155 0.4133435582822086 0.5182926829268293 0.0843558282208589 0.6707317073170732
212 0.5253067484662577 0.524390243902439 0.05368098159509203 0.9024390243902439
72 0.5766871165644172 0.8048780487804879 0.015337423312883436 0.29268292682926833
212 0.6909509202453988 0.524390243902439 0.05368098159509203 0.9024390243902439
158 0.74079754601227 0.18292682926829268 0.02147239263803681 0.36585365853658536
84 0.848159509202454 0.5121951219512195 0.08282208588957056 0.24390243902439024
212 0.9700920245398773 0.5182926829268293 0.05368098159509203 0.8902439024390244
