0 0.05331991951710262 0.5194174757281553 0.10663983903420524 0.5533980582524272
108 0.19517102615694168 0.587378640776699 0.07645875251509054 0.39805825242718446
148 0.4336016096579477 0.02427184466019417 0.31991951710261574 0.04854368932038834
11 0.33098591549295775 0.5145631067961165 0.10261569416498995 0.5631067961165048
158 0.4024144869215292 0.3203883495145631 0.02012072434607646 0.19417475728155337
12 0.5010060362173039 0.5194174757281553 0.1006036217303823 0.5728155339805825
158 0.5734406438631792 0.33009708737864074 0.024144869215291753 0.19417475728155337
58 0.6468812877263582 0.587378640776699 0.05030181086519115 0.7475728155339805
117 0.7484909456740443 0.5970873786407767 0.06841046277665996 0.7281553398058251
201 0.8531187122736419 0.703883495145631 0.09657947686116701 0.5533980582524272
164 0.960764587525151 0.5922330097087378 0.07042253521126761 0.7378640776699028
