204 0.005136986301369863 0.5340909090909091 0.010273972602739725 0.8409090909090909
204 0.03424657534246575 0.5397727272727273 0.010273972602739725 0.8295454545454546
50 0.1172945205479452 0.4715909090909091 0.10787671232876711 0.6477272727272727
128 0.2816780821917808 0.5511363636363636 0.09075342465753425 0.05681818181818182
201 0.4323630136986301 0.6647727272727273 0.07705479452054795 0.625
20 0.5077054794520548 0.5454545454545454 0.032534246575342464 0.8636363636363636
148 0.5573630136986301 0.03977272727272727 0.053082191780821915 0.07954545454545454
186 0.5522260273972602 0.5170454545454546 0.03595890410958904 0.5340909090909091
39 0.5924657534246575 0.5397727272727273 0.03424657534246575 0.8522727272727273
204 0.636986301369863 0.5340909090909091 0.010273972602739725 0.8409090909090909
204 0.6686643835616438 0.5340909090909091 0.008561643835616438 0.8409090909090909
100 0.7893835616438356 0.5397727272727273 0.08904109589041095 0.48863636363636365
83 0.9186643835616438 0.5454545454545454 0.046232876712328765 0.4545454545454546
211 0.9751712328767123 0.7727272727272727 0.04280821917808219 0.4090909090909091
