205 0.03587115666178624 0.4450549450549451 0.07174231332357248 0.4285714285714286
112 0.09077598828696926 0.7252747252747254 0.032210834553440704 0.5054945054945056
158 0.095900439238653 0.14285714285714288 0.016105417276720352 0.2417582417582418
84 0.1698389458272328 0.42307692307692313 0.07613469985358712 0.2087912087912088
89 0.27013177159590046 0.4175824175824176 0.07759882869692533 0.8351648351648352
112 0.3060029282576867 0.7142857142857143 0.032210834553440704 0.5054945054945056
20 0.35505124450951686 0.4120879120879121 0.03367496339677892 0.8241758241758242
205 0.41654465592972184 0.4340659340659341 0.07174231332357248 0.4285714285714286
39 0.47364568081991215 0.4120879120879121 0.03367496339677892 0.8241758241758242
72 0.5109809663250366 0.6758241758241759 0.017569546120058566 0.23076923076923078
145 0.5980966325036603 0.3351648351648352 0.03367496339677892 0.6263736263736264
122 0.6925329428989752 0.4120879120879121 0.07906295754026355 0.7582417582417583
112 0.7628111273792094 0.4395604395604396 0.055636896046852125 0.7912087912087913
122 0.8477306002928258 0.4175824175824176 0.07906295754026355 0.7472527472527473
126 0.9531478770131772 0.42307692307692313 0.08784773060029283 0.4285714285714286
