182 0.05016722408026756 0.45890410958904104 0.10033444816053512 0.8904109589041096
172 0.13127090301003344 0.7808219178082192 0.048494983277591976 0.3287671232876712
126 0.2399665551839465 0.48630136986301364 0.1020066889632107 0.4794520547945205
172 0.3193979933110368 0.7123287671232876 0.046822742474916385 0.3287671232876712
163 0.382943143812709 0.7123287671232876 0.03678929765886287 0.3287671232876712
172 0.42391304347826086 0.8424657534246575 0.038461538461538464 0.2602739726027397
84 0.5702341137123745 0.4520547945205479 0.08361204013377926 0.273972602739726
75 0.7132107023411371 0.363013698630137 0.05852842809364548 0.726027397260274
155 0.8269230769230769 0.45890410958904104 0.08193979933110368 0.6712328767123288
195 0.9423076923076923 0.3698630136986301 0.048494983277591976 0.7123287671232876
169 0.9891304347826086 0.5821917808219178 0.015050167224080268 0.6164383561643836
