20 0.010285714285714287 0.23030303030303031 0.020571428571428574 0.46060606060606063
126 0.06228571428571429 0.24848484848484848 0.06971428571428571 0.21818181818181817
53 0.11485714285714287 0.3515151515151515 0.028571428571428574 0.14545454545454545
39 0.14971428571428572 0.23333333333333334 0.020571428571428574 0.45454545454545453
84 0.224 0.23030303030303031 0.05714285714285715 0.12121212121212122
20 0.2982857142857143 0.23030303030303031 0.020571428571428574 0.46060606060606063
197 0.48171428571428576 0.5666666666666667 0.34171428571428575 0.21212121212121213
126 0.3502857142857143 0.24545454545454545 0.06971428571428571 0.21212121212121213
72 0.39942857142857147 0.36363636363636365 0.010285714285714287 0.13333333333333333
119 0.4742857142857143 0.3181818181818182 0.08685714285714287 0.05454545454545454
53 0.4822857142857143 0.8636363636363636 0.02742857142857143 0.15151515151515152
72 0.5508571428571429 0.3575757575757576 0.01142857142857143 0.13333333333333333
126 0.6137142857142858 0.24242424242424243 0.06857142857142857 0.21818181818181817
72 0.6628571428571429 0.3606060606060606 0.01142857142857143 0.12727272727272726
197 0.8377142857142857 0.5606060606060606 0.2742857142857143 0.22424242424242424
145 0.7257142857142858 0.19090909090909092 0.02742857142857143 0.3090909090909091
72 0.7582857142857143 0.3575757575757576 0.010285714285714287 0.13333333333333333
126 0.8 0.8939393939393939 0.05028571428571429 0.15151515151515152
119 0.830857142857143 0.3181818181818182 0.08457142857142858 0.05454545454545454
155 0.8508571428571429 0.8818181818181818 0.04 0.21212121212121213
145 0.8902857142857143 0.8606060606060606 0.018285714285714287 0.20606060606060606
72 0.9068571428571429 0.3575757575757576 0.010285714285714287 0.13333333333333333
145 0.9531428571428572 0.19090909090909092 0.02742857142857143 0.3090909090909091
39 0.9880000000000001 0.22424242424242424 0.01942857142857143 0.4484848484848485
