110 0.014191290824261276 0.47701149425287354 0.028382581648522552 0.7164750957854406
3 0.025272161741835147 0.7739463601532567 0.014774494556765163 0.16858237547892718
163 0.03615863141524106 0.846743295019157 0.006220839813374806 0.08429118773946359
105 0.05384914463452566 0.871647509578544 0.00583203732503888 0.16475095785440613
84 0.06687402799377916 0.89272030651341 0.013996889580093312 0.06130268199233716
17 0.08262052877138414 0.08429118773946359 0.017496111975116642 0.16858237547892718
182 0.09545101088646968 0.475095785440613 0.04315707620528771 0.45977011494252873
145 0.08223172628304821 0.8697318007662834 0.0042768273716951785 0.16091954022988506
72 0.09720062208398134 0.946360153256705 0.0023328149300155523 0.04597701149425287
72 0.10069984447900467 0.16475095785440613 0.0023328149300155523 0.04597701149425287
112 0.1057542768273717 0.8888888888888888 0.01010886469673406 0.20689655172413793
16 0.11100311041990668 0.08429118773946359 0.012830482115085537 0.16858237547892718
84 0.12111197511664075 0.8888888888888888 0.014385692068429238 0.06130268199233716
145 0.13608087091757387 0.8697318007662834 0.004665629860031105 0.16091954022988506
20 0.1489113530326594 0.475095785440613 0.0077760497667185065 0.31417624521072796
11 0.16815707620528772 0.44252873563218387 0.023716951788491446 0.23371647509578544
105 0.18370917573872472 0.5919540229885057 0.00583203732503888 0.16475095785440613
72 0.19673405909797823 0.6685823754789272 0.0023328149300155523 0.04980842911877394
168 0.2047045101088647 0.6130268199233716 0.008942457231726283 0.12260536398467432
66 0.22375583203732505 0.4693486590038314 0.00505443234836703 0.04980842911877394
89 0.24727838258164853 0.4616858237547892 0.02255054432348367 0.318007662835249
105 0.25797045101088645 0.5881226053639846 0.00583203732503888 0.16475095785440613
112 0.26632970451010884 0.6091954022988505 0.01010886469673406 0.20689655172413793
72 0.28168740279937793 0.6647509578544061 0.0027216174183514776 0.04980842911877394
168 0.2900466562986003 0.611111111111111 0.00933125972006221 0.11877394636015325
155 0.31726283048211507 0.4674329501915709 0.020995334370139968 0.20689655172413793
168 0.343895800933126 0.4731800766283525 0.012830482115085537 0.17241379310344826
11 0.36333592534992226 0.43678160919540227 0.023716951788491446 0.2375478927203065
105 0.3786936236391913 0.5881226053639846 0.005443234836702955 0.16475095785440613
72 0.3917185069984448 0.6628352490421455 0.0027216174183514776 0.04597701149425287
168 0.39968895800933124 0.6091954022988505 0.00933125972006221 0.12260536398467432
168 0.4088258164852255 0.6091954022988505 0.008942457231726283 0.12260536398467432
66 0.42807153965785383 0.46551724137931033 0.004665629860031105 0.04980842911877394
89 0.4512052877138414 0.4559386973180076 0.022161741835147745 0.31417624521072796
105 0.46170295489891133 0.5842911877394635 0.00583203732503888 0.16475095785440613
112 0.4704510108864697 0.6053639846743295 0.01010886469673406 0.20689655172413793
72 0.4856143079315708 0.660919540229885 0.0023328149300155523 0.04980842911877394
168 0.49358475894245724 0.60727969348659 0.008942457231726283 0.11877394636015325
155 0.5206065318818041 0.4636015325670498 0.020995334370139968 0.20689655172413793
11 0.5538491446345256 0.4329501915708812 0.023716951788491446 0.2375478927203065
105 0.5690124416796267 0.582375478927203 0.00583203732503888 0.16858237547892718
72 0.5822317262830482 0.6590038314176245 0.0027216174183514776 0.04597701149425287
168 0.5900077760497667 0.60727969348659 0.008942457231726283 0.11877394636015325
188 0.6014774494556765 0.5804597701149425 0.01166407465007776 0.17241379310344826
66 0.6218895800933126 0.4616858237547892 0.00505443234836703 0.04980842911877394
94 0.6695178849144634 0.46551724137931033 0.06531881804043546 0.026819923371647507
89 0.6487169517884914 0.17624521072796934 0.022161741835147745 0.31417624521072796
105 0.6592146189735615 0.30459770114942525 0.00583203732503888 0.16475095785440613
168 0.6685458786936236 0.6877394636015325 0.012830482115085537 0.17241379310344826
112 0.6677682737169518 0.32567049808429116 0.010497667185069984 0.20689655172413793
72 0.6829315707620529 0.3793103448275862 0.0027216174183514776 0.04597701149425287
188 0.6934292379471229 0.3007662835249042 0.011275272161741835 0.17241379310344826
155 0.7258942457231726 0.46551724137931033 0.020995334370139968 0.210727969348659
168 0.7521384136858476 0.4693486590038314 0.012830482115085537 0.17241379310344826
11 0.7715785381026439 0.4329501915708812 0.023716951788491446 0.2375478927203065
105 0.786741835147745 0.5842911877394635 0.00583203732503888 0.16475095785440613
72 0.7999611197511665 0.660919540229885 0.0027216174183514776 0.04980842911877394
168 0.8077371695178849 0.60727969348659 0.008942457231726283 0.11877394636015325
168 0.8168740279937792 0.60727969348659 0.00933125972006221 0.11877394636015325
66 0.8361197511664075 0.46551724137931033 0.00505443234836703 0.04980842911877394
89 0.859253499222395 0.4578544061302682 0.02177293934681182 0.3103448275862069
105 0.869945567651633 0.5862068965517241 0.00583203732503888 0.16091954022988506
112 0.8784992223950233 0.60727969348659 0.010497667185069984 0.20306513409961685
72 0.8936625194401244 0.6628352490421455 0.0027216174183514776 0.04597701149425287
168 0.9016329704510109 0.60727969348659 0.00933125972006221 0.11877394636015325
39 0.9148522550544324 0.4674329501915709 0.0077760497667185065 0.31417624521072796
75 0.937791601866252 0.4291187739463601 0.01866251944012442 0.2528735632183908
18 0.9667573872472783 0.4272030651340996 0.03849144634525661 0.2567049808429119
195 0.9941679626749611 0.2835249042145594 0.01010886469673406 0.16858237547892718
