207 0.0377906976744186 0.5348837209302325 0.0755813953488372 0.46511627906976744
68 0.05232558139534883 0.11046511627906977 0.046511627906976744 0.22093023255813954
211 0.11918604651162791 0.75 0.0562015503875969 0.43023255813953487
74 0.2548449612403101 0.5348837209302325 0.1065891472868217 0.46511627906976744
207 0.4060077519379845 0.5406976744186046 0.07945736434108527 0.45348837209302323
68 0.4215116279069767 0.10465116279069767 0.04844961240310078 0.20930232558139533
145 0.48643410852713176 0.7674418604651163 0.03875968992248062 0.41860465116279066
178 0.6211240310077519 0.5058139534883721 0.0755813953488372 0.6162790697674418
15 0.7567829457364341 0.41860465116279066 0.06395348837209303 0.6511627906976745
20 0.8246124031007752 0.5116279069767442 0.040697674418604654 0.8837209302325582
201 0.8992248062015504 0.627906976744186 0.08914728682170542 0.6511627906976745
39 0.9777131782945736 0.5116279069767442 0.036821705426356585 0.8837209302325582
