117 0.023470839260312945 0.48295454545454547 0.04694167852062589 0.8522727272727273
129 0.08677098150782361 0.6136363636363636 0.05974395448079659 0.6136363636363636
158 0.13300142247510668 0.17045454545454547 0.012802275960170698 0.20454545454545456
145 0.1465149359886202 0.7386363636363636 0.025604551920341397 0.4090909090909091
164 0.20483641536273117 0.48863636363636365 0.04836415362731152 0.8409090909090909
65 0.31223328591749644 0.5113636363636364 0.07539118065433856 0.4545454545454546
116 0.41749644381223333 0.40340909090909094 0.052631578947368425 0.6704545454545455
4 0.4815078236130868 0.48295454545454547 0.03840682788051209 0.9659090909090909
211 0.5334281650071124 0.40340909090909094 0.05405405405405406 0.6704545454545455
72 0.5761024182076814 0.7613636363636364 0.017069701280227598 0.25
186 0.6209103840682788 0.4715909090909091 0.02702702702702703 0.5340909090909091
211 0.6642958748221907 0.7443181818181819 0.03698435277382646 0.42045454545454547
5 0.7126600284495022 0.4943181818181818 0.03982930298719772 0.9659090909090909
84 0.8314366998577525 0.5056818181818182 0.07823613086770982 0.2159090909090909
153 0.9623044096728308 0.5056818181818182 0.06970128022759602 0.8522727272727273
