160 0.02831858407079646 0.5098039215686274 0.05663716814159292 0.9019607843137255
84 0.1168141592920354 0.43137254901960786 0.05663716814159292 0.27450980392156865
20 0.1920353982300885 0.47058823529411764 0.023008849557522124 0.9019607843137255
207 0.23628318584070795 0.5098039215686274 0.047787610619469026 0.5098039215686274
155 0.31946902654867254 0.4411764705882353 0.05486725663716814 0.6078431372549019
57 0.4044247787610619 0.39215686274509803 0.04424778761061947 0.7843137254901961
72 0.44424778761061945 0.7647058823529411 0.01415929203539823 0.27450980392156865
209 0.5309734513274336 0.5882352941176471 0.04247787610619469 0.7058823529411764
128 0.6141592920353982 0.4215686274509804 0.05663716814159292 0.09803921568627451
53 0.6964601769911505 0.5098039215686274 0.04424778761061947 0.5098039215686274
39 0.7469026548672566 0.46078431372549017 0.024778761061946902 0.9215686274509803
108 0.8212389380530973 0.43137254901960786 0.06371681415929203 0.7058823529411764
12 0.9221238938053097 0.39215686274509803 0.06725663716814159 0.7843137254901961
64 0.9849557522123894 0.7450980392156863 0.023008849557522124 0.3137254901960784
158 0.9814159292035398 0.1568627450980392 0.012389380530973451 0.27450980392156865
