18 0.036269430051813475 0.3988095238095238 0.07253886010362695 0.7261904761904762
20 0.1016839378238342 0.494047619047619 0.02461139896373057 0.9642857142857142
186 0.14378238341968913 0.45238095238095233 0.02849740932642487 0.6428571428571428
39 0.18523316062176168 0.494047619047619 0.02590673575129534 0.9642857142857142
20 0.22927461139896374 0.494047619047619 0.02590673575129534 0.9642857142857142
149 0.2856217616580311 0.5833333333333333 0.06088082901554404 0.6904761904761905
39 0.3439119170984456 0.494047619047619 0.02461139896373057 0.9642857142857142
84 0.4378238341968912 0.4880952380952381 0.06994818652849741 0.2857142857142857
149 0.5466321243523317 0.5833333333333333 0.06217616580310881 0.6904761904761905
155 0.6496113989637305 0.4880952380952381 0.07124352331606218 0.6428571428571428
186 0.7376943005181348 0.44047619047619047 0.02979274611398964 0.6428571428571428
50 0.800518134715026 0.38095238095238093 0.08549222797927461 0.7142857142857142
20 0.8704663212435233 0.4821428571428571 0.02590673575129534 0.9642857142857142
149 0.9268134715025907 0.5714285714285714 0.06088082901554404 0.6904761904761905
39 0.9844559585492229 0.4821428571428571 0.02590673575129534 0.9642857142857142
