18 0.042242703533026116 0.5 0.08448540706605223 0.49593495934959353
20 0.11981566820276497 0.5650406504065041 0.030721966205837174 0.6585365853658537
186 0.16897081413210446 0.5365853658536586 0.03379416282642089 0.4390243902439025
39 0.21812596006144394 0.5609756097560976 0.030721966205837174 0.6666666666666667
204 0.2619047619047619 0.5650406504065041 0.010752688172043012 0.6910569105691058
20 0.30568356374807987 0.5609756097560976 0.030721966205837174 0.6666666666666667
3 0.37864823348694315 0.49186991869918706 0.08755760368663594 0.49593495934959353
195 0.4554531490015361 0.19918699186991873 0.041474654377880185 0.3658536585365854
145 0.4470046082949309 0.8089430894308944 0.021505376344086023 0.34959349593495936
155 0.5153609831029186 0.24796747967479676 0.05683563748079877 0.3008130081300813
101 0.5752688172043011 0.1910569105691057 0.0445468509984639 0.3821138211382114
173 0.7150537634408602 0.5528455284552846 0.08755760368663594 0.14634146341463417
48 0.8786482334869432 0.48373983739837406 0.08602150537634409 0.49593495934959353
163 0.9278033794162827 0.853658536585366 0.03379416282642089 0.24390243902439027
39 0.9815668202764977 0.5528455284552846 0.030721966205837174 0.6666666666666667
