30 0.06264501160092807 0.3875 0.12529002320185614 0.7000000000000001
145 0.154292343387471 0.7375 0.04408352668213457 0.45
84 0.29234338747099764 0.4625 0.12064965197215777 0.25
30 0.4559164733178654 0.3875 0.12761020881670532 0.7000000000000001
145 0.548723897911833 0.74375 0.04408352668213457 0.4625
158 0.5649651972157772 0.15000000000000002 0.030162412993039442 0.275
191 0.6879350348027842 0.4625 0.0951276102088167 0.5
30 0.8526682134570766 0.3875 0.12296983758700696 0.7000000000000001
145 0.9431554524361948 0.7375 0.04408352668213457 0.45
78 0.9651972157772621 0.1375 0.060324825986078884 0.275
