208 0.011987625676720804 0.6039325842696629 0.02397525135344161 0.37640449438202245
195 0.03634957463263728 0.4353932584269663 0.017014694508894045 0.19662921348314605
84 0.08662026295436968 0.5955056179775281 0.038669760247486466 0.11235955056179775
94 0.1566125290023202 0.5926966292134831 0.05336426914153133 0.03932584269662921
50 0.15622583139984533 0.2696629213483146 0.046403712296983764 0.3033707865168539
51 0.1566125290023202 0.8398876404494382 0.040989945862335654 0.29775280898876405
84 0.22621809744779584 0.5926966292134831 0.03789636504253674 0.10674157303370786
94 0.6345707656612529 0.5842696629213483 0.7277648878576953 0.0449438202247191
20 0.28306264501160094 0.300561797752809 0.013921113689095129 0.42134831460674155
20 0.3054911059551431 0.300561797752809 0.013921113689095129 0.42134831460674155
50 0.34068058778035576 0.2640449438202247 0.04717710750193349 0.3033707865168539
128 0.402938901778809 0.3033707865168539 0.03557617942768755 0.033707865168539325
51 0.46017014694508895 0.26123595505617975 0.04176334106728539 0.29775280898876405
39 0.4945862335653519 0.300561797752809 0.014694508894044857 0.42134831460674155
75 0.5174013921113689 0.1601123595505618 0.020108275328692964 0.20786516853932585
50 0.545630317092034 0.8314606741573034 0.04717710750193349 0.3033707865168539
128 0.5436968290796598 0.18258426966292135 0.02474864655839134 0.028089887640449437
195 0.5703789636504254 0.1601123595505618 0.017788089713843776 0.19662921348314605
195 0.582753286929621 0.7612359550561798 0.017788089713843776 0.19662921348314605
53 0.6040216550657386 0.7921348314606741 0.020108275328692964 0.1348314606741573
128 0.6183294663573086 0.29775280898876405 0.03634957463263728 0.033707865168539325
51 0.6403712296983759 0.8314606741573034 0.04176334106728539 0.3033707865168539
50 0.680201082753287 0.2584269662921348 0.04717710750193349 0.3033707865168539
195 0.674400618716164 0.7584269662921348 0.018561484918793503 0.20224719101123595
57 0.6945088940448569 0.7556179775280899 0.017014694508894045 0.20786516853932585
155 0.7180974477958237 0.7808988764044944 0.027068832173240527 0.20224719101123595
51 0.7296983758700697 0.2556179775280899 0.040989945862335654 0.29775280898876405
195 0.7447795823665894 0.7584269662921348 0.017014694508894045 0.20224719101123595
89 0.7695282289249807 0.2949438202247191 0.029389017788089715 0.38764044943820225
102 0.7780355761794278 0.033707865168539325 0.013921113689095129 0.06741573033707865
20 0.7977571539056458 0.2949438202247191 0.013147718484145398 0.42134831460674155
50 0.8321732405259088 0.2556179775280899 0.0448569218870843 0.29775280898876405
72 0.862722351121423 0.4157303370786517 0.006960556844547564 0.12359550561797752
51 0.9110595514307812 0.2556179775280899 0.04021655065738593 0.29775280898876405
39 0.9431554524361949 0.29213483146067415 0.013147718484145398 0.4157303370786517
39 0.9640371229698377 0.29213483146067415 0.013147718484145398 0.4157303370786517
195 0.9853054911059552 0.1544943820224719 0.017014694508894045 0.19662921348314605
