0 0.034237726098191215 0.3526315789473684 0.06847545219638243 0.6210526315789473
101 0.09689922480620156 0.731578947368421 0.03359173126614987 0.47368421052631576
84 0.19832041343669252 0.43684210526315786 0.06847545219638243 0.22105263157894736
74 0.3133074935400517 0.43684210526315786 0.07881136950904392 0.8736842105263157
23 0.3856589147286822 0.43684210526315786 0.03488372093023256 0.8526315789473684
6 0.46059431524547806 0.34736842105263155 0.07622739018087855 0.6526315789473685
172 0.516795865633075 0.8210526315789474 0.03875968992248062 0.3157894736842105
204 0.5626614987080104 0.4421052631578947 0.006459948320413437 0.8631578947368421
172 0.6117571059431525 0.4526315789473684 0.05813953488372093 0.4421052631578947
108 0.7131782945736435 0.4421052631578947 0.05943152454780362 0.5263157894736842
14 0.8397932816537468 0.34210526315789475 0.12144702842377261 0.6631578947368421
109 0.9056847545219638 0.8315789473684211 0.07493540051679587 0.29473684210526313
24 0.9812661498708011 0.4473684210526316 0.03229974160206719 0.8526315789473684
