89 0.055214723926380375 0.4277777777777778 0.11042944785276075 0.8555555555555556
20 0.15439672801635992 0.4222222222222222 0.04703476482617587 0.8444444444444444
34 0.2484662576687117 0.4388888888888889 0.11247443762781187 0.8333333333333334
205 0.35378323108384463 0.75 0.0736196319018405 0.2777777777777778
39 0.42024539877300615 0.43333333333333335 0.04703476482617587 0.8444444444444444
178 0.5368098159509203 0.4277777777777778 0.10838445807770962 0.3666666666666667
34 0.6871165644171779 0.4444444444444445 0.114519427402863 0.8444444444444444
89 0.7862985685071575 0.7222222222222222 0.06748466257668713 0.5111111111111112
158 0.7934560327198364 0.1388888888888889 0.0245398773006135 0.23333333333333334
20 0.859918200408998 0.7277777777777779 0.026584867075664625 0.4777777777777778
205 0.9222903885480573 0.7555555555555555 0.07770961145194274 0.26666666666666666
39 0.9836400817995911 0.7333333333333334 0.0245398773006135 0.48888888888888893
