30 0.045694200351493845 0.3860759493670886 0.09138840070298769 0.7215189873417721
145 0.1133567662565905 0.7468354430379747 0.03339191564147627 0.45569620253164556
84 0.21880492091388398 0.4620253164556962 0.09314586994727592 0.24050632911392406
30 0.34182776801405973 0.3860759493670886 0.09314586994727592 0.7215189873417721
145 0.4103690685413005 0.7468354430379747 0.03339191564147627 0.45569620253164556
158 0.42267135325131805 0.13924050632911392 0.019332161687170474 0.27848101265822783
191 0.5166959578207381 0.46835443037974683 0.07029876977152899 0.5063291139240507
30 0.6397188049209138 0.3860759493670886 0.09138840070298769 0.7215189873417721
145 0.7091388400702987 0.7341772151898734 0.03339191564147627 0.45569620253164556
78 0.7267135325131809 0.13924050632911392 0.04393673110720562 0.27848101265822783
178 0.8277680140597539 0.4620253164556962 0.09138840070298769 0.4177215189873418
30 0.9499121265377856 0.37974683544303794 0.09314586994727592 0.7088607594936709
