6 0.03075170842824601 0.34545454545454546 0.06150341685649202 0.5272727272727272
54 0.0797266514806378 0.6818181818181818 0.02733485193621868 0.21818181818181817
112 0.08257403189066059 0.19999999999999998 0.023917995444191344 0.39999999999999997
210 0.1121867881548975 0.7772727272727272 0.02164009111617312 0.15454545454545454
211 0.14350797266514806 0.859090909090909 0.025056947608200455 0.24545454545454545
65 0.20501138952164008 0.43636363636363634 0.0592255125284738 0.34545454545454546
41 0.2733485193621868 0.35 0.04555808656036446 0.5181818181818182
105 0.3092255125284738 0.6409090909090909 0.012528473804100227 0.3181818181818182
84 0.3661731207289294 0.42272727272727273 0.05808656036446469 0.17272727272727273
23 0.43451025056947606 0.41363636363636364 0.026195899772209565 0.6818181818181818
89 0.4738041002277904 0.35 0.0296127562642369 0.5181818181818182
105 0.49658314350797267 0.35454545454545455 0.02050113895216401 0.5272727272727272
130 0.5364464692482915 0.43636363636363634 0.04555808656036446 0.34545454545454546
105 0.576879271070615 0.36363636363636365 0.019362186788154895 0.5272727272727272
186 0.6059225512528473 0.39999999999999997 0.02277904328018223 0.45454545454545453
80 0.642369020501139 0.43636363636363634 0.03416856492027335 0.34545454545454546
149 0.7329157175398633 0.5318181818181817 0.04441913439635535 0.5181818181818182
141 0.7841685649202733 0.44999999999999996 0.04214123006833713 0.35454545454545455
105 0.8234624145785877 0.36363636363636365 0.02050113895216401 0.5272727272727272
130 0.8650341685649202 0.45909090909090905 0.04669703872437357 0.35454545454545455
186 0.9111617312072893 0.40909090909090906 0.025056947608200455 0.45454545454545453
168 0.9453302961275626 0.4636363636363636 0.0296127562642369 0.36363636363636365
24 0.9840546697038723 0.43636363636363634 0.02733485193621868 0.6909090909090909
