34 0.025797373358348967 0.46367521367521375 0.051594746716697934 0.32051282051282054
84 0.09427767354596622 0.4551282051282052 0.04971857410881801 0.0811965811965812
23 0.15478424015009382 0.45299145299145305 0.03564727954971857 0.8974358974358976
212 0.19324577861163228 0.4508547008547009 0.028142589118198873 0.311965811965812
145 0.22091932457786118 0.5512820512820513 0.017823639774859287 0.15384615384615385
128 0.28330206378986866 0.4551282051282052 0.04878048780487805 0.021367521367521368
210 0.3334896810506567 0.46367521367521375 0.03095684803001876 0.15811965811965814
145 0.36350844277673544 0.5470085470085471 0.017823639774859287 0.15384615384615385
84 0.42026266416510316 0.4551282051282052 0.04878048780487805 0.0811965811965812
54 0.47560975609756095 0.8867521367521368 0.024390243902439025 0.11538461538461539
108 0.5084427767354597 0.8824786324786326 0.024390243902439025 0.12393162393162395
182 0.550187617260788 0.4572649572649573 0.06097560975609756 0.4017094017094017
52 0.5487804878048781 0.8547008547008548 0.03564727954971857 0.17948717948717952
130 0.575984990619137 0.80982905982906 0.0150093808630394 0.07264957264957266
155 0.5863039399624765 0.9423076923076924 0.020637898686679174 0.0982905982905983
128 0.6045966228893058 0.7884615384615385 0.021575984990619138 0.012820512820512822
145 0.6308630393996247 0.7927350427350428 0.012195121951219513 0.10683760683760685
64 0.6843339587242027 0.45940170940170943 0.029080675422138838 0.16666666666666669
54 0.7129455909943715 0.5705128205128206 0.0225140712945591 0.10683760683760685
20 0.7471857410881801 0.45299145299145305 0.021575984990619138 0.3247863247863248
212 0.7772045028142589 0.4508547008547009 0.029080675422138838 0.311965811965812
190 0.7818949343339587 0.2606837606837607 0.03470919324577861 0.05128205128205129
128 0.8358348968105066 0.4508547008547009 0.04878048780487805 0.021367521367521368
210 0.8874296435272045 0.45940170940170943 0.03189493433395872 0.15811965811965814
190 0.898217636022514 0.311965811965812 0.027204502814258912 0.03418803418803419
39 0.9202626641651032 0.4508547008547009 0.016885553470919325 0.30341880341880345
54 0.9432457786116323 0.35897435897435903 0.021575984990619138 0.10256410256410257
24 0.9798311444652908 0.4487179487179488 0.036585365853658534 0.8974358974358976
