84 0.011387600168705186 0.4834905660377358 0.022775200337410373 0.10849056603773584
201 0.04702657106706031 0.5306603773584906 0.018979333614508646 0.28773584905660377
20 0.08118937157317588 0.4858490566037736 0.017292281737663433 0.9528301886792453
11 0.10544074230282581 0.44811320754716977 0.0261493040911008 0.29245283018867924
168 0.12167861661746099 0.6650943396226415 0.009700548291859973 0.1509433962264151
66 0.1421341206242092 0.4858490566037736 0.005061155630535639 0.05660377358490566
94 0.18072543230704344 0.49292452830188677 0.04259805989034163 0.0330188679245283
11 0.17334458034584563 0.1509433962264151 0.025305778152678194 0.29245283018867924
168 0.17946014339940952 0.7641509433962264 0.013918177983973008 0.21698113207547168
188 0.19232391396035428 0.33490566037735847 0.012652889076339097 0.20754716981132074
155 0.22733024040489244 0.49056603773584906 0.022775200337410373 0.25471698113207547
11 0.2633909742724589 0.4528301886792453 0.025727541121889498 0.29245283018867924
168 0.279628848587094 0.6698113207547169 0.010122311261071278 0.1509433962264151
168 0.28932939687895404 0.6698113207547169 0.010122311261071278 0.1509433962264151
66 0.3099957823703079 0.49292452830188677 0.005061155630535639 0.06132075471698113
11 0.3367777309152256 0.455188679245283 0.025727541121889498 0.28773584905660377
188 0.35575706452973427 0.6391509433962264 0.012231126107127795 0.2122641509433962
155 0.3865457612821594 0.49764150943396224 0.023196963306621677 0.25943396226415094
11 0.42197385069590887 0.45990566037735847 0.025727541121889498 0.28773584905660377
168 0.4386334879797554 0.6745283018867925 0.010122311261071278 0.1509433962264151
66 0.45908899198650355 0.49528301886792453 0.005482918599746942 0.05660377358490566
94 0.4938844369464361 0.5023584905660378 0.036271615352172076 0.0330188679245283
89 0.4890341628005061 0.1910377358490566 0.024040489245044285 0.3820754716981132
168 0.4930409110080135 0.7759433962264151 0.01433994095318431 0.2122641509433962
188 0.5029523407844791 0.3466981132075472 0.012231126107127795 0.2122641509433962
155 0.5379586672290173 0.5047169811320754 0.023196963306621677 0.25471698113207547
11 0.5738085196119781 0.4669811320754717 0.025727541121889498 0.29245283018867924
168 0.5900463939266132 0.6816037735849056 0.010122311261071278 0.14622641509433962
168 0.5999578237030788 0.6816037735849056 0.009700548291859973 0.14622641509433962
66 0.6206242091944327 0.5023584905660378 0.005482918599746942 0.06132075471698113
89 0.6465626318009279 0.49528301886792453 0.02446225221425559 0.38679245283018865
188 0.6600590468156896 0.6485849056603773 0.01180936313791649 0.2122641509433962
155 0.6910586250527203 0.5094339622641509 0.023196963306621677 0.25471698113207547
11 0.7269084774356811 0.4693396226415094 0.025727541121889498 0.28773584905660377
168 0.7435681147195276 0.6863207547169811 0.010122311261071278 0.14622641509433962
188 0.7562210037958667 0.6556603773584906 0.012652889076339097 0.20754716981132074
66 0.7779417967102488 0.5094339622641509 0.005482918599746942 0.05660377358490566
11 0.8047237452551665 0.4740566037735849 0.025305778152678194 0.28773584905660377
168 0.8209616195698017 0.6910377358490566 0.009700548291859973 0.14622641509433962
155 0.8500632644453817 0.5165094339622641 0.023196963306621677 0.25943396226415094
11 0.8859131168283424 0.47877358490566035 0.025727541121889498 0.28773584905660377
168 0.901940109658372 0.695754716981132 0.009700548291859973 0.14622641509433962
188 0.9141712357654997 0.6580188679245282 0.012231126107127795 0.2122641509433962
66 0.9361029101644875 0.5141509433962264 0.005482918599746942 0.05660377358490566
89 0.9614086883171657 0.5047169811320754 0.024040489245044285 0.38679245283018865
168 0.9725854070012653 0.6933962264150944 0.010122311261071278 0.1509433962264151
39 0.9905103331927456 0.5165094339622641 0.017292281737663433 0.9481132075471698
