110 0.015494137353433836 0.4668246445497631 0.03098827470686767 0.8862559241706162
3 0.027428810720268006 0.8388625592417063 0.016331658291457288 0.2085308056872038
163 0.03957286432160804 0.9289099526066351 0.00628140703517588 0.1042654028436019
204 0.05820770519262981 0.47156398104265407 0.002512562814070352 0.40284360189573465
86 0.07370184254606366 0.5165876777251185 0.015912897822445562 0.29383886255924174
70 0.10050251256281408 0.47156398104265407 0.01423785594639866 0.16587677725118485
89 0.12918760469011725 0.45971563981042657 0.02386934673366834 0.3886255924170616
204 0.1474036850921273 0.47630331753554506 0.002512562814070352 0.40284360189573465
168 0.16561976549413734 0.48104265402843605 0.013819095477386936 0.2132701421800948
75 0.18362646566164154 0.4289099526066351 0.02051926298157454 0.3175355450236967
168 0.19974874371859297 0.48341232227488157 0.01423785594639866 0.2085308056872038
75 0.22529313232830822 0.4289099526066351 0.020100502512562814 0.3175355450236967
188 0.24539363484087104 0.4360189573459716 0.01675041876046901 0.3033175355450237
121 0.27889447236180903 0.48104265402843605 0.021775544388609715 0.3175355450236967
6 0.31804857621440535 0.4383886255924171 0.025544388609715245 0.3080568720379147
189 0.3352177554438861 0.6232227488151659 0.010469011725293133 0.2132701421800948
20 0.35950586264656614 0.47393364928909953 0.017169179229480736 0.9478672985781991
110 0.391750418760469 0.4786729857819906 0.030569514237855946 0.8815165876777252
3 0.40389447236180903 0.8507109004739337 0.016331658291457288 0.20379146919431282
163 0.4158291457286432 0.9407582938388627 0.006700167504187605 0.0995260663507109
20 0.43090452261306533 0.48104265402843605 0.008375209380234505 0.38388625592417064
204 0.44221105527638194 0.48104265402843605 0.002512562814070352 0.40284360189573465
89 0.45979899497487436 0.47156398104265407 0.02345058626465662 0.3933649289099526
204 0.4780150753768844 0.48104265402843605 0.0029313232830820773 0.40284360189573465
195 0.48974036850921276 0.24881516587677727 0.011306532663316583 0.2132701421800948
155 0.5196817420435511 0.48341232227488157 0.022613065326633167 0.2559241706161138
204 0.5460636515912898 0.48578199052132703 0.002512562814070352 0.40284360189573465
89 0.5634422110552764 0.47393364928909953 0.02386934673366834 0.3886255924170616
204 0.5816582914572864 0.48341232227488157 0.002512562814070352 0.3981042654028436
195 0.5935929648241206 0.2511848341232228 0.011306532663316583 0.2085308056872038
168 0.6092964824120604 0.490521327014218 0.01423785594639866 0.2132701421800948
128 0.6291876046901173 0.27251184834123227 0.017169179229480736 0.023696682464454978
145 0.6476130653266332 0.25355450236966826 0.005443886097152429 0.20379146919431282
155 0.6637353433835846 0.28199052132701424 0.015912897822445562 0.17535545023696683
83 0.6790201005025126 0.28199052132701424 0.009631490787269681 0.14691943127962087
39 0.6932579564489112 0.48341232227488157 0.007956448911222781 0.3886255924170616
168 0.7131490787269682 0.48578199052132703 0.01423785594639866 0.2132701421800948
75 0.7313651591289783 0.4336492890995261 0.02051926298157454 0.3175355450236967
168 0.7470686767169179 0.48578199052132703 0.01340033500837521 0.2132701421800948
75 0.7732412060301508 0.4360189573459716 0.02051926298157454 0.3127962085308057
188 0.792713567839196 0.4407582938388626 0.01675041876046901 0.3033175355450237
155 0.8241206030150754 0.48104265402843605 0.022613065326633167 0.26066350710900477
163 0.8536432160804021 0.48341232227488157 0.012981574539363484 0.1990521327014218
7 0.8731155778894473 0.4431279620853081 0.02680067001675042 0.28909952606635075
20 0.8961474036850922 0.4786729857819906 0.008375209380234505 0.3886255924170616
163 0.9110134003350084 0.48341232227488157 0.012981574539363484 0.1990521327014218
39 0.9258793969849246 0.4786729857819906 0.008375209380234505 0.3886255924170616
145 0.9399078726968174 0.24881516587677727 0.005443886097152429 0.20379146919431282
155 0.9560301507537688 0.27488151658767773 0.015912897822445562 0.18009478672985785
96 0.9723618090452262 0.3033175355450237 0.010050251256281407 0.1990521327014218
39 0.9905778894472362 0.47393364928909953 0.017169179229480736 0.9478672985781991
