94 0.14429223744292238 0.5767441860465117 0.28858447488584477 0.037209302325581395
75 0.008904109589041096 0.27906976744186046 0.016894977168949773 0.27906976744186046
4 0.030821917808219176 0.3186046511627907 0.012328767123287671 0.3395348837209302
186 0.045433789954337896 0.30465116279069765 0.009589041095890411 0.2186046511627907
20 0.059132420091324196 0.3116279069767442 0.007762557077625571 0.3441860465116279
15 0.07328767123287672 0.27906976744186046 0.01506849315068493 0.26046511627906976
20 0.09041095890410959 0.313953488372093 0.00821917808219178 0.3488372093023256
153 0.108675799086758 0.3116279069767442 0.02100456621004566 0.35348837209302325
186 0.12579908675799087 0.43488372093023253 0.005936073059360731 0.13488372093023254
75 0.13493150684931507 0.813953488372093 0.016894977168949773 0.2697674418604651
39 0.13470319634703196 0.30930232558139537 0.00821917808219178 0.3488372093023256
186 0.15388127853881278 0.8395348837209302 0.0091324200913242 0.20930232558139533
128 0.16073059360730593 0.30465116279069765 0.0228310502283105 0.023255813953488372
16 0.1872146118721461 0.27209302325581397 0.0182648401826484 0.2651162790697674
20 0.20616438356164382 0.30465116279069765 0.007762557077625571 0.3488372093023256
153 0.22442922374429222 0.3069767441860465 0.02054794520547945 0.35348837209302325
186 0.241324200913242 0.43023255813953487 0.005936073059360731 0.13488372093023254
39 0.2509132420091324 0.3023255813953488 0.008675799086757991 0.3441860465116279
39 0.26164383561643834 0.30465116279069765 0.0091324200913242 0.3488372093023256
5 0.27442922374429224 0.3023255813953488 0.01278538812785388 0.3441860465116279
128 0.30844748858447485 0.5651162790697675 0.02328767123287671 0.023255813953488372
20 0.3310502283105023 0.5697674418604651 0.00821917808219178 0.3488372093023256
15 0.34429223744292237 0.5302325581395348 0.0136986301369863 0.26046511627906976
20 0.36118721461187214 0.5697674418604651 0.00821917808219178 0.3488372093023256
153 0.37968036529680366 0.5674418604651162 0.02054794520547945 0.35348837209302325
186 0.39657534246575343 0.6906976744186046 0.005936073059360731 0.13488372093023254
39 0.40570776255707763 0.5697674418604651 0.008675799086757991 0.3488372093023256
128 0.4324200913242009 0.5604651162790698 0.023744292237442923 0.023255813953488372
16 0.4595890410958904 0.5279069767441861 0.01872146118721461 0.2651162790697674
20 0.4792237442922374 0.5651162790697675 0.008675799086757991 0.3488372093023256
153 0.49726027397260275 0.5627906976744186 0.02100456621004566 0.35348837209302325
186 0.5143835616438356 0.686046511627907 0.005936073059360731 0.13488372093023254
39 0.5230593607305936 0.5604651162790698 0.008675799086757991 0.3488372093023256
39 0.5340182648401827 0.5581395348837209 0.008675799086757991 0.3441860465116279
84 0.5595890410958904 0.555813953488372 0.024200913242009132 0.08837209302325581
94 0.5972602739726027 0.555813953488372 0.038356164383561646 0.023255813953488372
75 0.5876712328767123 0.7930232558139535 0.017351598173515982 0.2744186046511628
75 0.5956621004566209 0.2534883720930233 0.016894977168949773 0.2744186046511628
186 0.6075342465753425 0.8186046511627907 0.009589041095890411 0.21395348837209302
20 0.6397260273972603 0.5534883720930233 0.011872146118721462 0.8
94 0.7200913242009133 0.5488372093023256 0.1461187214611872 0.027906976744186046
186 0.6541095890410958 0.2744186046511628 0.009589041095890411 0.21395348837209302
20 0.6682648401826484 0.28604651162790695 0.007762557077625571 0.3488372093023256
177 0.717351598173516 0.24651162790697673 0.08767123287671233 0.49302325581395345
48 0.7219178082191781 0.786046511627907 0.021917808219178082 0.26046511627906976
128 0.7255707762557078 0.2744186046511628 0.0228310502283105 0.018604651162790697
145 0.7518264840182648 0.23953488372093024 0.01050228310502283 0.2651162790697674
39 0.7657534246575343 0.2744186046511628 0.00821917808219178 0.3441860465116279
126 0.7805936073059361 0.17209302325581394 0.016894977168949773 0.11162790697674418
22 0.819634703196347 0.9069767441860465 0.023744292237442923 0.16744186046511628
110 0.8189497716894977 0.5441860465116279 0.013242009132420091 0.4372093023255814
20 0.8422374429223745 0.541860465116279 0.008675799086757991 0.3488372093023256
128 0.8687214611872146 0.5372093023255814 0.02328767123287671 0.023255813953488372
153 0.8972602739726027 0.5372093023255814 0.019178082191780823 0.3581395348837209
186 0.9136986301369863 0.6604651162790698 0.005479452054794521 0.13953488372093023
39 0.9221461187214611 0.5325581395348837 0.008675799086757991 0.3488372093023256
143 0.9488584474885845 0.5465116279069767 0.024657534246575342 0.1813953488372093
186 0.9673515981735159 0.6581395348837209 0.005936073059360731 0.13488372093023254
126 0.9732876712328766 0.42790697674418604 0.016894977168949773 0.11162790697674418
39 0.9929223744292237 0.5209302325581395 0.012328767123287671 0.8
