6 0.01441753171856978 0.4074074074074074 0.02883506343713956 0.537037037037037
54 0.03863898500576701 0.7592592592592592 0.01384083044982699 0.2222222222222222
112 0.039792387543252594 0.2638888888888889 0.011534025374855825 0.41666666666666663
112 0.05219146482122261 0.8333333333333333 0.010957324106113034 0.2962962962962963
72 0.06978085351787774 0.6990740740740741 0.006920415224913495 0.19444444444444442
168 0.09919261822376009 0.4768518518518518 0.014994232987312572 0.3611111111111111
151 0.11389850057670127 0.6203703703703703 0.005190311418685121 0.07407407407407407
186 0.12802768166089964 0.43981481481481477 0.012687427912341408 0.4351851851851852
151 0.14071510957324107 0.6203703703703703 0.00461361014994233 0.07407407407407407
210 0.17387543252595156 0.4861111111111111 0.01787773933102653 0.34259259259259256
108 0.20069204152249134 0.4768518518518518 0.020761245674740483 0.3611111111111111
6 0.23615916955017302 0.38888888888888884 0.02825836216839677 0.537037037037037
54 0.26009227220299885 0.736111111111111 0.01384083044982699 0.23148148148148145
112 0.26124567474048443 0.24537037037037035 0.012687427912341408 0.39814814814814814
112 0.27393310265282583 0.8148148148148148 0.010380622837370242 0.2962962962962963
65 0.3036332179930796 0.4768518518518518 0.029411764705882353 0.3611111111111111
20 0.33333333333333337 0.45370370370370366 0.010380622837370242 0.7037037037037037
22 0.36389850057670126 0.38888888888888884 0.04382929642445214 0.5185185185185185
128 0.4134948096885813 0.4444444444444444 0.02883506343713956 0.037037037037037035
41 0.4480968858131488 0.375 0.02306805074971165 0.5277777777777778
112 0.46741637831603233 0.7037037037037037 0.012110726643598616 0.4074074074074074
39 0.48010380622837373 0.43981481481481477 0.010957324106113034 0.6944444444444444
72 0.4930795847750865 0.662037037037037 0.006920415224913495 0.19444444444444442
6 0.5357554786620531 0.3657407407407407 0.029988465974625143 0.5277777777777778
54 0.5611303344867359 0.7037037037037037 0.01384083044982699 0.2222222222222222
112 0.56199538638985 0.20833333333333331 0.012110726643598616 0.41666666666666663
112 0.5746828143021915 0.7777777777777777 0.010957324106113034 0.2962962962962963
65 0.6052479815455594 0.4444444444444444 0.030565167243367938 0.35185185185185186
41 0.6395617070357555 0.35185185185185186 0.02191464821222607 0.537037037037037
105 0.6571510957324106 0.6388888888888888 0.006343713956170704 0.31481481481481477
84 0.6862745098039216 0.4074074074074074 0.029988465974625143 0.16666666666666666
23 0.7205882352941176 0.40277777777777773 0.0132641291810842 0.7129629629629629
89 0.7482698961937716 0.39814814814814814 0.029411764705882353 0.6851851851851851
105 0.7655709342560554 0.33796296296296297 0.00865051903114187 0.4907407407407407
130 0.7840253748558247 0.41203703703703703 0.020184544405997693 0.34259259259259256
105 0.8027681660899654 0.33796296296296297 0.00922722029988466 0.4907407407407407
186 0.8174740484429066 0.37037037037037035 0.010957324106113034 0.42592592592592593
80 0.8359284890426759 0.41666666666666663 0.016724336793540948 0.35185185185185186
149 0.8725490196078431 0.4768518518518518 0.02191464821222607 0.4907407407407407
141 0.8967704728950404 0.38888888888888884 0.0196078431372549 0.35185185185185186
105 0.9169550173010381 0.31481481481481477 0.00922722029988466 0.48148148148148145
130 0.9356978085351788 0.3935185185185185 0.020184544405997693 0.34259259259259256
186 0.9564590542099193 0.35648148148148145 0.010957324106113034 0.41666666666666663
168 0.9726066897347174 0.3796296296296296 0.015570934256055364 0.35185185185185186
24 0.991926182237601 0.3611111111111111 0.01384083044982699 0.7037037037037037
