41 0.03553719008264463 0.31521739130434784 0.07107438016528926 0.6304347826086957
105 0.09008264462809917 0.6521739130434783 0.01818181818181818 0.3913043478260869
112 0.12479338842975206 0.717391304347826 0.03801652892561983 0.4782608695652174
84 0.21322314049586777 0.40217391304347827 0.0859504132231405 0.21739130434782608
172 0.3173553719008264 0.44565217391304346 0.0628099173553719 0.41304347826086957
211 0.384297520661157 0.6847826086956521 0.04462809917355372 0.3913043478260869
105 0.43471074380165287 0.6793478260869565 0.01983471074380165 0.3804347826086956
66 0.4933884297520661 0.42391304347826086 0.01487603305785124 0.08695652173913043
172 0.5785123966942148 0.45108695652173914 0.06611570247933884 0.40217391304347827
145 0.6487603305785123 0.6902173913043478 0.028099173553719006 0.3804347826086956
112 0.7 0.7391304347826086 0.03801652892561983 0.4782608695652174
20 0.7487603305785123 0.44021739130434784 0.02975206611570248 0.8152173913043478
41 0.8057851239669421 0.358695652173913 0.06776859504132231 0.6304347826086957
211 0.871900826446281 0.717391304347826 0.04132231404958678 0.3913043478260869
145 0.9338842975206612 0.7065217391304348 0.02975206611570248 0.3913043478260869
39 0.9801652892561983 0.46195652173913043 0.03305785123966942 0.8152173913043478
