86 0.03670886075949367 0.6442307692307693 0.07341772151898734 0.6346153846153847
84 0.17088607594936708 0.42307692307692313 0.08354430379746836 0.3076923076923077
20 0.2772151898734177 0.46153846153846156 0.0379746835443038 0.9230769230769231
207 0.33924050632911396 0.5 0.07088607594936709 0.5384615384615385
155 0.4582278481012658 0.42307692307692313 0.0810126582278481 0.6153846153846154
95 0.5721518987341773 0.6057692307692308 0.07088607594936709 0.7115384615384616
20 0.6392405063291139 0.46153846153846156 0.0379746835443038 0.8846153846153847
209 0.7037974683544304 0.5961538461538461 0.06075949367088608 0.6923076923076923
39 0.7708860759493671 0.4711538461538462 0.0379746835443038 0.9038461538461539
72 0.8189873417721519 0.75 0.027848101265822784 0.2692307692307693
209 0.9075949367088608 0.5961538461538461 0.06329113924050633 0.6923076923076923
39 0.9746835443037974 0.4711538461538462 0.04050632911392405 0.9038461538461539
