84 0.0112876254180602 0.5052356020942409 0.0225752508361204 0.12041884816753927
110 0.04912207357859532 0.5026178010471205 0.025501672240802676 0.9738219895287958
50 0.09113712374581939 0.4581151832460733 0.027591973244147156 0.3193717277486911
66 0.11914715719063546 0.5 0.005016722408026756 0.06806282722513089
101 0.14130434782608695 0.4476439790575916 0.016722408026755852 0.35078534031413616
75 0.17077759197324413 0.4502617801047121 0.019648829431438128 0.356020942408377
204 0.18770903010033443 0.5026178010471205 0.002508361204013378 0.4397905759162304
204 0.1948160535117057 0.5052356020942409 0.002508361204013378 0.44502617801047123
20 0.20714882943143811 0.5026178010471205 0.00794314381270903 0.4293193717277487
11 0.22742474916387959 0.4554973821989529 0.02508361204013378 0.32460732984293195
155 0.264005016722408 0.5 0.022157190635451504 0.2879581151832461
89 0.29828595317725753 0.4869109947643979 0.02382943143812709 0.4293193717277487
39 0.3179347826086956 0.4973821989528796 0.00794314381270903 0.4293193717277487
171 0.32984949832775917 0.6910994764397906 0.006688963210702341 0.27225130890052357
20 0.34301839464882944 0.4973821989528796 0.00794314381270903 0.4293193717277487
3 0.362876254180602 0.4554973821989529 0.023411371237458192 0.32460732984293195
163 0.38001672240802675 0.6884816753926702 0.009197324414715718 0.15183246073298431
39 0.39464882943143814 0.4973821989528796 0.008361204013377926 0.4293193717277487
204 0.4067725752508361 0.5 0.002508361204013378 0.44502617801047123
204 0.41387959866220736 0.5 0.002508361204013378 0.44502617801047123
155 0.44021739130434784 0.4947643979057592 0.0225752508361204 0.2879581151832461
110 0.4782608695652174 0.49214659685863876 0.030100334448160536 0.9842931937172775
20 0.5033444816053512 0.4947643979057592 0.008361204013377926 0.42408376963350786
75 0.5204849498327759 0.45287958115183247 0.018394648829431436 0.3298429319371728
105 0.5363712374581939 0.44502617801047123 0.008361204013377926 0.33507853403141363
200 0.5514214046822742 0.4947643979057592 0.018394648829431436 0.21465968586387435
50 0.582566889632107 0.4502617801047121 0.028010033444816052 0.32460732984293195
128 0.6195652173913043 0.49214659685863876 0.020903010033444816 0.03141361256544503
50 0.6565635451505016 0.4476439790575916 0.028010033444816052 0.3193717277486911
66 0.6845735785953178 0.4869109947643979 0.005434782608695652 0.06282722513089006
101 0.7071488294314381 0.43717277486911 0.017140468227424748 0.35078534031413616
39 0.725334448160535 0.4869109947643979 0.008361204013377926 0.4293193717277487
75 0.7497909698996655 0.43717277486911 0.02048494983277592 0.35078534031413616
204 0.7671404682274248 0.48952879581151837 0.002508361204013378 0.44502617801047123
204 0.7738294314381271 0.4869109947643979 0.002508361204013378 0.4397905759162304
20 0.7861622073578595 0.4869109947643979 0.00794314381270903 0.4293193717277487
11 0.8064381270903009 0.44240837696335084 0.02508361204013378 0.3193717277486911
155 0.842809364548495 0.4816753926701571 0.0225752508361204 0.28272251308900526
89 0.87688127090301 0.47120418848167545 0.022993311036789296 0.4293193717277487
39 0.8967391304347826 0.4816753926701571 0.008361204013377926 0.4293193717277487
171 0.9080267558528428 0.6701570680628273 0.006688963210702341 0.27225130890052357
20 0.9216137123745819 0.4790575916230367 0.00794314381270903 0.42408376963350786
6 0.943561872909699 0.43455497382198954 0.02508361204013378 0.33507853403141363
163 0.959866220735786 0.6701570680628273 0.009197324414715718 0.15706806282722513
195 0.9642558528428093 0.2198952879581152 0.010451505016722408 0.23036649214659688
39 0.9793060200668896 0.4790575916230367 0.00794314381270903 0.42408376963350786
204 0.9912207357859532 0.47643979057591623 0.002508361204013378 0.4397905759162304
204 0.9979096989966555 0.47643979057591623 0.002508361204013378 0.4397905759162304
