116 0.035454545454545454 0.42857142857142855 0.07090909090909091 0.5535714285714285
190 0.04 0.04464285714285714 0.04 0.08928571428571427
113 0.11090909090909092 0.7678571428571428 0.05090909090909091 0.39285714285714285
204 0.17545454545454545 0.5089285714285714 0.00909090909090909 0.7321428571428571
8 0.24454545454545454 0.4375 0.09636363636363636 0.5357142857142857
83 0.32181818181818184 0.8303571428571428 0.04 0.26785714285714285
167 0.4718181818181818 0.5089285714285714 0.13272727272727272 0.25
113 0.5809090909090909 0.7678571428571428 0.05272727272727273 0.39285714285714285
116 0.7027272727272728 0.43303571428571425 0.07090909090909091 0.5625
190 0.7063636363636364 0.04464285714285714 0.04181818181818182 0.08928571428571427
211 0.7754545454545455 0.78125 0.05272727272727273 0.3839285714285714
204 0.8309090909090909 0.5133928571428571 0.01090909090909091 0.7410714285714285
8 0.9009090909090909 0.4375 0.09636363636363636 0.5357142857142857
83 0.9772727272727273 0.84375 0.038181818181818185 0.27678571428571425
