6 0.02530017152658662 0.4395604395604396 0.05060034305317324 0.6593406593406594
195 0.06174957118353345 0.7527472527472528 0.022298456260720412 0.4285714285714286
56 0.06732418524871354 0.2142857142857143 0.01972555746140652 0.27472527472527475
155 0.12821612349914235 0.521978021978022 0.045454545454545456 0.6043956043956045
6 0.2006861063464837 0.4285714285714286 0.051457975986277875 0.6593406593406594
189 0.23756432246998285 0.7582417582417583 0.022298456260720412 0.4395604395604396
56 0.24313893653516294 0.20329670329670332 0.01972555746140652 0.27472527472527475
155 0.30360205831903947 0.5109890109890111 0.04631217838765009 0.6043956043956045
18 0.37178387650085765 0.4340659340659341 0.04202401372212693 0.6263736263736264
56 0.41037735849056606 0.2087912087912088 0.01972555746140652 0.26373626373626374
84 0.475557461406518 0.5164835164835165 0.04716981132075471 0.2197802197802198
6 0.5523156089193825 0.4285714285714286 0.051457975986277875 0.6593406593406594
195 0.5887650085763293 0.7472527472527473 0.02144082332761578 0.4175824175824176
158 0.5883361921097771 0.16483516483516486 0.012006861063464836 0.3296703296703297
155 0.6496569468267581 0.5109890109890111 0.04716981132075471 0.6043956043956045
6 0.7221269296740995 0.4340659340659341 0.051457975986277875 0.6703296703296704
189 0.758147512864494 0.7582417582417583 0.022298456260720412 0.4395604395604396
158 0.758147512864494 0.17032967032967034 0.012006861063464836 0.3186813186813187
155 0.8194682675814751 0.5109890109890111 0.04716981132075471 0.6043956043956045
18 0.8876500857632933 0.42307692307692313 0.04288164665523156 0.6263736263736264
158 0.9202401372212693 0.15934065934065936 0.012006861063464836 0.3186813186813187
155 0.9751286449399656 0.5054945054945056 0.04631217838765009 0.6153846153846154
