101 0.02808988764044944 0.38461538461538464 0.05617977528089888 0.7692307692307693
158 0.08651685393258428 0.17307692307692307 0.020224719101123598 0.3076923076923077
20 0.12134831460674159 0.4519230769230769 0.035955056179775284 0.9038461538461539
209 0.17752808988764046 0.5865384615384616 0.05393258426966292 0.7115384615384616
39 0.23707865168539327 0.46153846153846156 0.03370786516853933 0.9230769230769231
84 0.3314606741573034 0.42307692307692313 0.07415730337078652 0.3076923076923077
101 0.4449438202247191 0.40384615384615385 0.058426966292134834 0.7692307692307693
20 0.5112359550561798 0.4711538461538462 0.03370786516853933 0.9038461538461539
209 0.5662921348314607 0.5961538461538461 0.05393258426966292 0.6923076923076923
39 0.6269662921348316 0.4711538461538462 0.03146067415730337 0.9038461538461539
128 0.7134831460674158 0.44230769230769235 0.07415730337078652 0.11538461538461539
89 0.8101123595505618 0.4807692307692308 0.06067415730337079 0.9615384615384616
20 0.8640449438202248 0.46153846153846156 0.03370786516853933 0.8846153846153847
209 0.9191011235955057 0.6057692307692308 0.05393258426966292 0.6730769230769231
39 0.9797752808988764 0.4903846153846154 0.03146067415730337 0.9038461538461539
