148 0.050478677110530897 0.044117647058823525 0.10095735422106179 0.049019607843137254
41 0.02175805047867711 0.5343137254901961 0.034812880765883375 0.5784313725490196
45 0.0752828546562228 0.5441176470588235 0.044386422976501305 0.5588235294117647
65 0.14708442123585727 0.6176470588235294 0.04699738903394256 0.39215686274509803
117 0.21409921671018275 0.6078431372549019 0.02959094865100087 0.7254901960784313
201 0.257615317667537 0.7058823529411764 0.04003481288076588 0.5490196078431373
164 0.30156657963446476 0.5882352941176471 0.028720626631853784 0.7254901960784313
84 0.3733681462140992 0.5980392156862745 0.04699738903394256 0.19607843137254902
148 0.4751958224543081 0.024509803921568627 0.10095735422106179 0.049019607843137254
41 0.4464751958224543 0.5147058823529411 0.03655352480417755 0.5784313725490196
45 0.5013054830287206 0.5196078431372549 0.04525674499564839 0.5490196078431373
65 0.5735422106179286 0.5931372549019608 0.04699738903394256 0.38235294117647056
150 0.6362053959965187 0.4950980392156863 0.02959094865100087 0.5784313725490196
17 0.6840731070496083 0.5049019607843137 0.053959965187119235 0.5588235294117647
84 0.7680591818973019 0.5735294117647058 0.047867711053089644 0.18627450980392157
23 0.8368146214099217 0.5588235294117647 0.02001740644038294 0.8431372549019608
41 0.8729329852045257 0.4950980392156863 0.034812880765883375 0.5588235294117647
72 0.9007832898172323 0.7941176470588235 0.010443864229765013 0.21568627450980393
45 0.9473455178416014 0.4950980392156863 0.044386422976501305 0.5588235294117647
24 0.9873803307223672 0.5588235294117647 0.02175805047867711 0.8431372549019608
