128 0.02564102564102564 0.49470899470899465 0.05128205128205128 0.037037037037037035
110 0.11948717948717949 0.49470899470899465 0.07487179487179488 0.9894179894179893
20 0.18051282051282053 0.49470899470899465 0.020512820512820513 0.42857142857142855
75 0.22256410256410256 0.4497354497354497 0.04512820512820513 0.3386243386243386
105 0.26153846153846155 0.4444444444444444 0.020512820512820513 0.3386243386243386
200 0.29794871794871797 0.49470899470899465 0.046153846153846156 0.21693121693121692
50 0.37435897435897436 0.4497354497354497 0.06769230769230769 0.328042328042328
128 0.4646153846153846 0.49206349206349204 0.05128205128205128 0.031746031746031744
50 0.5543589743589744 0.4470899470899471 0.06871794871794872 0.32275132275132273
66 0.6241025641025642 0.48677248677248675 0.013333333333333332 0.06349206349206349
101 0.6784615384615384 0.4365079365079365 0.04 0.3544973544973545
39 0.7241025641025641 0.4894179894179894 0.01846153846153846 0.42857142857142855
75 0.7841025641025641 0.4365079365079365 0.050256410256410255 0.3544973544973545
204 0.8256410256410256 0.4894179894179894 0.006153846153846154 0.4497354497354497
204 0.8420512820512821 0.4894179894179894 0.006153846153846154 0.4497354497354497
45 0.8938461538461538 0.4444444444444444 0.05846153846153846 0.328042328042328
163 0.9256410256410257 0.6825396825396826 0.021538461538461538 0.15873015873015872
195 0.9446153846153846 0.2275132275132275 0.026666666666666665 0.2328042328042328
204 0.9774358974358974 0.4894179894179894 0.006153846153846154 0.4497354497354497
204 0.9948717948717949 0.4894179894179894 0.006153846153846154 0.4497354497354497
