89 0.044374009508716325 0.532258064516129 0.08874801901743265 0.6612903225806451
211 0.09270998415213946 0.8024193548387096 0.04595879556259905 0.3629032258064516
71 0.14263074484944532 0.5604838709677419 0.01901743264659271 0.3629032258064516
35 0.2329635499207607 0.4838709677419355 0.0919175911251981 0.5
167 0.39302694136291605 0.5483870967741935 0.11727416798732171 0.22580645161290322
34 0.554675118858954 0.5483870967741935 0.09508716323296355 0.6451612903225806
16 0.6283676703645008 0.8064516129032258 0.05229793977812995 0.3548387096774194
20 0.6949286846275753 0.5564516129032258 0.030110935023771792 0.6612903225806451
35 0.7709984152139462 0.4879032258064516 0.09033280507131537 0.49193548387096775
195 0.8541996830427893 0.18548387096774194 0.04120443740095087 0.3548387096774194
155 0.9152139461172742 0.2379032258064516 0.058637083993660855 0.29838709677419356
101 0.9754358161648178 0.18548387096774194 0.0427892234548336 0.3709677419354839
