95 0.031674208144796386 0.6057692307692308 0.06334841628959277 0.6730769230769231
134 0.13687782805429866 0.44230769230769235 0.07466063348416291 0.8461538461538463
89 0.2692307692307693 0.4807692307692308 0.06334841628959277 0.9615384615384616
105 0.3042986425339367 0.6923076923076923 0.015837104072398193 0.46153846153846156
72 0.328054298642534 0.7596153846153847 0.022624434389140274 0.2884615384615385
105 0.417420814479638 0.40384615384615385 0.03393665158371041 0.7692307692307693
84 0.5124434389140272 0.4326923076923077 0.07466063348416291 0.2884615384615385
145 0.6199095022624435 0.4326923076923077 0.031674208144796386 0.75
72 0.6696832579185521 0.7884615384615385 0.022624434389140274 0.2692307692307693
119 0.7918552036199096 0.7307692307692308 0.14027149321266968 0.15384615384615385
72 0.8902714932126697 0.8076923076923077 0.020361990950226245 0.2692307692307693
163 0.9705882352941178 0.5384615384615385 0.0497737556561086 0.5384615384615385
