51 0.018002717391304348 0.34210526315789475 0.036005434782608696 0.6421052631578947
145 0.04585597826086956 0.7578947368421053 0.007472826086956522 0.4421052631578947
120 0.10394021739130435 0.43157894736842106 0.050271739130434784 0.29473684210526313
25 0.17595108695652173 0.34210526315789475 0.04619565217391304 0.6421052631578947
145 0.20482336956521738 0.7578947368421053 0.007472826086956522 0.4421052631578947
120 0.2632472826086956 0.42105263157894735 0.049592391304347824 0.29473684210526313
51 0.3325407608695652 0.3263157894736842 0.036005434782608696 0.631578947368421
195 0.36039402173913043 0.731578947368421 0.016983695652173912 0.4526315789473684
120 0.41813858695652173 0.4052631578947368 0.049592391304347824 0.28421052631578947
25 0.4898097826086956 0.3157894736842105 0.04619565217391304 0.631578947368421
195 0.5186820652173912 0.7210526315789474 0.016983695652173912 0.4526315789473684
120 0.576766304347826 0.4105263157894737 0.048913043478260865 0.29473684210526313
67 0.6535326086956521 0.4052631578947368 0.05570652173913043 0.09473684210526316
120 0.7302989130434783 0.4105263157894737 0.048913043478260865 0.29473684210526313
51 0.7995923913043478 0.3263157894736842 0.035326086956521736 0.631578947368421
113 0.8271059782608695 0.7210526315789474 0.018342391304347824 0.47368421052631576
120 0.8879076086956521 0.4105263157894737 0.048913043478260865 0.29473684210526313
25 0.9592391304347826 0.3157894736842105 0.04619565217391304 0.631578947368421
113 0.9887907608695652 0.7157894736842105 0.01970108695652174 0.4631578947368421
