50 0.0528391167192429 0.3904109589041096 0.1056782334384858 0.7808219178082192
143 0.14668769716088328 0.1917808219178082 0.05993690851735015 0.3561643835616438
54 0.20820189274447948 0.363013698630137 0.044164037854889586 0.2602739726027397
195 0.26261829652996843 0.4657534246575342 0.033123028391167195 0.3835616438356164
54 0.32018927444794953 0.363013698630137 0.044164037854889586 0.2602739726027397
189 0.37302839116719244 0.4726027397260274 0.033123028391167195 0.3972602739726027
84 0.5031545741324921 0.5 0.08517350157728706 0.2876712328767123
52 0.6411671924290221 0.3972602739726027 0.08675078864353312 0.7945205479452054
195 0.7050473186119873 0.6917808219178082 0.03785488958990536 0.5342465753424657
65 0.7988958990536278 0.45890410958904104 0.07413249211356467 0.6986301369863013
52 0.9116719242902208 0.3972602739726027 0.08517350157728706 0.7945205479452054
189 0.9763406940063091 0.6986301369863013 0.04100946372239748 0.547945205479452
