0 0.06117647058823529 0.41666666666666663 0.12235294117647058 0.7307692307692307
84 0.31999999999999995 0.5 0.12235294117647058 0.2564102564102564
54 0.5094117647058823 0.5448717948717948 0.08235294117647059 0.5
20 0.5905882352941176 0.49358974358974356 0.042352941176470586 0.9615384615384615
54 0.6705882352941176 0.5448717948717948 0.08470588235294117 0.5
190 0.6811764705882353 0.08974358974358974 0.0588235294117647 0.1282051282051282
20 0.7576470588235293 0.5 0.042352941176470586 0.9487179487179487
186 0.8211764705882352 0.46794871794871795 0.047058823529411764 0.6025641025641025
105 0.8741176470588234 0.75 0.025882352941176467 0.4487179487179487
39 0.9199999999999999 0.4807692307692307 0.042352941176470586 0.9615384615384615
39 0.9741176470588234 0.49358974358974356 0.042352941176470586 0.9615384615384615
