168 0.015730337078651686 0.5 0.03146067415730337 0.4285714285714286
149 0.0601123595505618 0.5571428571428572 0.048314606741573035 0.5619047619047619
186 0.10337078651685394 0.44761904761904764 0.029213483146067417 0.5142857142857143
20 0.1612359550561798 0.4761904761904762 0.02359550561797753 0.9523809523809524
45 0.2207865168539326 0.40952380952380957 0.06404494382022473 0.5904761904761905
36 0.3219101123595506 0.380952380952381 0.07078651685393259 0.6476190476190476
48 0.4308988764044944 0.4047619047619048 0.06179775280898877 0.580952380952381
163 0.4668539325842697 0.8333333333333334 0.02359550561797753 0.2761904761904762
39 0.506179775280899 0.4761904761904762 0.02359550561797753 0.9523809523809524
178 0.5921348314606742 0.48571428571428577 0.058426966292134834 0.49523809523809526
48 0.6994382022471911 0.4047619047619048 0.06179775280898877 0.580952380952381
163 0.7348314606741574 0.8380952380952382 0.02471910112359551 0.28571428571428575
74 0.8078651685393259 0.46666666666666673 0.05393258426966292 0.5142857142857143
23 0.8831460674157304 0.480952380952381 0.03146067415730337 0.7904761904761906
211 0.9337078651685394 0.40952380952380957 0.04494382022471911 0.6095238095238096
24 0.9825842696629215 0.48571428571428577 0.030337078651685397 0.8
