196 0.04126213592233009 0.5 0.08252427184466019 0.4567901234567901
105 0.11529126213592232 0.7592592592592592 0.02669902912621359 0.43209876543209874
20 0.18082524271844658 0.47530864197530864 0.046116504854368925 0.9259259259259258
207 0.2645631067961165 0.48765432098765427 0.09708737864077668 0.48148148148148145
148 0.27427184466019416 0.1111111111111111 0.08252427184466019 0.04938271604938271
39 0.34708737864077666 0.4567901234567901 0.04368932038834951 0.9135802469135802
84 0.4793689320388349 0.4444444444444444 0.12378640776699028 0.24691358024691357
211 0.6274271844660194 0.35185185185185186 0.08980582524271843 0.7037037037037037
72 0.6990291262135921 0.7345679012345678 0.029126213592233007 0.25925925925925924
92 0.8446601941747572 0.35185185185185186 0.10194174757281553 0.7037037037037037
105 0.9757281553398057 0.35802469135802467 0.038834951456310676 0.6666666666666666
