17 0.01865222623345367 0.41875 0.03730445246690734 0.7125
20 0.04903730445246691 0.50625 0.011432009626955475 0.9375
52 0.07521058965102287 0.40625 0.03369434416365824 0.7125
169 0.10499398315282792 0.6000000000000001 0.006618531889290012 0.65
117 0.13237063778580024 0.5 0.019253910950661854 0.925
201 0.16335740072202168 0.625 0.028279181708784597 0.675
164 0.1931407942238267 0.48125 0.019253910950661854 0.9375
39 0.21329723225030084 0.48125 0.011432009626955475 0.9375
84 0.2575210589651023 0.48750000000000004 0.03249097472924188 0.25
17 0.3146811070998797 0.39375000000000004 0.03730445246690734 0.7125
20 0.3447653429602888 0.48125 0.010830324909747294 0.9375
117 0.36522262334536704 0.48125 0.019253910950661854 0.9375
116 0.3916967509025271 0.38125000000000003 0.021660649819494587 0.7375
164 0.41787003610108303 0.47500000000000003 0.019855595667870037 0.925
169 0.44314079422382674 0.56875 0.006618531889290012 0.6375000000000001
117 0.47021660649819497 0.48750000000000004 0.01865222623345367 0.925
201 0.5003008423586041 0.6062500000000001 0.02707581227436823 0.6875
164 0.5315884476534296 0.47500000000000003 0.019855595667870037 0.925
39 0.552647412755716 0.48125 0.011432009626955475 0.9375
84 0.5977737665463297 0.48750000000000004 0.03309265944645006 0.25
17 0.6537304452466908 0.39375000000000004 0.03670276774969916 0.7125
20 0.6829121540312876 0.49375 0.009626955475330927 0.9375
51 0.7123947051744886 0.4 0.02888086642599278 0.7000000000000001
169 0.733453670276775 0.5750000000000001 0.007220216606498195 0.65
117 0.7614320096269555 0.48750000000000004 0.019855595667870037 0.925
201 0.7924187725631769 0.61875 0.027677496991576414 0.6875
164 0.822503008423586 0.47500000000000003 0.019253910950661854 0.925
39 0.8423586040914561 0.47500000000000003 0.010830324909747294 0.9500000000000001
178 0.881768953068592 0.47500000000000003 0.023465703971119134 0.65
15 0.9250902527075813 0.39375000000000004 0.01865222623345367 0.7125
20 0.9461492178098677 0.48125 0.01022864019253911 0.9375
201 0.9699157641395909 0.6062500000000001 0.027677496991576414 0.6875
39 0.99338146811071 0.46875 0.010830324909747294 0.9375
