20 0.008678881388621022 0.304635761589404 0.017357762777242044 0.4900662251655629
75 0.04098360655737705 0.2582781456953642 0.033751205400192864 0.3576158940397351
128 0.10318225650916105 0.30132450331125826 0.044358727097396335 0.033112582781456956
145 0.16441658630665382 0.26490066225165565 0.022179363548698167 0.33112582781456956
39 0.19672131147540983 0.304635761589404 0.017357762777242044 0.4900662251655629
20 0.2256509161041466 0.30132450331125826 0.017357762777242044 0.48344370860927155
75 0.2579556412729026 0.2582781456953642 0.033751205400192864 0.3576158940397351
128 0.319672131147541 0.30132450331125826 0.04339440694310511 0.033112582781456956
195 0.381870781099325 0.26158940397350994 0.02892960462873674 0.33774834437086093
39 0.4132111861137898 0.304635761589404 0.01639344262295082 0.4900662251655629
84 0.4754098360655738 0.30132450331125826 0.04628736740597879 0.12582781456953643
182 0.5670202507232401 0.2913907284768212 0.08100289296046288 0.5827814569536424
105 0.54725168756027 0.8079470198675497 0.012536162005785922 0.2251655629139073
72 0.5641272902603665 0.9271523178807947 0.0057859209257473485 0.09271523178807947
112 0.5805207328833173 0.8410596026490066 0.021215043394406944 0.2913907284768212
126 0.6538090646094503 0.31788079470198677 0.05785920925747348 0.2251655629139073
105 0.692864030858245 0.3841059602649007 0.012536162005785922 0.2251655629139073
112 0.7107039537126326 0.41721854304635764 0.021215043394406944 0.2913907284768212
20 0.742526518804243 0.304635761589404 0.017357762777242044 0.4900662251655629
126 0.7859209257473482 0.31788079470198677 0.055930568948891035 0.2251655629139073
105 0.8240115718418515 0.38741721854304634 0.012536162005785922 0.2185430463576159
112 0.8423336547733848 0.423841059602649 0.02025072324011572 0.2913907284768212
128 0.9011571841851495 0.30132450331125826 0.041465766634522665 0.033112582781456956
145 0.9604628736740598 0.26490066225165565 0.021215043394406944 0.33112582781456956
39 0.9903567984570878 0.304635761589404 0.015429122468659595 0.4768211920529801
