95 0.020127118644067795 0.5987654320987654 0.04025423728813559 0.6790123456790123
190 0.03177966101694915 0.10493827160493827 0.029661016949152543 0.13580246913580246
113 0.057733050847457626 0.7530864197530864 0.024364406779661018 0.4444444444444444
20 0.0958686440677966 0.48148148148148145 0.024364406779661018 0.9382716049382716
20 0.12447033898305085 0.48148148148148145 0.024364406779661018 0.9382716049382716
210 0.15625 0.5061728395061729 0.034957627118644065 0.4691358024691358
72 0.18802966101694915 0.7654320987654321 0.013771186440677966 0.2716049382716049
210 0.2341101694915254 0.5061728395061729 0.036016949152542374 0.4691358024691358
148 0.24364406779661016 0.09876543209876543 0.029661016949152543 0.04938271604938271
39 0.267478813559322 0.47530864197530864 0.024364406779661018 0.9259259259259258
72 0.2944915254237288 0.7530864197530864 0.012711864406779662 0.2716049382716049
212 0.3421610169491525 0.4629629629629629 0.03177966101694915 0.9012345679012346
158 0.3776483050847458 0.16049382716049382 0.011652542372881356 0.2716049382716049
39 0.4009533898305085 0.48148148148148145 0.024364406779661018 0.9382716049382716
84 0.4613347457627119 0.4691358024691358 0.05614406779661017 0.24691358024691357
20 0.5201271186440678 0.4691358024691358 0.025423728813559324 0.9382716049382716
210 0.552436440677966 0.5061728395061729 0.034957627118644065 0.4691358024691358
72 0.5826271186440678 0.7654320987654321 0.012711864406779662 0.2716049382716049
187 0.6297669491525424 0.5185185185185185 0.03283898305084746 0.4691358024691358
113 0.6620762711864406 0.7469135802469136 0.025423728813559324 0.4567901234567901
20 0.7007415254237288 0.4691358024691358 0.024364406779661018 0.9382716049382716
210 0.729343220338983 0.8148148148148148 0.024364406779661018 0.2962962962962963
34 0.7786016949152542 0.48765432098765427 0.059322033898305086 0.9259259259259258
210 0.8257415254237288 0.8209876543209876 0.024364406779661018 0.30864197530864196
39 0.8538135593220338 0.4691358024691358 0.023305084745762712 0.9382716049382716
72 0.8797669491525424 0.7530864197530864 0.013771186440677966 0.2716049382716049
212 0.926906779661017 0.4506172839506173 0.03177966101694915 0.9012345679012346
158 0.9634533898305084 0.1728395061728395 0.011652542372881356 0.2716049382716049
39 0.9856991525423728 0.48148148148148145 0.024364406779661018 0.9382716049382716
