126 0.037561576354679806 0.48484848484848486 0.07512315270935961 0.5454545454545454
105 0.0874384236453202 0.6590909090909091 0.017241379310344827 0.5303030303030303
128 0.12561576354679804 0.7196969696969697 0.03940886699507389 0.07575757575757576
145 0.16810344827586207 0.6590909090909091 0.020935960591133004 0.5303030303030303
97 0.24876847290640394 0.4545454545454546 0.059113300492610835 0.9090909090909092
126 0.3516009852216749 0.4772727272727273 0.07512315270935961 0.5303030303030303
105 0.4014778325123153 0.6515151515151515 0.017241379310344827 0.5454545454545454
155 0.4710591133004926 0.4393939393939394 0.0603448275862069 0.7575757575757576
119 0.5782019704433498 0.6666666666666667 0.09236453201970443 0.15151515151515152
155 0.6859605911330049 0.4393939393939394 0.06157635467980296 0.7575757575757576
126 0.7795566502463054 0.46212121212121215 0.07389162561576355 0.5303030303030303
105 0.8288177339901478 0.6363636363636364 0.017241379310344827 0.5151515151515151
155 0.8657635467980296 0.696969696969697 0.04187192118226601 0.5454545454545454
163 0.9051724137931034 0.7121212121212122 0.027093596059113302 0.36363636363636365
128 0.9464285714285714 0.6893939393939394 0.038177339901477834 0.07575757575757576
145 0.9876847290640394 0.6363636363636364 0.019704433497536946 0.5151515151515151
