84 0.038135593220338986 0.536723163841808 0.07627118644067797 0.12429378531073446
94 0.211864406779661 0.536723163841808 0.06779661016949153 0.04519774011299435
168 0.20833333333333334 0.864406779661017 0.046610169491525424 0.2485875706214689
145 0.2111581920903955 0.17231638418079095 0.029661016949152543 0.3446327683615819
20 0.2810734463276836 0.5310734463276836 0.02824858757062147 0.4519774011299435
7 0.3516949152542373 0.4887005649717514 0.0903954802259887 0.3446327683615819
20 0.4300847457627119 0.536723163841808 0.026836158192090395 0.4632768361581921
168 0.4774011299435028 0.5451977401129944 0.0480225988700565 0.2542372881355932
39 0.527542372881356 0.5338983050847458 0.026836158192090395 0.4576271186440678
156 0.6228813559322034 0.5 0.0790960451977401 0.3220338983050847
10 0.7464689265536724 0.4717514124293785 0.09463276836158192 0.3785310734463277
145 0.78954802259887 0.7062146892655368 0.01694915254237288 0.23728813559322035
20 0.8418079096045198 0.5338983050847458 0.02824858757062147 0.4576271186440678
168 0.8877118644067796 0.53954802259887 0.046610169491525424 0.2542372881355932
39 0.9385593220338982 0.536723163841808 0.026836158192090395 0.4632768361581921
39 0.9837570621468926 0.536723163841808 0.026836158192090395 0.4632768361581921
