11 0.030272452068617558 0.5111111111111112 0.060544904137235116 0.4444444444444445
211 0.07416750756811302 0.7962962962962963 0.029263370332996974 0.33333333333333337
72 0.10090817356205853 0.9444444444444445 0.006054490413723511 0.08148148148148149
168 0.12209889001009082 0.8481481481481482 0.024217961654894045 0.22962962962962963
84 0.23007063572149344 0.5666666666666667 0.054490413723511606 0.17037037037037037
148 0.35519677093844604 0.2 0.07265388496468214 0.044444444444444446
11 0.35368314833501513 0.5 0.0615539858728557 0.4518518518518519
211 0.40817356205852673 0.7851851851851852 0.029263370332996974 0.32592592592592595
72 0.43491422805247226 0.9370370370370371 0.006054490413723511 0.0962962962962963
168 0.45610494450050454 0.8333333333333334 0.022199798183652877 0.22962962962962963
155 0.5267406659939455 0.5555555555555556 0.054490413723511606 0.4
31 0.6135216952573158 0.48888888888888893 0.06659939455095863 0.4740740740740741
105 0.6604439959636731 0.7851851851851852 0.015136226034308779 0.3111111111111111
20 0.6917255297679112 0.5518518518518519 0.01917255297679112 0.6
148 0.7436932391523714 0.1851851851851852 0.07265388496468214 0.044444444444444446
11 0.7416750756811302 0.4851851851851852 0.060544904137235116 0.4518518518518519
211 0.7961654894046418 0.7740740740740741 0.028254288597376387 0.33333333333333337
39 0.8319878910191726 0.5444444444444445 0.01917255297679112 0.6
148 0.884460141271443 0.1814814814814815 0.07164480322906155 0.05185185185185186
11 0.8824419778002018 0.4851851851851852 0.0615539858728557 0.4518518518518519
211 0.9374369323915237 0.7703703703703704 0.028254288597376387 0.32592592592592595
105 0.9328960645812311 0.15555555555555556 0.015136226034308779 0.3111111111111111
72 0.9651866801210898 0.9185185185185185 0.007063572149344097 0.08888888888888889
168 0.9863773965691222 0.8148148148148149 0.02320887991927346 0.23703703703703705
