14 0.0517515923566879 0.5563380281690141 0.1035031847133758 0.8028169014084507
148 0.06050955414012739 0.056338028169014086 0.089171974522293 0.11267605633802817
71 0.14331210191082802 0.6690140845070423 0.01592356687898089 0.5774647887323944
11 0.23964968152866242 0.5563380281690141 0.08121019108280256 0.8028169014084507
191 0.36863057324840764 0.6549295774647887 0.06210191082802548 0.5774647887323944
15 0.48089171974522293 0.5492957746478874 0.04777070063694268 0.8169014084507042
191 0.5971337579617835 0.6408450704225352 0.06369426751592357 0.5774647887323944
15 0.7093949044585988 0.5563380281690141 0.052547770700636945 0.8309859154929577
167 0.8232484076433122 0.6549295774647887 0.10191082802547771 0.4366197183098592
45 0.9562101910828026 0.5563380281690141 0.08121019108280256 0.8028169014084507
