141 0.010706638115631693 0.446236559139785 0.021413276231263385 0.4623655913978495
163 0.033190578158458245 0.435483870967742 0.016059957173447537 0.4408602150537635
75 0.05406852248394005 0.33333333333333337 0.023554603854389723 0.6666666666666667
211 0.07601713062098502 0.7311827956989247 0.014989293361884369 0.4731182795698925
207 0.1081370449678801 0.4408602150537635 0.02676659528907923 0.4516129032258065
211 0.12955032119914348 0.7419354838709677 0.014989293361884369 0.4731182795698925
20 0.1496252676659529 0.42473118279569894 0.010171306209850108 0.8494623655913979
186 0.1670235546038544 0.39247311827956993 0.011777301927194861 0.5483870967741936
39 0.18254817987152036 0.4301075268817205 0.009635974304068522 0.860215053763441
155 0.21868308351177732 0.42473118279569894 0.028372591006423985 0.5698924731182796
141 0.25829764453961457 0.4408602150537635 0.02194860813704497 0.4731182795698925
163 0.2810492505353319 0.4301075268817205 0.016059957173447537 0.4516129032258065
75 0.3019271948608137 0.33333333333333337 0.023554603854389723 0.6666666666666667
211 0.3238758029978587 0.7419354838709677 0.014989293361884369 0.4731182795698925
209 0.3535867237687366 0.5215053763440861 0.024089935760171308 0.6129032258064516
211 0.3752676659528908 0.7419354838709677 0.014989293361884369 0.4731182795698925
20 0.3942719486081371 0.4301075268817205 0.010171306209850108 0.860215053763441
186 0.41167023554603854 0.39784946236559143 0.011777301927194861 0.5376344086021506
39 0.4277301927194861 0.4301075268817205 0.009635974304068522 0.860215053763441
100 0.4662740899357602 0.41935483870967744 0.02676659528907923 0.5161290322580645
130 0.5093683083511777 0.4408602150537635 0.0208779443254818 0.4516129032258065
155 0.5505888650963597 0.4301075268817205 0.028372591006423985 0.5591397849462366
145 0.5907387580299787 0.33870967741935487 0.010171306209850108 0.6344086021505377
84 0.6322269807280514 0.42473118279569894 0.02890792291220557 0.24731182795698928
20 0.6710385438972163 0.4301075268817205 0.010171306209850108 0.860215053763441
130 0.6927194860813705 0.4408602150537635 0.021413276231263385 0.4516129032258065
155 0.7336723768736617 0.42473118279569894 0.028372591006423985 0.5698924731182796
145 0.7738222698072805 0.33333333333333337 0.011241970021413276 0.6451612903225807
39 0.7944325481798715 0.435483870967742 0.010706638115631693 0.8494623655913979
141 0.8236081370449679 0.435483870967742 0.02194860813704497 0.4623655913978495
163 0.8458244111349037 0.4301075268817205 0.016059957173447537 0.4516129032258065
75 0.8667023554603855 0.34946236559139787 0.023554603854389723 0.6559139784946237
211 0.8881156316916489 0.7419354838709677 0.014989293361884369 0.4731182795698925
210 0.920235546038544 0.4408602150537635 0.020342612419700215 0.4301075268817205
211 0.9405781584582442 0.7473118279569894 0.014989293361884369 0.4623655913978495
20 0.9606531049250536 0.435483870967742 0.010171306209850108 0.8494623655913979
186 0.9780513918629551 0.39784946236559143 0.011777301927194861 0.5591397849462366
39 0.9938436830835118 0.435483870967742 0.010171306209850108 0.8279569892473119
