115 0.02056555269922879 0.3732394366197183 0.04113110539845758 0.7464788732394366
141 0.09125964010282776 0.49295774647887325 0.07969151670951156 0.5070422535211268
95 0.1863753213367609 0.6056338028169014 0.09511568123393316 0.7323943661971831
104 0.28277634961439585 0.4507042253521127 0.09254498714652956 0.056338028169014086
17 0.40359897172236503 0.3873239436619718 0.12853470437017994 0.7464788732394366
141 0.5231362467866324 0.5140845070422535 0.08483290488431876 0.49295774647887325
75 0.6272493573264781 0.38028169014084506 0.09254498714652956 0.7605633802816901
53 0.7300771208226221 0.5140845070422535 0.08740359897172235 0.49295774647887325
105 0.800771208226221 0.4084507042253521 0.038560411311053984 0.7042253521126761
163 0.8637532133676092 0.5211267605633803 0.06683804627249357 0.47887323943661975
53 0.9511568123393316 0.5211267605633803 0.08740359897172235 0.47887323943661975
