14 0.07612179487179487 0.4 0.15224358974358973 0.6095238095238096
130 0.13221153846153846 0.8380952380952382 0.04326923076923077 0.28571428571428575
20 0.1955128205128205 0.4904761904761905 0.028846153846153844 0.7523809523809525
148 0.27323717948717946 0.028571428571428574 0.10416666666666666 0.05714285714285715
35 0.27163461538461536 0.40952380952380957 0.09134615384615384 0.5714285714285715
72 0.3661858974358974 0.7142857142857143 0.020833333333333332 0.20952380952380956
101 0.4671474358974359 0.4 0.0625 0.6285714285714287
148 0.4647435897435897 0.028571428571428574 0.04487179487179487 0.0380952380952381
72 0.5512820512820512 0.7190476190476192 0.019230769230769232 0.21904761904761907
0 0.6610576923076923 0.4142857142857143 0.08493589743589744 0.5619047619047619
101 0.7371794871794871 0.7571428571428572 0.041666666666666664 0.4285714285714286
72 0.8157051282051282 0.7095238095238096 0.019230769230769232 0.21904761904761907
53 0.9150641025641025 0.5 0.0641025641025641 0.40952380952380957
39 0.9807692307692307 0.48571428571428577 0.03205128205128205 0.761904761904762
