160 0.01466544454628781 0.5192307692307693 0.02933088909257562 0.8846153846153847
20 0.04032997250229148 0.4903846153846154 0.012832263978001834 0.9038461538461539
57 0.06507791017415215 0.4134615384615385 0.02383134738771769 0.7884615384615385
39 0.09074243813015583 0.4903846153846154 0.012832263978001834 0.9038461538461539
128 0.12603116406966086 0.4519230769230769 0.03024747937671861 0.09615384615384616
57 0.1695692025664528 0.3942307692307693 0.02383134738771769 0.7884615384615385
84 0.21631530705774518 0.4326923076923077 0.02933088909257562 0.2884615384615385
53 0.2630614115490376 0.5288461538461539 0.02383134738771769 0.5192307692307693
145 0.2864344637946838 0.701923076923077 0.006416131989000917 0.44230769230769235
20 0.3020164986251146 0.4711538461538462 0.013748854262144821 0.9038461538461539
201 0.32768102658111825 0.6346153846153847 0.026581118240146657 0.6153846153846154
20 0.3551787351054079 0.4711538461538462 0.013748854262144821 0.9038461538461539
186 0.37442713107241066 0.4519230769230769 0.013748854262144821 0.6346153846153847
39 0.3936755270394134 0.4711538461538462 0.013748854262144821 0.9038461538461539
128 0.4285059578368469 0.44230769230769235 0.03024747937671861 0.11538461538461539
186 0.46700274977085243 0.4519230769230769 0.013748854262144821 0.6346153846153847
39 0.4862511457378552 0.4903846153846154 0.013748854262144821 0.9038461538461539
155 0.5215398716773603 0.44230769230769235 0.02933088909257562 0.6153846153846154
67 0.5852428964252979 0.44230769230769235 0.06324472960586618 0.15384615384615385
155 0.6480293308890926 0.44230769230769235 0.02933088909257562 0.6153846153846154
53 0.692025664527956 0.5192307692307693 0.02383134738771769 0.5
126 0.7181484876260312 0.7692307692307693 0.022914757103574702 0.3076923076923077
20 0.7433547204399633 0.4807692307692308 0.012832263978001834 0.9230769230769231
201 0.7699358386801101 0.6346153846153847 0.027497708524289642 0.6538461538461539
20 0.7969752520623281 0.4903846153846154 0.013748854262144821 0.9038461538461539
186 0.8171402383134739 0.4711538461538462 0.013748854262144821 0.6346153846153847
126 0.8418881759853346 0.17307692307692307 0.022914757103574702 0.3076923076923077
39 0.8675527039413382 0.5 0.013748854262144821 0.9230769230769231
128 0.9023831347387719 0.4519230769230769 0.03024747937671861 0.09615384615384616
186 0.9408799266727773 0.4711538461538462 0.013748854262144821 0.6346153846153847
126 0.965627864344638 0.17307692307692307 0.022914757103574702 0.3076923076923077
39 0.9912923923006417 0.4903846153846154 0.013748854262144821 0.9038461538461539
