17 0.05074875207986689 0.4225352112676056 0.10149750415973378 0.7605633802816901
158 0.11896838602329451 0.19014084507042253 0.021630615640599003 0.35211267605633806
84 0.21630615640599002 0.5140845070422535 0.08319467554076539 0.26760563380281693
17 0.35524126455906824 0.4225352112676056 0.10149750415973378 0.7605633802816901
48 0.4384359400998336 0.6901408450704225 0.06156405990016639 0.5070422535211268
158 0.4858569051580699 0.5633802816901409 0.016638935108153077 0.28169014084507044
72 0.5241264559068219 0.8169014084507042 0.016638935108153077 0.3098591549295775
6 0.6331114808652246 0.4225352112676056 0.08818635607321132 0.7887323943661972
158 0.6930116472545758 0.18309859154929578 0.021630615640599003 0.36619718309859156
178 0.7911813643926789 0.5070422535211268 0.07820299500831947 0.647887323943662
48 0.9276206322795342 0.4225352112676056 0.08818635607321132 0.7605633802816901
158 0.9858569051580699 0.18309859154929578 0.021630615640599003 0.36619718309859156
