10 0.04297994269340974 0.5470085470085471 0.08595988538681948 0.5128205128205129
158 0.10530085959885387 0.2692307692307693 0.01862464183381089 0.26495726495726496
71 0.17550143266475643 0.6367521367521368 0.015759312320916905 0.36752136752136755
84 0.23853868194842406 0.623931623931624 0.07593123209169055 0.18803418803418806
166 0.3553008595988539 0.7094017094017094 0.06303724928366762 0.5128205128205129
128 0.4305157593123209 0.2948717948717949 0.055873925501432664 0.042735042735042736
145 0.4978510028653295 0.21794871794871798 0.04727793696275071 0.43589743589743596
20 0.5465616045845272 0.6324786324786326 0.027220630372492834 0.6837606837606838
10 0.6167621776504297 0.5555555555555556 0.08739255014326647 0.5128205128205129
39 0.6876790830945558 0.6410256410256411 0.025787965616045846 0.6837606837606838
178 0.7901146131805158 0.6324786324786326 0.07306590257879655 0.4273504273504274
148 0.9212034383954154 0.2136752136752137 0.10601719197707736 0.05128205128205129
50 0.921919770773639 0.5641025641025642 0.09598853868194843 0.5128205128205129
158 0.987106017191977 0.20512820512820515 0.020057306590257878 0.25641025641025644
