141 0.036053130929791274 0.5056818181818182 0.07210626185958255 0.4431818181818182
163 0.10721062618595825 0.5 0.05502846299810247 0.4318181818181818
75 0.18121442125237192 0.39204545454545453 0.0777988614800759 0.6704545454545455
208 0.25332068311195444 0.6818181818181819 0.04743833017077799 0.5909090909090909
95 0.33206831119544594 0.5909090909090909 0.07210626185958255 0.6136363636363636
20 0.4089184060721063 0.4772727272727273 0.036053130929791274 0.9318181818181819
208 0.4715370018975332 0.48295454545454547 0.06641366223908919 0.8522727272727273
72 0.5360531309297912 0.7443181818181819 0.020872865275142316 0.2840909090909091
211 0.6214421252371917 0.39772727272727276 0.06641366223908919 0.6590909090909091
39 0.689753320683112 0.46590909090909094 0.036053130929791274 0.9318181818181819
100 0.825426944971537 0.4772727272727273 0.09487666034155598 0.5454545454545454
145 0.9705882352941176 0.39772727272727276 0.051233396584440226 0.6363636363636364
