0 0.036211699164345405 0.34408602150537637 0.07242339832869081 0.6236559139784946
101 0.10376044568245125 0.7365591397849462 0.037604456824512536 0.4838709677419355
84 0.22214484679665739 0.4301075268817205 0.07381615598885793 0.23655913978494625
6 0.36142061281337046 0.33333333333333337 0.08217270194986072 0.6666666666666667
211 0.4192200557103064 0.7473118279569894 0.03899721448467967 0.4623655913978495
74 0.5153203342618384 0.40860215053763443 0.06685236768802229 0.5591397849462366
6 0.6344011142061281 0.33333333333333337 0.08217270194986072 0.6666666666666667
109 0.7165738161559888 0.8172043010752689 0.08217270194986072 0.3010752688172043
74 0.8377437325905293 0.39784946236559143 0.06545961002785515 0.5591397849462366
7 0.9533426183844012 0.33870967741935487 0.08774373259052924 0.6344086021505377
