80 0.01565377532228361 0.5227272727272727 0.03130755064456722 0.3909090909090909
200 0.05386740331491713 0.509090909090909 0.03959484346224678 0.36363636363636365
204 0.09898710865561694 0.5136363636363636 0.004604051565377533 0.7545454545454545
20 0.12476979742173112 0.509090909090909 0.017495395948434623 0.7272727272727273
148 0.1841620626151013 0.02727272727272727 0.09023941068139964 0.05454545454545454
14 0.18278084714548803 0.40909090909090906 0.0856353591160221 0.5818181818181818
211 0.24401473296500922 0.7818181818181817 0.02578268876611418 0.39999999999999997
191 0.3130755064456722 0.5 0.03867403314917127 0.3818181818181818
148 0.39318600368324125 0.06363636363636363 0.058931860036832415 0.05454545454545454
35 0.393646408839779 0.4318181818181818 0.05248618784530387 0.5545454545454546
39 0.43784530386740333 0.509090909090909 0.017495395948434623 0.7272727272727273
71 0.4723756906077348 0.5181818181818182 0.011049723756906077 0.3818181818181818
148 0.5543278084714549 0.02727272727272727 0.09023941068139964 0.05454545454545454
14 0.5529465930018417 0.41363636363636364 0.0856353591160221 0.5727272727272728
211 0.6141804788213628 0.7818181818181817 0.02578268876611418 0.39999999999999997
191 0.6832412523020258 0.509090909090909 0.03867403314917127 0.3818181818181818
148 0.7638121546961326 0.06363636363636363 0.05985267034990792 0.05454545454545454
35 0.7633517495395948 0.4318181818181818 0.053406998158379376 0.5363636363636364
167 0.8614180478821363 0.5045454545454545 0.06721915285451198 0.24545454545454545
148 0.9650092081031308 0.06363636363636363 0.06629834254143646 0.05454545454545454
52 0.9627071823204421 0.4318181818181818 0.05432780847145488 0.5363636363636364
