50 0.013940139401394012 0.4507874015748031 0.027880278802788025 0.24015748031496062
20 0.03608036080360803 0.484251968503937 0.008200082000820008 0.3228346456692913
161 0.05227552275522755 0.515748031496063 0.016810168101681015 0.22834645669291337
39 0.06929069290692906 0.484251968503937 0.008200082000820008 0.3228346456692913
66 0.08835588355883559 0.4822834645669291 0.005330053300533005 0.051181102362204724
101 0.11070110701107011 0.4468503937007874 0.016400164001640016 0.2637795275590551
20 0.12915129151291513 0.48622047244094485 0.008200082000820008 0.3188976377952756
161 0.14534645346453465 0.5196850393700787 0.016810168101681015 0.22834645669291337
72 0.16769167691676914 0.5728346456692913 0.004100041000410004 0.07480314960629922
154 0.19003690036900367 0.4921259842519685 0.01845018450184502 0.1732283464566929
161 0.2072570725707257 0.655511811023622 0.01189011890118901 0.16141732283464566
39 0.2222222222222222 0.49015748031496065 0.008200082000820008 0.3188976377952756
84 0.2521525215252152 0.49015748031496065 0.02214022140221402 0.09055118110236221
20 0.29253792537925377 0.4921259842519685 0.01845018450184502 0.984251968503937
50 0.3169331693316933 0.45866141732283466 0.027880278802788025 0.24015748031496062
20 0.3386633866338663 0.49606299212598426 0.008200082000820008 0.3228346456692913
149 0.35711357113571135 0.5275590551181102 0.019680196801968017 0.22834645669291337
39 0.37535875358753584 0.49606299212598426 0.007790077900779007 0.3228346456692913
182 0.4122591225912259 0.4940944881889764 0.04551045510455104 0.468503937007874
53 0.4118491184911849 0.905511811023622 0.01189011890118901 0.12598425196850394
3 0.45551455514555145 0.46653543307086615 0.02378023780237802 0.24015748031496062
149 0.4753997539975399 0.6653543307086615 0.013530135301353012 0.15748031496062992
53 0.47601476014760147 0.3346456692913386 0.012300123001230012 0.12598425196850394
7 0.49917999179991795 0.4704724409448819 0.025830258302583023 0.24015748031496062
80 0.519680196801968 0.5098425196850394 0.015170151701517014 0.17716535433070865
53 0.535670356703567 0.33661417322834647 0.01189011890118901 0.1220472440944882
39 0.555350553505535 0.5019685039370079 0.01845018450184502 0.9803149606299213
20 0.5846658466584665 0.5039370078740157 0.008200082000820008 0.3228346456692913
161 0.6008610086100861 0.5354330708661417 0.016810168101681015 0.22834645669291337
128 0.6324313243132431 0.5039370078740157 0.02091020910209102 0.023622047244094488
149 0.6652316523165231 0.5393700787401575 0.02009020090200902 0.22834645669291337
39 0.6836818368183681 0.5078740157480315 0.008610086100861008 0.3228346456692913
155 0.7117671176711766 0.5098425196850394 0.02214022140221402 0.21653543307086615
6 0.7480524805248052 0.47834645669291337 0.025010250102501023 0.2559055118110236
20 0.7687576875768757 0.5118110236220472 0.008200082000820008 0.3228346456692913
204 0.7800328003280033 0.5137795275590551 0.0028700287002870026 0.3346456692913386
7 0.7982779827798278 0.48031496062992124 0.026240262402624025 0.2440944881889764
89 0.8222632226322263 0.5039370078740157 0.023370233702337023 0.3228346456692913
204 0.8398933989339893 0.5137795275590551 0.0028700287002870026 0.3346456692913386
204 0.8493234932349323 0.515748031496063 0.0028700287002870026 0.3307086614173228
89 0.8663386633866338 0.5078740157480315 0.02378023780237802 0.3228346456692913
204 0.8837638376383763 0.5177165354330708 0.0028700287002870026 0.3346456692913386
155 0.9093890938909388 0.5177165354330708 0.02214022140221402 0.21653543307086615
204 0.9348093480934809 0.5177165354330708 0.002460024600246002 0.3346456692913386
89 0.9518245182451824 0.5078740157480315 0.023370233702337023 0.3228346456692913
204 0.9694546945469454 0.5196850393700787 0.0028700287002870026 0.3307086614173228
195 0.9809348093480934 0.32677165354330706 0.01107011070110701 0.1732283464566929
39 0.995079950799508 0.5196850393700787 0.008200082000820008 0.3228346456692913
