89 0.016981132075471698 0.4968152866242038 0.033962264150943396 0.43312101910828027
75 0.04339622641509434 0.5859872611464968 0.024528301886792454 0.22929936305732485
72 0.06320754716981132 0.7038216560509555 0.0056603773584905665 0.08280254777070065
53 0.0919811320754717 0.624203821656051 0.02358490566037736 0.15286624203821658
20 0.12311320754716981 0.4968152866242038 0.016037735849056604 0.4713375796178344
208 0.15235849056603773 0.5063694267515924 0.029245283018867925 0.4267515923566879
39 0.18301886792452832 0.5 0.016981132075471698 0.47770700636942676
84 0.2429245283018868 0.5 0.046226415094339626 0.12101910828025478
89 0.3108490566037736 0.5 0.03490566037735849 0.4394904458598726
20 0.3462264150943396 0.5 0.016981132075471698 0.47770700636942676
208 0.3745283018867925 0.5095541401273885 0.03018867924528302 0.42038216560509556
39 0.405188679245283 0.5031847133757962 0.016037735849056604 0.4713375796178344
84 0.46650943396226413 0.5 0.046226415094339626 0.12101910828025478
75 0.5283018867924528 0.11464968152866242 0.024528301886792454 0.22929936305732485
113 0.5273584905660378 0.8726114649681529 0.022641509433962266 0.22929936305732485
182 0.559433962264151 0.4968152866242038 0.05471698113207547 0.40764331210191085
84 0.5608490566037736 0.9044585987261147 0.031132075471698113 0.089171974522293
128 0.5599056603773584 0.14968152866242038 0.027358490566037737 0.03184713375796178
189 0.5915094339622642 0.12420382165605096 0.020754716981132074 0.2229299363057325
211 0.5924528301886792 0.8789808917197452 0.022641509433962266 0.21656050955414013
53 0.6344339622641509 0.5191082802547771 0.031132075471698113 0.2229299363057325
113 0.6655660377358491 0.5859872611464968 0.02169811320754717 0.22929936305732485
176 0.6995283018867925 0.5031847133757962 0.027358490566037737 0.4713375796178344
113 0.7353773584905661 0.46178343949044587 0.031132075471698113 0.33757961783439494
87 0.7627358490566037 0.4554140127388535 0.008490566037735849 0.33757961783439494
20 0.7872641509433962 0.5095541401273885 0.016037735849056604 0.4713375796178344
208 0.814622641509434 0.5127388535031847 0.027358490566037737 0.4140127388535032
128 0.8726415094339622 0.5063694267515924 0.04150943396226415 0.03184713375796178
145 0.9306603773584906 0.4745222929936306 0.01981132075471698 0.3121019108280255
39 0.9594339622641509 0.5063694267515924 0.01509433962264151 0.46496815286624205
113 0.9867924528301887 0.3471337579617835 0.022641509433962266 0.2229299363057325
