143 0.03137003841229193 0.5174418604651163 0.06274007682458387 0.43023255813953487
53 0.08770806658130602 0.7325581395348837 0.03713188220230473 0.3023255813953488
145 0.1293213828425096 0.813953488372093 0.017925736235595388 0.32558139534883723
84 0.22791293213828423 0.4825581395348837 0.06914212548015365 0.2441860465116279
23 0.32522407170294493 0.4883720930232558 0.035851472471190776 0.9767441860465116
186 0.3700384122919334 0.43023255813953487 0.030729833546734954 0.627906976744186
108 0.45390524967989754 0.4825581395348837 0.052496798975672214 0.5697674418604651
6 0.557618437900128 0.3895348837209302 0.0678617157490397 0.7093023255813954
204 0.6113956466069141 0.4941860465116279 0.006402048655569782 0.9651162790697674
186 0.645326504481434 0.43023255813953487 0.030729833546734954 0.627906976744186
53 0.6875800256081946 0.18604651162790697 0.03841229193341869 0.3023255813953488
145 0.7279129321382842 0.26744186046511625 0.016645326504481434 0.32558139534883723
84 0.8277848911651728 0.4825581395348837 0.07042253521126761 0.2441860465116279
145 0.9263764404609475 0.4127906976744186 0.034571062740076826 0.6395348837209303
24 0.9788732394366196 0.4825581395348837 0.03713188220230473 0.9651162790697674
