6 0.04790419161676647 0.4866666666666667 0.09580838323353294 0.9733333333333334
56 0.1279940119760479 0.25333333333333335 0.037425149700598806 0.37333333333333335
104 0.18488023952095808 0.64 0.04640718562874252 0.13333333333333333
0 0.281437125748503 0.48000000000000004 0.11676646706586827 0.9333333333333333
6 0.4041916167664671 0.48000000000000004 0.10479041916167665 0.9333333333333333
45 0.5239520958083833 0.49333333333333335 0.10479041916167665 0.9066666666666667
15 0.6160179640718563 0.48000000000000004 0.055389221556886234 0.9066666666666667
27 0.7125748502994013 0.4866666666666667 0.10778443113772455 0.9466666666666668
25 0.842814371257485 0.48000000000000004 0.12275449101796408 0.9066666666666667
41 0.9588323353293414 0.48000000000000004 0.07634730538922156 0.9333333333333333
