0 0.06290322580645161 0.44230769230769235 0.12580645161290321 0.7307692307692308
4 0.17096774193548386 0.4807692307692308 0.03870967741935484 0.9230769230769231
45 0.2806451612903226 0.4326923076923077 0.11612903225806452 0.75
5 0.3758064516129032 0.4807692307692308 0.041935483870967745 0.9230769230769231
176 0.43709677419354837 0.4519230769230769 0.04838709677419355 0.9038461538461539
11 0.5467741935483871 0.4134615384615385 0.13870967741935483 0.7884615384615385
0 0.6612903225806451 0.4326923076923077 0.12258064516129032 0.75
4 0.7693548387096775 0.4807692307692308 0.041935483870967745 0.9230769230769231
45 0.8774193548387097 0.4326923076923077 0.10967741935483871 0.75
5 0.9725806451612903 0.4903846153846154 0.041935483870967745 0.9423076923076924
