117 0.03046594982078853 0.585 0.06093189964157706 0.75
89 0.1442652329749104 0.5650000000000001 0.09498207885304659 0.77
20 0.23297491039426524 0.5700000000000001 0.043010752688172046 0.76
212 0.289426523297491 0.5650000000000001 0.05555555555555555 0.73
39 0.3485663082437276 0.58 0.04121863799283154 0.76
72 0.3942652329749104 0.8150000000000001 0.021505376344086023 0.21
89 0.4767025089605735 0.5750000000000001 0.0967741935483871 0.77
148 0.5824372759856631 0.025 0.2616487455197133 0.05
20 0.553763440860215 0.5700000000000001 0.03942652329749104 0.76
212 0.6111111111111112 0.5650000000000001 0.05734767025089606 0.73
39 0.671146953405018 0.59 0.04121863799283154 0.76
164 0.7562724014336918 0.605 0.06093189964157706 0.75
84 0.8700716845878136 0.59 0.09498207885304659 0.2
145 0.9767025089605734 0.52 0.03942652329749104 0.58
