200 0.015163297045101089 0.56640625 0.030326594090202177 0.3359375
130 0.04704510108864697 0.8515625 0.020995334370139968 0.234375
20 0.04665629860031104 0.2265625 0.00933125972006221 0.421875
113 0.06959564541213063 0.171875 0.02255054432348367 0.34375
155 0.07931570762052877 0.84375 0.027993779160186624 0.28125
39 0.093701399688958 0.2265625 0.01010886469673406 0.421875
145 0.11003110419906688 0.796875 0.008553654743390357 0.328125
20 0.13841368584758942 0.57421875 0.013996889580093312 0.6171875
186 0.16290824261275272 0.546875 0.016329704510108865 0.40625
39 0.18623639191290825 0.56640625 0.013219284603421462 0.6171875
84 0.2422239502332815 0.5625 0.04121306376360809 0.171875
210 0.3048211508553655 0.57421875 0.027993779160186624 0.3203125
113 0.3359253499222395 0.78125 0.02177293934681182 0.34375
20 0.3678071539657854 0.57421875 0.013996889580093312 0.6171875
186 0.3926905132192846 0.5390625 0.017107309486780714 0.40625
39 0.41601866251944014 0.56640625 0.013996889580093312 0.6171875
176 0.4451788491446345 0.5703125 0.02410575427682737 0.640625
207 0.4813374805598756 0.58203125 0.03732503888024884 0.3359375
113 0.5132192846034215 0.78515625 0.02177293934681182 0.3515625
20 0.5447122861586314 0.56640625 0.014774494556765163 0.6171875
186 0.5695956454121306 0.5390625 0.016329704510108865 0.40625
39 0.5933125972006221 0.57421875 0.013996889580093312 0.6171875
84 0.6489113530326595 0.5625 0.04121306376360809 0.171875
101 0.7103421461897356 0.4921875 0.030326594090202177 0.5
113 0.7418351477449455 0.78515625 0.02177293934681182 0.3515625
20 0.7729393468118196 0.5703125 0.013996889580093312 0.609375
186 0.7982115085536547 0.5390625 0.016329704510108865 0.390625
39 0.8219284603421462 0.5703125 0.013996889580093312 0.609375
176 0.8514774494556765 0.578125 0.02332814930015552 0.625
89 0.890746500777605 0.54296875 0.042768273716951785 0.6328125
113 0.911741835147745 0.78515625 0.020995334370139968 0.3515625
20 0.9432348367029549 0.5703125 0.013996889580093312 0.609375
186 0.96850699844479 0.5390625 0.016329704510108865 0.40625
39 0.9914463452566097 0.56640625 0.013996889580093312 0.6171875
