129 0.03614457831325301 0.6166666666666667 0.07228915662650602 0.6111111111111112
145 0.10671256454388985 0.7333333333333334 0.034423407917383825 0.4
84 0.24096385542168675 0.5 0.09294320137693632 0.22222222222222224
129 0.3855421686746988 0.6166666666666667 0.07228915662650602 0.6111111111111112
145 0.45611015490533563 0.7333333333333334 0.034423407917383825 0.4
23 0.5283993115318417 0.48333333333333334 0.04130808950086059 0.9666666666666667
30 0.6092943201376937 0.4166666666666667 0.08605851979345956 0.6333333333333333
145 0.6910499139414802 0.7333333333333334 0.03270223752151463 0.4
72 0.7478485370051635 0.75 0.022375215146299483 0.23333333333333334
34 0.8330464716006885 0.5055555555555555 0.08950086058519793 0.8333333333333334
145 0.9165232358003442 0.7444444444444445 0.03270223752151463 0.4
24 0.976764199655766 0.49444444444444446 0.039586919104991396 0.9666666666666667
