11 0.0545774647887324 0.45617529880478086 0.1091549295774648 0.24302788844621515
204 0.13908450704225353 0.4900398406374502 0.01056338028169014 0.3346613545816733
47 0.23151408450704225 0.4601593625498008 0.1073943661971831 0.250996015936255
84 0.3882042253521127 0.49203187250996017 0.09683098591549295 0.09163346613545817
182 0.5924295774647887 0.49203187250996017 0.19542253521126762 0.4741035856573705
105 0.5237676056338029 0.9063745019920318 0.02640845070422535 0.17131474103585656
84 0.5836267605633803 0.9243027888446215 0.06514084507042253 0.06374501992031872
17 0.5950704225352113 0.08565737051792828 0.07746478873239437 0.17131474103585656
145 0.653169014084507 0.9043824701195219 0.024647887323943664 0.16733067729083664
37 0.7394366197183099 0.4960159362549801 0.05985915492957747 0.3147410358565737
11 0.8336267605633803 0.4641434262948207 0.1073943661971831 0.24302788844621515
105 0.9022887323943662 0.6215139442231076 0.02640845070422535 0.1752988047808765
38 0.9656690140845071 0.49800796812749004 0.061619718309859156 0.3107569721115538
