128 0.049429657794676805 0.4942528735632184 0.09885931558935361 0.04597701149425287
53 0.1520912547528517 0.5172413793103449 0.06844106463878327 0.4367816091954023
158 0.21387832699619772 0.1781609195402299 0.028517110266159697 0.3333333333333333
145 0.22718631178707224 0.7413793103448276 0.039923954372623575 0.4482758620689655
72 0.2870722433460076 0.764367816091954 0.019011406844106463 0.28735632183908044
53 0.376425855513308 0.5287356321839081 0.07224334600760456 0.4367816091954023
158 0.4372623574144487 0.1724137931034483 0.026615969581749048 0.3448275862068966
195 0.44961977186311786 0.7413793103448276 0.04752851711026616 0.4482758620689655
72 0.5114068441064639 0.764367816091954 0.019011406844106463 0.28735632183908044
53 0.6017110266159695 0.5287356321839081 0.0741444866920152 0.4367816091954023
158 0.6615969581749049 0.1781609195402299 0.026615969581749048 0.3333333333333333
189 0.6749049429657794 0.7471264367816092 0.049429657794676805 0.45977011494252873
100 0.8174904942965779 0.4942528735632184 0.09505703422053231 0.5517241379310345
211 0.9619771863117871 0.43103448275862066 0.06844106463878327 0.6551724137931034
