54 0.02514367816091954 0.48750000000000004 0.05028735632183908 0.47500000000000003
20 0.08045977011494253 0.46875 0.02586206896551724 0.9375
22 0.15660919540229884 0.38125000000000003 0.10919540229885058 0.7125
72 0.22701149425287356 0.7625000000000001 0.017241379310344827 0.25
95 0.30028735632183906 0.5875 0.05459770114942529 0.7000000000000001
39 0.34626436781609193 0.47500000000000003 0.028735632183908046 0.925
84 0.42528735632183906 0.46875 0.07471264367816091 0.23750000000000002
54 0.514367816091954 0.5 0.05172413793103448 0.47500000000000003
20 0.5711206896551724 0.47500000000000003 0.027298850574712645 0.9500000000000001
25 0.6379310344827586 0.3875 0.09195402298850575 0.7000000000000001
72 0.6982758620689655 0.775 0.017241379310344827 0.275
31 0.7880747126436781 0.40625 0.07327586206896551 0.7125
56 0.8584770114942528 0.21250000000000002 0.041666666666666664 0.4
95 0.9382183908045977 0.625 0.05459770114942529 0.7000000000000001
39 0.9834770114942528 0.49375 0.027298850574712645 0.9375
