187 0.027375201288244767 0.49606299212598426 0.05475040257648953 0.3307086614173228
56 0.08856682769726248 0.7440944881889764 0.03864734299516908 0.19685039370078738
71 0.1570048309178744 0.4921259842519685 0.017713365539452495 0.33858267716535434
45 0.286634460547504 0.41732283464566927 0.09017713365539452 0.47244094488188976
190 0.2898550724637681 0.03937007874015748 0.07085346215780998 0.07874015748031496
210 0.3413848631239936 0.7677165354330708 0.04186795491143317 0.22834645669291337
167 0.501610305958132 0.484251968503937 0.11755233494363929 0.2125984251968504
45 0.6892109500805152 0.41732283464566927 0.09017713365539452 0.47244094488188976
187 0.7415458937198067 0.7716535433070866 0.037037037037037035 0.23622047244094488
20 0.782608695652174 0.7637795275590551 0.01932367149758454 0.4251968503937008
210 0.8301127214170693 0.7755905511811023 0.040257648953301126 0.22834645669291337
39 0.8760064412238325 0.7677165354330708 0.01932367149758454 0.4330708661417323
3 0.9516908212560387 0.4251968503937008 0.09017713365539452 0.47244094488188976
