143 0.0397456279809221 0.4444444444444445 0.0794912559618442 0.4222222222222222
53 0.11049284578696345 0.6666666666666667 0.046104928457869634 0.2888888888888889
158 0.15421303656597776 0.4388888888888889 0.015898251192368842 0.23333333333333334
145 0.16216216216216217 0.8222222222222223 0.025437201907790145 0.3111111111111111
104 0.21462639109697934 0.4388888888888889 0.03497615262321145 0.05555555555555556
101 0.27662957074721783 0.31666666666666665 0.06677265500794913 0.6333333333333333
141 0.34578696343402227 0.4444444444444445 0.05882352941176471 0.4222222222222222
126 0.4348171701112878 0.4388888888888889 0.10333863275039747 0.41111111111111115
141 0.5206677265500795 0.4444444444444445 0.05882352941176471 0.4222222222222222
95 0.5874403815580287 0.5277777777777778 0.05882352941176471 0.6111111111111112
80 0.6486486486486487 0.4388888888888889 0.05087440381558029 0.41111111111111115
130 0.7162162162162162 0.43333333333333335 0.06518282988871224 0.4
80 0.7813990461049285 0.43333333333333335 0.05246422893481718 0.4222222222222222
141 0.8441971383147854 0.43333333333333335 0.06041335453100159 0.4222222222222222
196 0.9149443561208268 0.4444444444444445 0.06518282988871224 0.4222222222222222
168 0.9761526232114468 0.4444444444444445 0.041335453100158986 0.4222222222222222
