13 0.03 0.4072164948453608 0.06 0.5876288659793815
20 0.0876470588235294 0.4896907216494845 0.027058823529411764 0.7731958762886598
89 0.15176470588235294 0.4793814432989691 0.06352941176470588 0.7938144329896907
39 0.19823529411764704 0.4845360824742268 0.027058823529411764 0.7835051546391752
84 0.26588235294117646 0.4742268041237113 0.06117647058823529 0.20618556701030927
23 0.33470588235294113 0.4896907216494845 0.02941176470588235 0.979381443298969
20 0.3741176470588235 0.4742268041237113 0.028235294117647056 0.7835051546391752
210 0.4088235294117647 0.4948453608247423 0.0388235294117647 0.3917525773195876
72 0.44352941176470584 0.7319587628865979 0.014117647058823528 0.2268041237113402
89 0.5070588235294117 0.4742268041237113 0.06352941176470588 0.7835051546391752
20 0.5647058823529412 0.4742268041237113 0.028235294117647056 0.7835051546391752
210 0.5994117647058823 0.5 0.041176470588235294 0.4020618556701031
39 0.636470588235294 0.4845360824742268 0.025882352941176467 0.7835051546391752
39 0.6694117647058823 0.4845360824742268 0.025882352941176467 0.7835051546391752
71 0.7094117647058823 0.5051546391752577 0.011764705882352941 0.41237113402061853
210 0.7776470588235294 0.5103092783505154 0.039999999999999994 0.38144329896907214
108 0.84 0.5103092783505154 0.04470588235294117 0.422680412371134
7 0.916470588235294 0.4020618556701031 0.07294117647058823 0.5773195876288659
24 0.9835294117647058 0.4896907216494845 0.028235294117647056 0.979381443298969
