17 0.017022504327755338 0.24013157894736842 0.034045008655510675 0.34868421052631576
48 0.04558568955568378 0.36184210526315785 0.020773225620311597 0.23684210526315788
20 0.06809001731102135 0.27960526315789475 0.009232544720138488 0.48026315789473684
17 0.09521061742642815 0.23684210526315788 0.033467974610502015 0.3421052631578947
48 0.12348528563185227 0.3651315789473684 0.019619157530294286 0.23026315789473684
155 0.16272360069244085 0.28289473684210525 0.027697634160415464 0.3157894736842105
7 0.20773225620311597 0.23684210526315788 0.03231390652048471 0.3421052631578947
39 0.23312175418349682 0.27960526315789475 0.010386612810155798 0.48026315789473684
84 0.2703404500865551 0.27960526315789475 0.028274668205424118 0.125
17 0.3193883439122908 0.23684210526315788 0.034045008655510675 0.3421052631578947
48 0.34795152914021926 0.3684210526315789 0.020773225620311597 0.23684210526315788
211 0.36035776110790535 0.4473684210526315 0.012117714945181764 0.17105263157894735
20 0.3788228505481823 0.28289473684210525 0.009809578765147143 0.48684210526315785
17 0.4068090017311021 0.24013157894736842 0.03462204270051933 0.34868421052631576
48 0.43652625504904785 0.3684210526315789 0.020196191575302943 0.23684210526315788
211 0.448066935949221 0.444078947368421 0.012117714945181764 0.17763157894736842
155 0.4838430467397576 0.28289473684210525 0.028274668205424118 0.3157894736842105
6 0.5276976341604154 0.24342105263157893 0.03058280438545874 0.35526315789473684
39 0.5522215810732833 0.28618421052631576 0.010386612810155798 0.48026315789473684
155 0.5877091748413156 0.2894736842105263 0.028274668205424118 0.3157894736842105
30 0.6263704558568955 0.7960526315789473 0.020196191575302943 0.23684210526315788
108 0.6477207155222158 0.825657894736842 0.015579919215233698 0.21710526315789472
182 0.6832083092902481 0.2894736842105263 0.04731679169070975 0.5789473684210527
41 0.669070975187536 0.7993421052631579 0.017888055395268318 0.24342105263157893
105 0.6843623773802654 0.8059210526315789 0.006924408540103866 0.23026315789473684
130 0.6984997114829774 0.8355263157894737 0.016733987305251007 0.15789473684210525
95 0.7149451817657241 0.8717105263157894 0.013848817080207732 0.23026315789473684
6 0.740334679746105 0.7993421052631579 0.020773225620311597 0.24342105263157893
20 0.7599538372763992 0.29276315789473684 0.009232544720138488 0.48026315789473684
86 0.7781304096941719 0.35855263157894735 0.019042123485285632 0.3223684210526316
30 0.7997691863819965 0.375 0.019619157530294286 0.23684210526315788
155 0.837276399307559 0.29934210526315785 0.02654356607039815 0.3223684210526316
143 0.8753606462781304 0.3157894736842105 0.02538949798038084 0.22368421052631576
30 0.9007501442585112 0.381578947368421 0.019619157530294286 0.23684210526315788
128 0.9399884593190998 0.29934210526315785 0.02538949798038084 0.03289473684210526
145 0.9763416041546451 0.2631578947368421 0.01269474899019042 0.3289473684210526
39 0.9936526255049047 0.29934210526315785 0.010386612810155798 0.48026315789473684
