155 0.03714710252600297 0.5093896713615024 0.07429420505200594 0.23943661971830987
94 0.2741456166419019 0.48826291079812206 0.35512630014858837 0.03755868544600939
150 0.12704309063893016 0.727699530516432 0.04903417533432392 0.28169014084507044
150 0.19093610698365526 0.1807511737089202 0.04903417533432392 0.27699530516431925
210 0.19465081723625557 0.7676056338028169 0.04457652303120356 0.17370892018779344
105 0.23402674591381872 0.8732394366197184 0.016344725111441305 0.1596244131455399
195 0.2488855869242199 0.08450704225352113 0.03714710252600297 0.16901408450704225
150 0.3068350668647845 0.7206572769953051 0.04903417533432392 0.27699530516431925
153 0.33209509658246655 0.2136150234741784 0.06686478454680535 0.3615023474178404
210 0.37518573551263 0.7629107981220657 0.04606240713224368 0.17370892018779344
148 0.38484398216939075 0.6173708920187794 0.05052005943536404 0.023474178403755867
112 0.4190193164933135 0.8873239436619719 0.029717682020802376 0.20657276995305165
39 0.4851411589895988 0.4765258215962441 0.040118870728083206 0.8028169014084507
75 0.5802377414561664 0.4413145539906103 0.0549777117384844 0.27230046948356806
210 0.650074294205052 0.4859154929577465 0.04606240713224368 0.17370892018779344
105 0.6887072808320951 0.34507042253521125 0.016344725111441305 0.1643192488262911
147 0.7719167904903417 0.47887323943661975 0.09361069836552749 0.3004694835680751
75 0.8707280832095096 0.4413145539906103 0.05349182763744428 0.27230046948356806
210 0.9405646359583952 0.4859154929577465 0.04457652303120356 0.17370892018779344
148 0.9494799405646359 0.3427230046948357 0.0475482912332838 0.018779342723004695
112 0.9821693907875185 0.36619718309859156 0.029717682020802376 0.20657276995305165
