59 0.043137254901960784 0.5055555555555555 0.08627450980392157 0.8555555555555556
84 0.2088235294117647 0.5 0.10392156862745097 0.22222222222222224
59 0.37254901960784315 0.49444444444444446 0.08235294117647059 0.8555555555555556
23 0.46372549019607845 0.49444444444444446 0.045098039215686274 0.9666666666666667
30 0.5529411764705883 0.4166666666666667 0.09803921568627451 0.6333333333333333
145 0.6460784313725491 0.7388888888888889 0.03725490196078431 0.3888888888888889
72 0.7068627450980393 0.75 0.021568627450980392 0.23333333333333334
34 0.8029411764705883 0.5055555555555555 0.1 0.8333333333333334
145 0.8990196078431373 0.7333333333333334 0.03725490196078431 0.4
24 0.9715686274509804 0.48333333333333334 0.049019607843137254 0.9666666666666667
