12 0.03469750889679715 0.41379310344827586 0.0693950177935943 0.6896551724137931
195 0.0889679715302491 0.6637931034482758 0.028469750889679714 0.43103448275862066
84 0.16014234875444838 0.4224137931034483 0.060498220640569395 0.25862068965517243
23 0.23576512455516013 0.47413793103448276 0.030249110320284697 0.8793103448275862
201 0.28558718861209964 0.6206896551724138 0.055160142348754444 0.5862068965517241
108 0.38167259786476865 0.4396551724137931 0.06583629893238434 0.6379310344827586
12 0.48309608540925264 0.4051724137931034 0.0693950177935943 0.7068965517241379
204 0.5613879003558718 0.48275862068965514 0.00889679715302491 0.9655172413793103
201 0.6272241992882562 0.6293103448275862 0.051601423487544484 0.5689655172413793
20 0.6806049822064056 0.47413793103448276 0.02669039145907473 0.8103448275862069
209 0.7259786476868327 0.5862068965517241 0.042704626334519574 0.6206896551724138
39 0.7722419928825622 0.47413793103448276 0.028469750889679714 0.8103448275862069
84 0.846085409252669 0.4224137931034483 0.05871886120996441 0.25862068965517243
209 0.9323843416370107 0.5948275862068966 0.042704626334519574 0.6379310344827586
24 0.9813167259786476 0.46551724137931033 0.030249110320284697 0.896551724137931
