116 0.03350515463917526 0.37209302325581395 0.06701030927835051 0.7441860465116279
121 0.17268041237113402 0.4883720930232558 0.08762886597938144 0.7906976744186046
126 0.3376288659793814 0.47674418604651164 0.11512027491408934 0.5116279069767442
105 0.4209621993127148 0.36627906976744184 0.03436426116838488 0.7325581395348837
130 0.48711340206185566 0.47674418604651164 0.08075601374570447 0.5116279069767442
20 0.5627147766323024 0.4941860465116279 0.03264604810996564 0.9418604651162791
195 0.6305841924398625 0.3895348837209302 0.06529209621993128 0.7325581395348837
83 0.7027491408934707 0.5058139534883721 0.054982817869415807 0.5232558139534884
72 0.8118556701030928 0.75 0.018900343642611683 0.22093023255813954
172 0.904639175257732 0.5174418604651163 0.07731958762886598 0.5
39 0.9802405498281787 0.5058139534883721 0.03264604810996564 0.9418604651162791
