155 0.018422991893883568 0.5195121951219512 0.036845983787767135 0.24878048780487805
22 0.0681650700073692 0.9048780487804878 0.03610906411201179 0.17073170731707318
110 0.06705969049373618 0.5170731707317073 0.01915991156963891 0.44878048780487806
150 0.11274871039056743 0.47560975609756095 0.023581429624170966 0.28780487804878047
153 0.1529108327192336 0.5073170731707317 0.03316138540899042 0.37073170731707317
206 0.2044952100221076 0.5195121951219512 0.03021370670596905 0.18048780487804877
37 0.2505526897568165 0.4658536585365854 0.023581429624170966 0.28780487804878047
153 0.290346352247605 0.5048780487804878 0.032424465733235076 0.36585365853658536
77 0.2999263080324245 0.2804878048780488 0.0058953574060427415 0.04390243902439024
206 0.34119380987472364 0.5121951219512195 0.030950626381724394 0.18536585365853658
126 0.38504053058216653 0.10975609756097561 0.025792188651436995 0.11219512195121951
113 0.38540899042004423 0.8853658536585366 0.016212232866617538 0.17073170731707318
182 0.4189388356669123 0.5024390243902439 0.0449521002210759 0.44878048780487806
84 0.4141488577745026 0.9195121951219513 0.023581429624170966 0.06341463414634146
128 0.42114959469417834 0.11219512195121951 0.02431834929992631 0.01951219512195122
211 0.4498894620486367 0.8853658536585366 0.018422991893883568 0.17073170731707318
145 0.45541635961680177 0.08292682926829269 0.01326455416359617 0.16585365853658537
94 0.5589535740604274 0.4951219512195122 0.13780397936624908 0.024390243902439025
126 0.5106853352984525 0.7926829268292683 0.03979366249078851 0.18048780487804877
113 0.5117907148120855 0.17560975609756097 0.025792188651436995 0.28292682926829266
155 0.5567428150331614 0.2121951219512195 0.03758290346352248 0.24878048780487805
155 0.5641120117907148 0.7780487804878049 0.03758290346352248 0.24878048780487805
145 0.603168754605748 0.17560975609756097 0.01694915254237288 0.2731707317073171
145 0.6105379513633015 0.7414634146341463 0.01694915254237288 0.2731707317073171
66 0.6503316138540899 0.4926829268292683 0.005158437730287398 0.03902439024390244
143 0.6930729550478998 0.5073170731707317 0.039056742815033164 0.18536585365853658
126 0.7299189388356669 0.3780487804878049 0.025792188651436995 0.11219512195121951
211 0.7295504789977892 0.6073170731707317 0.017686072218128224 0.17073170731707318
128 0.7652910832719234 0.3804878048780488 0.022844509948415623 0.01951219512195122
113 0.7943994104642594 0.35121951219512193 0.016212232866617538 0.16585365853658537
128 0.8264554163596168 0.3780487804878049 0.02431834929992631 0.024390243902439025
145 0.8618275607958733 0.3463414634146341 0.01400147383935151 0.16585365853658537
206 0.9075165806927045 0.4878048780487805 0.03168754605747973 0.18536585365853658
143 0.9605747973470892 0.4975609756097561 0.03758290346352248 0.18536585365853658
113 0.9907885040530582 0.34146341463414637 0.015475313190862197 0.16585365853658537
