14 0.05216426193118757 0.4144144144144144 0.10432852386237514 0.5765765765765766
109 0.10932297447280799 0.8378378378378378 0.06548279689234185 0.25225225225225223
71 0.19034406215316316 0.5180180180180181 0.01220865704772475 0.38738738738738737
84 0.2397336293007769 0.5045045045045045 0.05993340732519423 0.1981981981981982
14 0.3518312985571587 0.4144144144144144 0.10432852386237514 0.5765765765765766
148 0.3551609322974473 0.02702702702702703 0.10876803551609324 0.05405405405405406
211 0.42730299667036625 0.7792792792792793 0.03107658157602664 0.38738738738738737
58 0.47225305216426194 0.5135135135135135 0.03440621531631521 0.7567567567567568
14 0.5471698113207547 0.42342342342342343 0.10432852386237514 0.5765765765765766
10 0.6520532741398446 0.4144144144144144 0.07214206437291898 0.5945945945945946
20 0.7125416204217536 0.5135135135135135 0.01997780244173141 0.7207207207207207
35 0.7647058823529412 0.44144144144144143 0.06437291897891233 0.5405405405405406
211 0.8201997780244173 0.7837837837837838 0.03107658157602664 0.3963963963963964
72 0.8706992230854607 0.7297297297297297 0.014428412874583796 0.1981981981981982
101 0.9411764705882353 0.42792792792792794 0.04439511653718091 0.5855855855855856
39 0.9872364039955605 0.5225225225225225 0.021087680355160933 0.7207207207207207
