10 0.04383116883116883 0.5053191489361702 0.08766233766233766 0.5638297872340425
145 0.10633116883116883 0.7978723404255319 0.0275974025974026 0.36170212765957444
20 0.10876623376623377 0.2553191489361702 0.01948051948051948 0.5106382978723404
145 0.14691558441558442 0.22340425531914893 0.0275974025974026 0.36170212765957444
39 0.18344155844155846 0.2553191489361702 0.01948051948051948 0.5106382978723404
6 0.2556818181818182 0.5212765957446809 0.08603896103896104 0.5957446808510638
195 0.31493506493506496 0.7287234042553191 0.03571428571428572 0.3723404255319149
84 0.4318181818181818 0.5904255319148936 0.08116883116883117 0.22340425531914893
126 0.5722402597402598 0.6223404255319149 0.09577922077922078 0.3723404255319149
211 0.6444805194805195 0.7393617021276595 0.03896103896103896 0.3723404255319149
128 0.7483766233766235 0.5957446808510638 0.07142857142857144 0.06382978723404255
126 0.8766233766233766 0.6329787234042553 0.09415584415584416 0.3723404255319149
145 0.9464285714285715 0.7553191489361702 0.025974025974025976 0.36170212765957444
169 0.9902597402597403 0.7021276595744681 0.012987012987012988 0.48936170212765956
