204 0.004477611940298508 0.48484848484848486 0.008955223880597015 0.7474747474747475
89 0.06791044776119404 0.48484848484848486 0.07313432835820896 0.7676767676767677
105 0.09776119402985074 0.7272727272727273 0.016417910447761194 0.3434343434343435
113 0.1328358208955224 0.8484848484848485 0.03283582089552239 0.26262626262626265
20 0.18134328358208956 0.48989898989898994 0.02537313432835821 0.7575757575757577
205 0.24029850746268658 0.5050505050505051 0.07164179104477612 0.38383838383838387
39 0.2955223880597015 0.48989898989898994 0.026865671641791045 0.7575757575757577
204 0.332089552238806 0.4696969696969697 0.007462686567164179 0.7373737373737375
98 0.4097014925373134 0.47979797979797983 0.0791044776119403 0.6767676767676768
94 0.49850746268656715 0.42424242424242425 0.05373134328358209 0.04040404040404041
195 0.49850746268656715 0.7070707070707072 0.03582089552238806 0.36363636363636365
145 0.49776119402985075 0.18181818181818182 0.02537313432835821 0.36363636363636365
204 0.5544776119402985 0.44949494949494956 0.007462686567164179 0.7373737373737375
89 0.6164179104477612 0.44949494949494956 0.07164179104477612 0.7777777777777778
20 0.6761194029850747 0.4595959595959596 0.026865671641791045 0.7575757575757577
210 0.7216417910447761 0.4696969696969697 0.04626865671641791 0.37373737373737376
39 0.7656716417910447 0.44949494949494956 0.029850746268656716 0.7575757575757577
204 0.8022388059701493 0.44949494949494956 0.007462686567164179 0.7373737373737375
100 0.8776119402985074 0.43434343434343436 0.0746268656716418 0.42424242424242425
211 0.9701492537313433 0.36363636363636365 0.05373134328358209 0.5858585858585859
