6 0.019440124416796267 0.3857758620689655 0.038880248833592534 0.24568965517241378
4 0.04821150855365474 0.540948275862069 0.00933125972006221 0.1853448275862069
145 0.05559875583203733 0.29094827586206895 0.014774494556765163 0.15086206896551724
210 0.0645412130637636 0.5431034482758621 0.017107309486780714 0.10344827586206896
113 0.0812597200622084 0.2952586206896552 0.017884914463452566 0.15086206896551724
211 0.08709175738724728 0.5689655172413793 0.017107309486780714 0.11206896551724138
72 0.10769828926905133 0.5926724137931034 0.005443234836702955 0.05603448275862069
210 0.13569206842923795 0.5431034482758621 0.017884914463452566 0.10344827586206896
102 0.1395800933125972 0.45905172413793105 0.013219284603421462 0.03879310344827586
145 0.1582426127527216 0.5711206896551724 0.01010886469673406 0.10775862068965517
119 0.2025660964230171 0.5775862068965517 0.03343701399688958 0.034482758620689655
210 0.24416796267496113 0.540948275862069 0.017107309486780714 0.09913793103448276
102 0.24805598755832037 0.46120689655172414 0.012441679626749611 0.04310344827586207
113 0.2667185069984448 0.5732758620689655 0.017107309486780714 0.11206896551724138
119 0.3094867807153966 0.5797413793103449 0.03265940902021773 0.030172413793103446
210 0.35069984447900465 0.5431034482758621 0.017107309486780714 0.10344827586206896
126 0.37908242612752724 0.5818965517241379 0.028771384136858476 0.07758620689655173
155 0.41251944012441677 0.5646551724137931 0.017884914463452566 0.09482758620689655
145 0.4416796267496112 0.5668103448275862 0.00933125972006221 0.10775862068965517
5 0.4599533437013997 0.5366379310344828 0.01010886469673406 0.1853448275862069
84 0.5007776049766719 0.41163793103448276 0.04043545878693624 0.08189655172413793
50 0.557542768273717 0.3793103448275862 0.04821150855365474 0.24137931034482757
126 0.5999222395023328 0.5387931034482758 0.027216174183514776 0.10344827586206896
72 0.6232503888024883 0.5862068965517241 0.005443234836702955 0.06034482758620689
149 0.6527993779160186 0.5581896551724138 0.020995334370139968 0.14224137931034483
65 0.6959564541213064 0.41810344827586204 0.041990668740279936 0.1724137931034483
20 0.750388802488336 0.41379310344827586 0.02177293934681182 0.7413793103448276
126 0.776438569206843 0.10129310344827586 0.027216174183514776 0.09913793103448276
115 0.7776049766718507 0.7047413793103449 0.00933125972006221 0.15086206896551724
115 0.781104199066874 0.9116379310344828 0.008553654743390357 0.15086206896551724
60 0.8137636080870918 0.4073275862068965 0.05054432348367029 0.40948275862068967
84 0.8028771384136858 0.7370689655172413 0.025660964230171075 0.05172413793103448
135 0.8094867807153966 0.9181034482758621 0.024883359253499222 0.14655172413793102
155 0.8145412130637636 0.09267241379310345 0.025660964230171075 0.1336206896551724
113 0.8405909797822706 0.915948275862069 0.017107309486780714 0.15086206896551724
195 0.8417573872472783 0.7047413793103449 0.019440124416796267 0.15086206896551724
145 0.8514774494556765 0.07543103448275862 0.013996889580093312 0.15086206896551724
14 0.8985225505443235 0.3706896551724138 0.05054432348367029 0.24137931034482757
211 0.9409020217729394 0.5064655172413793 0.02177293934681182 0.15086206896551724
115 0.963841368584759 0.5 0.008553654743390357 0.14655172413793102
39 0.9883359253499222 0.39870689655172414 0.02021772939346812 0.7370689655172413
