20 0.03064516129032258 0.4811320754716981 0.06129032258064516 0.9245283018867925
89 0.10161290322580645 0.4716981132075472 0.08064516129032258 0.9433962264150944
105 0.14516129032258066 0.6886792452830188 0.025806451612903226 0.4716981132075472
72 0.18064516129032257 0.7641509433962264 0.03225806451612903 0.2830188679245283
95 0.29193548387096774 0.6132075471698113 0.0935483870967742 0.6981132075471698
39 0.3790322580645161 0.49056603773584906 0.04838709677419355 0.9056603773584906
3 0.4790322580645161 0.3962264150943396 0.11935483870967742 0.7547169811320754
158 0.5790322580645161 0.1981132075471698 0.02903225806451613 0.32075471698113206
84 0.7032258064516129 0.43396226415094336 0.10967741935483871 0.3018867924528302
3 0.8790322580645161 0.4150943396226415 0.11935483870967742 0.7547169811320754
158 0.9790322580645161 0.20754716981132074 0.02903225806451613 0.3018867924528302
