51 0.036061026352288486 0.4835164835164836 0.07212205270457697 0.6153846153846154
190 0.029819694868238558 0.06593406593406594 0.05131761442441054 0.13186813186813187
65 0.12135922330097088 0.5879120879120879 0.07350901525658807 0.45054945054945056
20 0.19764216366158113 0.5604395604395604 0.0319001386962552 0.8351648351648352
20 0.23647711511789182 0.5494505494505495 0.0319001386962552 0.8351648351648352
49 0.32385575589459087 0.4835164835164836 0.10679611650485438 0.6373626373626374
58 0.3959778085991678 0.554945054945055 0.03744798890429959 0.8461538461538463
7 0.45839112343966715 0.4670329670329671 0.08460471567267684 0.6263736263736264
148 0.47572815533980584 0.07142857142857144 0.049930651872399444 0.05494505494505495
39 0.5305131761442441 0.5494505494505495 0.0319001386962552 0.8351648351648352
191 0.6095700416088766 0.543956043956044 0.056865464632454926 0.4285714285714286
30 0.7066574202496533 0.47252747252747257 0.07350901525658807 0.6153846153846154
39 0.7697642163661581 0.5494505494505495 0.030513176144244106 0.8351648351648352
84 0.8488210818307906 0.5384615384615385 0.07212205270457697 0.2197802197802198
51 0.9611650485436893 0.46153846153846156 0.07212205270457697 0.6153846153846154
