121 0.011734928670041419 0.4693396226415094 0.023469857340082837 0.3160377358490566
189 0.04832029452369996 0.4292452830188679 0.015646571560055222 0.3018867924528302
6 0.07616198803497469 0.4292452830188679 0.028071790151863785 0.3018867924528302
145 0.09526000920386563 0.6179245283018868 0.0046019328117809484 0.1981132075471698
6 0.12195121951219513 0.43396226415094336 0.02853198343304188 0.3018867924528302
189 0.14150943396226415 0.6179245283018868 0.01058444546709618 0.20754716981132074
110 0.1757938334100322 0.4716981132075472 0.03405430280717902 0.8773584905660377
211 0.1859180855959503 0.8419811320754716 0.013805798435342844 0.2122641509433962
163 0.20225494707777267 0.07075471698113207 0.009664058904739991 0.14150943396226415
20 0.23446847676023932 0.47641509433962265 0.018867924528301886 0.9528301886792453
94 0.26092959042797975 0.4811320754716981 0.02116889093419236 0.02830188679245283
168 0.25954901058444546 0.7547169811320754 0.014726184997699034 0.20754716981132074
145 0.2606994937873907 0.1721698113207547 0.008743672342383801 0.28773584905660377
110 0.300966405890474 0.47641509433962265 0.03405430280717902 0.8773584905660377
3 0.31431201104463874 0.8466981132075472 0.017487344684767602 0.20283018867924527
168 0.3262770363552692 0.9386792452830188 0.007363092498849517 0.10377358490566037
204 0.3469857340082835 0.4811320754716981 0.0027611596870685687 0.3962264150943396
89 0.3663138518177635 0.4716981132075472 0.02577082374597331 0.38679245283018865
204 0.38610216290842153 0.4858490566037736 0.0027611596870685687 0.3962264150943396
195 0.39921767142199727 0.25471698113207547 0.01150483202945237 0.20754716981132074
20 0.4162448228255868 0.4858490566037736 0.008743672342383801 0.38679245283018865
186 0.43120110446387483 0.4693396226415094 0.010124252185918087 0.25
128 0.4509894155545329 0.28066037735849053 0.018407731247123794 0.023584905660377357
195 0.47100782328578006 0.25471698113207547 0.01150483202945237 0.20754716981132074
155 0.48895536125172573 0.285377358490566 0.016106764841233318 0.17452830188679244
172 0.5080533824206167 0.28773584905660377 0.014726184997699034 0.14150943396226415
155 0.5427979751495629 0.4882075471698113 0.024390243902439025 0.25
186 0.5740911182696733 0.4716981132075472 0.01058444546709618 0.25471698113207547
128 0.5938794293603313 0.28066037735849053 0.017947537965945698 0.023584905660377357
195 0.6143580303727566 0.2570754716981132 0.011965025310630465 0.20283018867924527
155 0.6323055683387023 0.28773584905660377 0.016566958122411414 0.16981132075471697
195 0.650483202945237 0.25943396226415094 0.01150483202945237 0.20754716981132074
83 0.6638288080994018 0.2900943396226415 0.01058444546709618 0.14622641509433962
155 0.6960423377818684 0.49056603773584906 0.024390243902439025 0.25471698113207547
186 0.7273354809019789 0.4740566037735849 0.01058444546709618 0.25
128 0.7471237919926369 0.2830188679245283 0.017947537965945698 0.018867924528301886
145 0.7673722963644731 0.26179245283018865 0.005062126092959043 0.19339622641509432
155 0.7853198343304189 0.2900943396226415 0.01702715140358951 0.17452830188679244
83 0.8021168890934193 0.2900943396226415 0.010124252185918087 0.14622641509433962
39 0.8177634606534745 0.49292452830188677 0.009203865623561897 0.3820754716981132
75 0.8446847676023931 0.44575471698113206 0.022549470777726646 0.3160377358490566
18 0.8791992636907502 0.4410377358490566 0.0446387482742752 0.3160377358490566
195 0.9118729866543949 0.2641509433962264 0.01150483202945237 0.20754716981132074
39 0.9318913943856421 0.49056603773584906 0.018407731247123794 0.9433962264150944
75 0.9739990796134377 0.44811320754716977 0.021629084215370457 0.3113207547169811
168 0.9914864242982053 0.5023584905660378 0.015186378278877128 0.20283018867924527
