148 0.23961937716262977 0.03571428571428571 0.47923875432525953 0.05357142857142857
0 0.050173010380622836 0.4821428571428571 0.08996539792387544 0.5178571428571428
112 0.1254325259515571 0.7767857142857142 0.03633217993079585 0.4107142857142857
145 0.13667820069204153 0.28125 0.03460207612456748 0.33035714285714285
128 0.19204152249134948 0.7366071428571428 0.05536332179930796 0.04464285714285714
145 0.27076124567474047 0.7276785714285714 0.032871972318339104 0.3125
0 0.35813148788927335 0.4732142857142857 0.09342560553633218 0.5178571428571428
112 0.4359861591695502 0.7678571428571428 0.03806228373702422 0.39285714285714285
145 0.4463667820069204 0.28125 0.03460207612456748 0.33035714285714285
65 0.5709342560553633 0.5446428571428571 0.09342560553633218 0.3571428571428571
148 0.8278546712802768 0.02232142857142857 0.3373702422145329 0.04464285714285714
50 0.722318339100346 0.4776785714285714 0.10899653979238755 0.5089285714285714
195 0.8140138408304498 0.7232142857142857 0.04671280276816609 0.3214285714285714
51 0.9169550173010381 0.46875 0.08650519031141869 0.5089285714285714
195 0.9645328719723184 0.7232142857142857 0.043252595155709346 0.3214285714285714
