126 0.06181015452538631 0.6290322580645161 0.12362030905077262 0.6129032258064516
104 0.15673289183222958 0.6209677419354839 0.039735099337748346 0.08064516129032258
75 0.23951434878587197 0.46774193548387094 0.08609271523178808 0.9354838709677419
105 0.31236203090507725 0.4758064516129032 0.037527593818984545 0.9193548387096774
126 0.4105960264900662 0.6209677419354839 0.141280353200883 0.6290322580645161
80 0.5331125827814569 0.6209677419354839 0.0684326710816777 0.6290322580645161
130 0.6258278145695364 0.6451612903225806 0.09050772626931568 0.6129032258064516
168 0.7119205298013245 0.6370967741935484 0.05518763796909492 0.6290322580645161
105 0.7770419426048565 0.4838709677419355 0.039735099337748346 0.9354838709677419
141 0.8543046357615894 0.6370967741935484 0.08388520971302428 0.6290322580645161
130 0.9536423841059603 0.6532258064516129 0.08388520971302428 0.6290322580645161
