149 0.03007518796992481 0.5963855421686747 0.06015037593984962 0.710843373493976
84 0.13721804511278196 0.49397590361445787 0.06892230576441102 0.28915662650602414
25 0.2575187969924812 0.391566265060241 0.08646616541353383 0.7349397590361446
30 0.3302005012531328 0.3855421686746988 0.06892230576441102 0.746987951807229
20 0.39348370927318294 0.4879518072289157 0.02506265664160401 0.9759036144578314
161 0.44360902255639095 0.5843373493975904 0.05012531328320802 0.710843373493976
39 0.49624060150375937 0.4879518072289157 0.02506265664160401 0.9759036144578314
108 0.5808270676691729 0.4819277108433735 0.05889724310776942 0.6265060240963856
25 0.6948621553884712 0.3795180722891566 0.08646616541353383 0.7349397590361446
178 0.8120300751879699 0.46987951807228917 0.06516290726817042 0.6265060240963856
22 0.9423558897243107 0.3734939759036145 0.11027568922305764 0.746987951807229
