64 0.03296703296703297 0.5967741935483871 0.06593406593406594 0.6451612903225806
104 0.1021978021978022 0.5887096774193549 0.046153846153846156 0.11290322580645161
64 0.17032967032967034 0.6048387096774194 0.06373626373626373 0.6290322580645161
141 0.25164835164835164 0.5806451612903225 0.06813186813186813 0.6129032258064516
130 0.34615384615384615 0.5967741935483871 0.09010989010989011 0.6129032258064516
186 0.42527472527472526 0.49193548387096775 0.041758241758241756 0.7903225806451613
163 0.4868131868131868 0.6209677419354839 0.06373626373626373 0.5967741935483871
53 0.5714285714285714 0.6290322580645161 0.08351648351648351 0.6129032258064516
64 0.6571428571428571 0.6451612903225806 0.06153846153846154 0.6129032258064516
186 0.721978021978022 0.532258064516129 0.041758241758241756 0.8064516129032258
105 0.7813186813186813 0.4758064516129032 0.05934065934065934 0.9516129032258064
141 0.856043956043956 0.6209677419354839 0.06813186813186813 0.6290322580645161
130 0.9483516483516483 0.6532258064516129 0.0945054945054945 0.6290322580645161
