95 0.02085967130214918 0.5833333333333333 0.04171934260429836 0.6538461538461539
64 0.0638432364096081 0.48717948717948717 0.03666245259165613 0.4615384615384615
75 0.11125158027812895 0.3782051282051282 0.04804045512010114 0.6794871794871795
20 0.16940581542351454 0.47435897435897434 0.022756005056890016 0.9487179487179487
195 0.20796460176991152 0.40384615384615385 0.03666245259165613 0.6538461538461539
53 0.2528445006321113 0.5192307692307692 0.040455120101137804 0.4487179487179487
155 0.34070796460176994 0.48717948717948717 0.06194690265486726 0.6153846153846154
145 0.42667509481668775 0.41666666666666663 0.029077117572692796 0.6538461538461539
72 0.4627054361567636 0.7628205128205128 0.010113780025284451 0.2692307692307692
195 0.5284450063211126 0.41666666666666663 0.03792667509481669 0.6538461538461539
57 0.5720606826801518 0.3974358974358974 0.034134007585335024 0.6923076923076923
155 0.6523388116308471 0.49358974358974356 0.060682680151706705 0.6282051282051282
145 0.740834386852086 0.41666666666666663 0.030341340075853353 0.6538461538461539
39 0.7787610619469028 0.5 0.022756005056890016 0.9487179487179487
84 0.8780025284450064 0.49358974358974356 0.06194690265486726 0.24358974358974358
145 0.9829329962073325 0.42948717948717946 0.029077117572692796 0.6538461538461539
