30 0.04230118443316413 0.4154929577464789 0.08460236886632826 0.7464788732394366
211 0.09306260575296108 0.7112676056338029 0.04060913705583756 0.49295774647887325
84 0.2089678510998308 0.5140845070422535 0.0829103214890017 0.26760563380281693
10 0.3536379018612521 0.4154929577464789 0.09137055837563451 0.7464788732394366
158 0.41370558375634514 0.18309859154929578 0.021996615905245345 0.36619718309859156
65 0.5025380710659898 0.471830985915493 0.07445008460236886 0.6619718309859155
6 0.6269035532994923 0.4225352112676056 0.08967851099830795 0.7887323943661972
78 0.6988155668358714 0.1971830985915493 0.04399323181049069 0.36619718309859156
65 0.8011844331641286 0.47887323943661975 0.0727580372250423 0.676056338028169
11 0.9280879864636209 0.4295774647887324 0.08967851099830795 0.7464788732394366
145 0.9822335025380711 0.7253521126760564 0.028764805414551606 0.49295774647887325
