153 0.019281332164767746 0.5459183673469388 0.03856266432953549 0.7448979591836734
71 0.0705521472392638 0.5663265306122448 0.007887817703768625 0.3571428571428571
50 0.13277826468010517 0.46428571428571425 0.05872042068361087 0.5816326530612245
145 0.1761612620508326 0.6785714285714285 0.017528483786152498 0.39795918367346933
128 0.23751095530236635 0.5357142857142857 0.04382120946538125 0.0510204081632653
89 0.3041191936897458 0.5408163265306122 0.03680981595092025 0.7755102040816326
145 0.33216476774758985 0.7806122448979591 0.017528483786152498 0.39795918367346933
128 0.3488168273444347 0.23979591836734693 0.033304119193689745 0.030612244897959183
145 0.38650306748466257 0.19387755102040816 0.017528483786152498 0.3877551020408163
20 0.42024539877300615 0.5408163265306122 0.016652059596844872 0.836734693877551
211 0.4504820333041192 0.47959183673469385 0.0315512708150745 0.5918367346938775
39 0.4820333041191937 0.5408163265306122 0.017528483786152498 0.836734693877551
167 0.5534618755477652 0.5357142857142857 0.06397896581945661 0.29591836734693877
50 0.6415425065731815 0.46428571428571425 0.0595968448729185 0.5816326530612245
195 0.6853637160385627 0.6785714285714285 0.02278702892199825 0.39795918367346933
128 0.7467134092900964 0.5357142857142857 0.04382120946538125 0.0510204081632653
89 0.8128834355828221 0.5408163265306122 0.037686240140227874 0.7755102040816326
195 0.8409290096406661 0.7806122448979591 0.021910604732690624 0.39795918367346933
128 0.8571428571428572 0.23979591836734693 0.033304119193689745 0.030612244897959183
145 0.8943908851884312 0.19387755102040816 0.016652059596844872 0.3877551020408163
20 0.9281332164767748 0.5459183673469388 0.01577563540753725 0.846938775510204
211 0.9588080631025416 0.4846938775510204 0.0315512708150745 0.5816326530612245
39 0.9899211218229623 0.5408163265306122 0.016652059596844872 0.836734693877551
