84 0.015492957746478873 0.4934210526315789 0.030985915492957747 0.07894736842105263
110 0.06985915492957746 0.4934210526315789 0.04281690140845071 0.6118421052631579
3 0.08563380281690142 0.7467105263157894 0.022535211267605635 0.14473684210526316
163 0.10225352112676057 0.8108552631578947 0.008450704225352114 0.06907894736842105
182 0.15408450704225352 0.48684210526315785 0.06253521126760564 0.41447368421052627
105 0.13267605633802818 0.8371710526315789 0.008450704225352114 0.14144736842105263
84 0.1523943661971831 0.8519736842105262 0.020845070422535212 0.05263157894736842
17 0.15492957746478875 0.15625 0.0247887323943662 0.14144736842105263
145 0.1743661971830986 0.8338815789473684 0.00619718309859155 0.14144736842105263
20 0.22253521126760564 0.4950657894736842 0.02591549295774648 0.9901315789473684
11 0.256056338028169 0.4671052631578947 0.03436619718309859 0.20394736842105263
105 0.2783098591549296 0.5970394736842105 0.009014084507042254 0.14144736842105263
72 0.2971830985915493 0.662828947368421 0.0039436619718309866 0.042763157894736836
145 0.3109859154929578 0.5953947368421052 0.0067605633802816905 0.1381578947368421
182 0.363943661971831 0.4917763157894737 0.061971830985915494 0.3914473684210526
112 0.34169014084507043 0.8536184210526315 0.014084507042253521 0.17434210526315788
84 0.3636619718309859 0.8519736842105262 0.020845070422535212 0.05263157894736842
16 0.3630985915492958 0.1595394736842105 0.01859154929577465 0.14144736842105263
145 0.3856338028169014 0.8338815789473684 0.00619718309859155 0.14144736842105263
89 0.42281690140845074 0.48684210526315785 0.03211267605633803 0.26973684210526316
105 0.4383098591549296 0.5970394736842105 0.009014084507042254 0.14144736842105263
112 0.4504225352112676 0.6167763157894737 0.015211267605633804 0.17434210526315788
72 0.471830985915493 0.6661184210526315 0.0039436619718309866 0.042763157894736836
168 0.4836619718309859 0.6184210526315789 0.014084507042253521 0.10526315789473684
155 0.5230985915492958 0.4950657894736842 0.029859154929577466 0.18092105263157893
94 0.6002816901408451 0.4950657894736842 0.08732394366197184 0.023026315789473683
11 0.5754929577464789 0.24177631578947367 0.03436619718309859 0.2006578947368421
168 0.5985915492957746 0.6891447368421052 0.01859154929577465 0.14802631578947367
105 0.5974647887323944 0.3733552631578947 0.008450704225352114 0.14144736842105263
72 0.6160563380281691 0.4375 0.0039436619718309866 0.039473684210526314
188 0.6309859154929578 0.3684210526315789 0.015774647887323946 0.1513157894736842
182 0.6898591549295775 0.4934210526315789 0.06253521126760564 0.39473684210526316
112 0.6676056338028169 0.8552631578947368 0.014647887323943662 0.17105263157894735
84 0.6898591549295775 0.8552631578947368 0.020845070422535212 0.05263157894736842
16 0.6892957746478874 0.1611842105263158 0.01859154929577465 0.14473684210526316
145 0.7121126760563381 0.8388157894736842 0.0067605633802816905 0.1381578947368421
94 0.7847887323943662 0.4884868421052631 0.09464788732394366 0.042763157894736836
89 0.7543661971830986 0.24671052631578946 0.03154929577464789 0.26973684210526316
105 0.7698591549295775 0.3601973684210526 0.008450704225352114 0.14144736842105263
168 0.7833802816901408 0.6924342105263157 0.01859154929577465 0.14802631578947367
112 0.7825352112676057 0.37664473684210525 0.014647887323943662 0.17434210526315788
72 0.8042253521126761 0.4292763157894737 0.0039436619718309866 0.042763157894736836
188 0.8194366197183099 0.3569078947368421 0.016338028169014085 0.14802631578947367
39 0.8523943661971831 0.4983552631578947 0.027042253521126762 0.9901315789473684
75 0.9095774647887325 0.46875 0.027605633802816904 0.22039473684210525
18 0.9521126760563381 0.4638157894736842 0.05521126760563381 0.22368421052631576
195 0.9912676056338029 0.3388157894736842 0.015211267605633804 0.14473684210526316
