10 0.020290964777947933 0.5306122448979591 0.04058192955589587 0.5510204081632653
105 0.04517611026033691 0.8010204081632653 0.010719754977029096 0.3571428571428571
20 0.0501531393568147 0.26530612244897955 0.00995405819295559 0.5102040816326531
163 0.06623277182235834 0.2857142857142857 0.016079632465543645 0.24489795918367346
39 0.08422664624808576 0.260204081632653 0.010719754977029096 0.520408163265306
6 0.11791730474732007 0.5255102040816326 0.03981623277182236 0.5816326530612245
105 0.14203675344563554 0.7295918367346939 0.011485451761102604 0.3571428571428571
155 0.16539050535987748 0.7653061224489796 0.026033690658499236 0.36734693877551017
163 0.18989280245022971 0.7806122448979591 0.016845329249617153 0.25510204081632654
84 0.24042879019908117 0.5816326530612245 0.03828483920367535 0.2040816326530612
126 0.30283307810107196 0.6071428571428571 0.046707503828483925 0.3571428571428571
105 0.3342266462480858 0.7193877551020408 0.011485451761102604 0.3571428571428571
128 0.35834609494640124 0.760204081632653 0.02450229709035222 0.0510204081632653
145 0.3847626339969372 0.7193877551020408 0.013016845329249618 0.3571428571428571
128 0.4310872894333844 0.5765306122448979 0.03522205206738132 0.0510204081632653
126 0.4900459418070444 0.596938775510204 0.045941807044410414 0.3571428571428571
105 0.5206738131699847 0.7091836734693877 0.010719754977029096 0.3571428571428571
128 0.5650842266462481 0.5714285714285714 0.03522205206738132 0.061224489795918366
119 0.6324655436447167 0.7193877551020408 0.056661562021439515 0.09183673469387754
128 0.6994640122511486 0.5612244897959183 0.03445635528330781 0.061224489795918366
126 0.7580398162327718 0.586734693877551 0.045941807044410414 0.3571428571428571
105 0.7890505359877489 0.7091836734693877 0.00995405819295559 0.3571428571428571
155 0.8116385911179174 0.7397959183673469 0.026033690658499236 0.3571428571428571
163 0.8361408882082696 0.7551020408163265 0.016845329249617153 0.24489795918367346
128 0.8614088820826953 0.7397959183673469 0.022970903522205207 0.0510204081632653
145 0.886676875957121 0.7040816326530611 0.01225114854517611 0.3469387755102041
100 0.9352986217457887 0.5612244897959183 0.032924961715160794 0.42857142857142855
211 0.9858346094946402 0.5051020408163265 0.02526799387442573 0.5408163265306122
