201 0.016968325791855206 0.6153846153846154 0.03393665158371041 0.6538461538461539
20 0.05147058823529412 0.46153846153846156 0.016968325791855206 0.9230769230769231
186 0.07579185520361992 0.44230769230769235 0.01809954751131222 0.6538461538461539
39 0.0989819004524887 0.4807692307692308 0.016968325791855206 0.9230769230769231
84 0.14649321266968326 0.4134615384615385 0.037330316742081454 0.2884615384615385
207 0.20192307692307693 0.5192307692307693 0.032805429864253395 0.5384615384615385
155 0.2545248868778281 0.42307692307692313 0.03619909502262444 0.6153846153846154
20 0.29864253393665163 0.46153846153846156 0.015837104072398193 0.9230769230769231
205 0.33597285067873306 0.5 0.038461538461538464 0.5
57 0.37443438914027155 0.38461538461538464 0.031674208144796386 0.7692307692307693
155 0.4292986425339367 0.46153846153846156 0.037330316742081454 0.6153846153846154
53 0.48190045248868785 0.5288461538461539 0.029411764705882356 0.5192307692307693
39 0.5141402714932127 0.4807692307692308 0.016968325791855206 0.9230769230769231
209 0.5435520361990951 0.6153846153846154 0.028280542986425343 0.6923076923076923
72 0.5661764705882354 0.7788461538461539 0.010180995475113122 0.2884615384615385
205 0.623868778280543 0.5384615384615385 0.03959276018099548 0.5
108 0.6860859728506788 0.4519230769230769 0.041855203619909506 0.6730769230769231
49 0.7647058823529412 0.40384615384615385 0.06108597285067874 0.7692307692307693
72 0.7958144796380091 0.7884615384615385 0.010180995475113122 0.3076923076923077
53 0.8450226244343892 0.5480769230769231 0.029411764705882356 0.5192307692307693
108 0.9044117647058825 0.46153846153846156 0.041855203619909506 0.6923076923076923
14 0.9705882352941178 0.42307692307692313 0.05429864253393665 0.7692307692307693
