64 0.033112582781456956 0.65625 0.06622516556291391 0.625
104 0.10044150110375276 0.65625 0.046357615894039736 0.09375
64 0.17108167770419427 0.640625 0.0640176600441501 0.625
141 0.24834437086092714 0.6640625 0.0684326710816777 0.609375
130 0.3443708609271523 0.6640625 0.09271523178807947 0.609375
186 0.4249448123620309 0.546875 0.04194260485651214 0.78125
163 0.4878587196467991 0.65625 0.06181015452538631 0.59375
53 0.5717439293598234 0.6484375 0.08388520971302428 0.578125
64 0.6578366445916115 0.6484375 0.06181015452538631 0.609375
186 0.7218543046357616 0.546875 0.039735099337748346 0.8125
105 0.7781456953642384 0.46875 0.05518763796909492 0.9375
141 0.8532008830022075 0.6484375 0.0684326710816777 0.609375
130 0.9492273730684326 0.6640625 0.09271523178807947 0.609375
