89 0.032 0.547244094488189 0.064 0.6377952755905512
211 0.06685714285714286 0.8070866141732284 0.03314285714285715 0.3543307086614173
71 0.10342857142857144 0.5748031496062992 0.012571428571428572 0.3464566929133858
49 0.1925714285714286 0.49606299212598426 0.09257142857142858 0.47244094488188976
178 0.3057142857142857 0.562992125984252 0.05828571428571429 0.4015748031496063
35 0.4062857142857143 0.5039370078740157 0.06514285714285714 0.47244094488188976
167 0.5205714285714286 0.5669291338582677 0.08342857142857144 0.2204724409448819
34 0.6365714285714286 0.5669291338582677 0.06857142857142857 0.6141732283464567
16 0.6914285714285715 0.8149606299212598 0.036571428571428574 0.33858267716535434
20 0.7394285714285714 0.562992125984252 0.020571428571428574 0.6377952755905512
35 0.7937142857142858 0.5 0.06514285714285714 0.48031496062992124
195 0.8520000000000001 0.18503937007874016 0.028571428571428574 0.33858267716535434
155 0.896 0.23228346456692914 0.04114285714285715 0.29133858267716534
101 0.9411428571428572 0.17716535433070865 0.03085714285714286 0.3543307086614173
39 0.9868571428571429 0.5669291338582677 0.021714285714285717 0.6299212598425197
