94 0.047685185185185185 0.5145228215767634 0.09537037037037037 0.024896265560165977
195 0.022222222222222223 0.7116182572614108 0.03518518518518519 0.26141078838174275
145 0.04722222222222222 0.24688796680497926 0.018518518518518517 0.25311203319502074
154 0.06898148148148149 0.7531120331950207 0.03981481481481482 0.17842323651452283
110 0.15324074074074073 0.5124481327800829 0.06759259259259259 0.7759336099585062
211 0.17453703703703705 0.8319502074688797 0.026851851851851852 0.18672199170124482
195 0.20833333333333334 0.13278008298755187 0.024074074074074074 0.1825726141078838
154 0.24120370370370373 0.15975103734439833 0.026851851851851852 0.12863070539419086
94 0.5097222222222222 0.5103734439834025 0.44722222222222224 0.03319502074688797
204 0.2953703703703704 0.8195020746887967 0.005555555555555556 0.34439834024896265
186 0.3212962962962963 0.8070539419087137 0.020370370370370372 0.21991701244813278
80 0.3523148148148148 0.8236514522821576 0.03425925925925926 0.18672199170124482
105 0.38657407407407407 0.6556016597510373 0.01388888888888889 0.17427385892116182
186 0.40185185185185185 0.26348547717842324 0.020370370370370372 0.21991701244813278
199 0.4083333333333333 0.6784232365145229 0.022222222222222223 0.12863070539419086
195 0.4324074074074074 0.0912863070539419 0.024074074074074074 0.1825726141078838
128 0.47314814814814815 0.8174273858921162 0.0462962962962963 0.024896265560165977
128 0.4990740740740741 0.27385892116182575 0.0462962962962963 0.024896265560165977
166 0.5458333333333334 0.8568464730290456 0.04166666666666667 0.25311203319502074
166 0.5712962962962963 0.31742738589211617 0.040740740740740744 0.25311203319502074
80 0.5875 0.8236514522821576 0.03425925925925926 0.18672199170124482
195 0.6111111111111112 0.0912863070539419 0.024074074074074074 0.1825726141078838
105 0.6212962962962963 0.6535269709543569 0.012962962962962964 0.17842323651452283
143 0.6518518518518519 0.6804979253112033 0.040740740740740744 0.12448132780082988
204 0.687962962962963 0.8174273858921162 0.005555555555555556 0.34854771784232363
195 0.7138888888888889 0.6493775933609959 0.024074074074074074 0.18672199170124482
75 0.7796296296296297 0.46680497925311204 0.044444444444444446 0.27800829875518673
143 0.8324074074074075 0.5103734439834025 0.05740740740740741 0.1825726141078838
84 0.9148148148148149 0.5062240663900415 0.05 0.0912863070539419
145 0.9888888888888889 0.470954356846473 0.018518518518518517 0.25311203319502074
