155 0.029094827586206896 0.5143540669856459 0.05818965517241379 0.2631578947368421
201 0.11476293103448276 0.5574162679425837 0.04849137931034483 0.29186602870813394
20 0.20204741379310345 0.507177033492823 0.04418103448275862 0.9665071770334928
11 0.2634698275862069 0.4688995215311005 0.06573275862068965 0.2966507177033493
168 0.30495689655172414 0.6866028708133971 0.02586206896551724 0.14832535885167464
188 0.33674568965517243 0.65311004784689 0.03125 0.21531100478468898
66 0.39385775862068967 0.5047846889952153 0.014008620689655173 0.06220095693779904
94 0.4908405172413793 0.5095693779904306 0.10883620689655173 0.03349282296650718
11 0.47198275862068967 0.16746411483253587 0.0668103448275862 0.2966507177033493
168 0.4881465517241379 0.7918660287081339 0.036637931034482756 0.21531100478468898
188 0.5204741379310345 0.354066985645933 0.030172413793103446 0.2200956937799043
155 0.6099137931034483 0.5095693779904306 0.05818965517241379 0.2631578947368421
11 0.7009698275862069 0.4688995215311005 0.06573275862068965 0.2966507177033493
188 0.7489224137931034 0.65311004784689 0.030172413793103446 0.21531100478468898
66 0.8049568965517241 0.5095693779904306 0.01293103448275862 0.06220095693779904
94 0.8938577586206896 0.5095693779904306 0.09159482758620689 0.03349282296650718
89 0.8803879310344828 0.1985645933014354 0.06034482758620689 0.3971291866028708
168 0.890625 0.7918660287081339 0.03556034482758621 0.21531100478468898
188 0.9148706896551724 0.35645933014354064 0.030172413793103446 0.21531100478468898
39 0.9757543103448276 0.507177033492823 0.04418103448275862 0.9665071770334928
