46 0.021877205363443897 0.37755102040816324 0.043754410726887794 0.6530612244897959
20 0.056810162314749474 0.46428571428571425 0.013408609738884969 0.8265306122448979
204 0.07621736062103035 0.4693877551020408 0.004234297812279464 0.8571428571428571
204 0.08786167960479888 0.4693877551020408 0.0035285815102328866 0.8571428571428571
45 0.12385321100917432 0.37755102040816324 0.04022582921665491 0.6122448979591836
204 0.15490472829922372 0.4693877551020408 0.0035285815102328866 0.8571428571428571
204 0.16690190543401554 0.4693877551020408 0.0035285815102328866 0.8571428571428571
72 0.1958362738179252 0.6836734693877551 0.0077628793225123505 0.18367346938775508
211 0.23218066337332394 0.3724489795918367 0.028228652081863093 0.6428571428571428
39 0.25864502470007056 0.46428571428571425 0.013408609738884969 0.8265306122448979
84 0.31298517995765707 0.4591836734693877 0.0374029640084686 0.22448979591836732
46 0.3796753705010586 0.36734693877551017 0.043754410726887794 0.6530612244897959
20 0.4153140437544107 0.4591836734693877 0.013408609738884969 0.8163265306122448
204 0.43436838390966837 0.4591836734693877 0.0035285815102328866 0.8571428571428571
204 0.4463655610444601 0.4591836734693877 0.0035285815102328866 0.8571428571428571
45 0.4823570924488356 0.3724489795918367 0.04022582921665491 0.6224489795918366
145 0.5059985885673959 0.7653061224489796 0.008468595624558928 0.42857142857142855
204 0.529287226534933 0.4591836734693877 0.004234297812279464 0.8571428571428571
204 0.5409315455187015 0.4591836734693877 0.0035285815102328866 0.8571428571428571
72 0.5698659139026112 0.6683673469387754 0.0077628793225123505 0.19387755102040816
211 0.60621030345801 0.36224489795918363 0.028228652081863093 0.6428571428571428
39 0.6326746647847565 0.44897959183673464 0.013408609738884969 0.8163265306122448
155 0.6813690896259704 0.4438775510204081 0.0374029640084686 0.5408163265306122
46 0.7427664079040226 0.3469387755102041 0.043048694424841216 0.6530612244897959
20 0.7773465067043049 0.4336734693877551 0.013408609738884969 0.8265306122448979
204 0.7967537050105857 0.4387755102040816 0.004234297812279464 0.8571428571428571
204 0.8087508821453776 0.4387755102040816 0.004234297812279464 0.8571428571428571
45 0.8440366972477065 0.336734693877551 0.03952011291460833 0.6122448979591836
195 0.8673253352152435 0.7295918367346939 0.01834862385321101 0.4387755102040816
204 0.8902611150317573 0.42857142857142855 0.0035285815102328866 0.8571428571428571
204 0.9015525758645025 0.42857142857142855 0.0035285815102328866 0.8571428571428571
72 0.9301340860973889 0.6428571428571428 0.007057163020465773 0.18367346938775508
211 0.9654199011997178 0.336734693877551 0.028228652081863093 0.6326530612244897
39 0.9918842625264644 0.423469387755102 0.013408609738884969 0.8265306122448979
