41 0.03355704697986577 0.3719512195121951 0.06711409395973154 0.6951219512195123
84 0.14261744966442952 0.4634146341463415 0.087248322147651 0.21951219512195122
23 0.24328859060402683 0.4573170731707317 0.03691275167785235 0.9146341463414634
186 0.29697986577181207 0.4451219512195122 0.03355704697986577 0.5487804878048781
108 0.3649328859060403 0.48170731707317077 0.06208053691275168 0.475609756097561
4 0.4446308724832215 0.46951219512195125 0.0436241610738255 0.8902439024390244
211 0.5100671140939598 0.36585365853658536 0.06375838926174497 0.7073170731707318
72 0.5578859060402684 0.7621951219512195 0.018456375838926176 0.25609756097560976
145 0.6442953020134228 0.36585365853658536 0.040268456375838924 0.6829268292682927
5 0.7072147651006712 0.475609756097561 0.04530201342281879 0.9024390243902439
204 0.7793624161073825 0.45121951219512196 0.008389261744966443 0.8780487804878049
20 0.8355704697986577 0.4634146341463415 0.030201342281879193 0.9024390243902439
56 0.886744966442953 0.45121951219512196 0.04865771812080537 0.3902439024390244
39 0.9404362416107382 0.4634146341463415 0.031879194630872486 0.9024390243902439
168 0.9807046979865771 0.8292682926829269 0.031879194630872486 0.29268292682926833
