53 0.013388259526261586 0.39247311827956993 0.026776519052523172 0.2903225806451613
211 0.03913491246138002 0.48924731182795705 0.016477857878475798 0.24731182795698928
45 0.07363542739443872 0.32258064516129037 0.03604531410916581 0.4301075268817205
200 0.10298661174047373 0.38709677419354843 0.02265705458290422 0.2795698924731183
20 0.12770339855818744 0.1774193548387097 0.008238928939237899 0.2903225806451613
149 0.1431513903192585 0.22043010752688175 0.018537590113285273 0.22580645161290325
130 0.164778578784758 0.11290322580645162 0.014418125643666322 0.13978494623655915
128 0.18846549948506694 0.16666666666666669 0.02059732234809475 0.05376344086021506
145 0.21060762100926878 0.15591397849462366 0.007209062821833161 0.24731182795698928
39 0.22451081359423275 0.1827956989247312 0.010298661174047374 0.3010752688172043
176 0.23583934088568484 0.16666666666666669 0.010298661174047374 0.2903225806451613
163 0.2512873326467559 0.19892473118279572 0.014418125643666322 0.1827956989247312
205 0.286302780638517 0.8763440860215055 0.02059732234809475 0.16129032258064518
182 0.31874356333676623 0.34946236559139787 0.05252317198764161 0.6989247311827957
108 0.3135942327497425 0.860215053763441 0.02368692070030896 0.23655913978494625
49 0.35221421215242016 0.8387096774193549 0.03089598352214212 0.25806451612903225
205 0.39701338825952626 0.8870967741935485 0.021627188465499485 0.16129032258064518
159 0.42996910401647787 0.3548387096774194 0.05664263645726055 0.7096774193548387
158 0.41349124613800203 0.7795698924731184 0.005149330587023687 0.09677419354838711
135 0.43254376930998967 0.870967741935484 0.02059732234809475 0.21505376344086025
205 0.4629248197734294 0.89247311827957 0.021627188465499485 0.17204301075268819
20 0.4984552008238929 0.38172043010752693 0.014418125643666322 0.5053763440860215
20 0.5180226570545828 0.37634408602150543 0.016477857878475798 0.5161290322580645
128 0.5478887744593203 0.3655913978494624 0.032955715756951595 0.06451612903225806
196 0.586508753861998 0.40860215053763443 0.025746652935118432 0.3010752688172043
39 0.6153450051493305 0.39247311827956993 0.01544799176107106 0.5053763440860215
128 0.654994850669413 0.37634408602150543 0.03501544799176107 0.06451612903225806
205 0.7106076210092688 0.40860215053763443 0.03501544799176107 0.2795698924731183
158 0.7399588053553038 0.23655913978494625 0.009268795056642637 0.17204301075268819
89 0.7600411946446962 0.39784946236559143 0.028836251287332644 0.5376344086021506
20 0.7842430484037075 0.39247311827956993 0.01544799176107106 0.5053763440860215
57 0.8120494335736353 0.3548387096774194 0.027806385169927908 0.4301075268817205
72 0.8347064881565396 0.5645161290322581 0.009268795056642637 0.16129032258064518
145 0.8692070030895983 0.3709677419354839 0.014418125643666322 0.41935483870967744
39 0.8918640576725025 0.40322580645161293 0.014418125643666322 0.5053763440860215
209 0.9181256436663233 0.478494623655914 0.02368692070030896 0.37634408602150543
149 0.946961894953656 0.2634408602150538 0.01956745623069001 0.22580645161290325
130 0.9675592173017508 0.16129032258064518 0.013388259526261586 0.15053763440860216
39 0.990216271884655 0.40860215053763443 0.01544799176107106 0.5161290322580645
