129 0.008862948551664505 0.5881057268722467 0.01772589710332901 0.23348017621145375
84 0.03696498054474708 0.5330396475770925 0.022049286640726327 0.07929515418502203
94 0.07674016428880241 0.5264317180616741 0.04453091223519239 0.022026431718061675
195 0.06247297881539127 0.7466960352422908 0.014267185473411154 0.2511013215859031
145 0.07414613056636403 0.24229074889867844 0.00907911802853437 0.24669603524229078
154 0.08473843493298745 0.7951541850220265 0.016428880242109815 0.1629955947136564
204 0.11500216169476869 0.8832599118942732 0.0017293558149589277 0.21585903083700442
212 0.1245136186770428 0.8898678414096917 0.00864677907479464 0.19383259911894274
204 0.1353220925205361 0.8788546255506609 0.0017293558149589277 0.21585903083700442
110 0.146779074794639 0.5198237885462555 0.011673151750972763 0.40528634361233484
123 0.15196714223951577 0.8876651982378856 0.012537829658452225 0.11013215859030838
35 0.17207090358841332 0.8612334801762115 0.014699524427150886 0.15418502202643172
20 0.18849978383052313 0.5132158590308371 0.007782101167315175 0.3215859030837005
8 0.20428015564202334 0.4845814977973569 0.016861219195849545 0.24669603524229078
160 0.23194984868136617 0.5044052863436124 0.019455252918287938 0.3303964757709251
39 0.24924340683095547 0.5088105726872247 0.007349762213575443 0.3215859030837005
66 0.2656722870730653 0.5022026431718062 0.0030263726761781233 0.03524229074889868
20 0.29096411586683957 0.4955947136563877 0.01124081279723303 0.7533039647577093
93 0.3054474708171206 0.20704845814977976 0.015131863380890618 0.24669603524229078
94 0.31971465629053175 0.49339207048458156 0.043666234327712924 0.01762114537444934
59 0.31733679204496323 0.748898678414097 0.016428880242109815 0.3348017621145375
154 0.3270644185041072 0.2533039647577093 0.016861219195849545 0.1629955947136564
128 0.3607868568958063 0.4889867841409692 0.022049286640726327 0.01762114537444934
76 0.3860786856895806 0.4515418502202644 0.013834846519671422 0.2599118942731278
39 0.4053177691309987 0.4823788546255507 0.011673151750972763 0.7533039647577093
75 0.43341980112408124 0.4493392070484582 0.015131863380890618 0.25550660792951546
212 0.45395590142671854 0.4779735682819384 0.012105490704712493 0.3127753303964758
84 0.47968006917423256 0.4779735682819384 0.022049286640726327 0.08370044052863437
20 0.5108084738434933 0.473568281938326 0.011673151750972763 0.7533039647577093
94 0.5291828793774319 0.4757709251101322 0.02248162559446606 0.01762114537444934
59 0.5278858625162127 0.7268722466960353 0.01729355814958928 0.3348017621145375
195 0.5276696930393429 0.18722466960352424 0.015131863380890618 0.2511013215859031
128 0.5603112840466926 0.4691629955947137 0.021616947686986597 0.022026431718061675
94 0.5992217898832685 0.4647577092511014 0.044098573281452655 0.022026431718061675
195 0.5858192823173368 0.682819383259912 0.014699524427150886 0.24669603524229078
76 0.5964115866839602 0.17400881057268724 0.014267185473411154 0.2599118942731278
154 0.6076523994811932 0.7334801762114538 0.016861219195849545 0.1629955947136564
39 0.6303501945525292 0.4559471365638767 0.01124081279723303 0.7444933920704847
204 0.6517509727626459 0.8215859030837005 0.0012970168612191958 0.21585903083700442
212 0.6610462602680501 0.8259911894273129 0.007782101167315175 0.18942731277533043
204 0.6709900562040639 0.814977973568282 0.0017293558149589277 0.22026431718061676
110 0.6815823605706874 0.4559471365638767 0.010808473843493299 0.40969162995594716
123 0.6869865974924341 0.8237885462555067 0.012105490704712493 0.10572687224669605
35 0.7077388672719411 0.7973568281938327 0.014699524427150886 0.1497797356828194
8 0.7297881539126675 0.4229074889867842 0.01729355814958928 0.2378854625550661
160 0.7587548638132295 0.4427312775330397 0.01988759187202767 0.3303964757709251
75 0.7851275399913532 0.40528634361233484 0.014699524427150886 0.25550660792951546
212 0.8058798097708603 0.433920704845815 0.012105490704712493 0.3127753303964758
122 0.8313878080415045 0.43832599118942733 0.021616947686986597 0.29515418502202645
195 0.8577604842196281 0.39867841409691634 0.014699524427150886 0.2511013215859031
128 0.8860786856895806 0.42511013215859034 0.021184608733246863 0.022026431718061675
94 0.9247730220492866 0.420704845814978 0.04496325118893212 0.022026431718061675
76 0.9102896670990056 0.1299559471365639 0.01340250756593169 0.2599118942731278
195 0.9111543450064851 0.6409691629955948 0.015131863380890618 0.2511013215859031
59 0.9325551232166017 0.16740088105726875 0.01729355814958928 0.3348017621145375
154 0.9327712926934716 0.6872246696035242 0.016861219195849545 0.15859030837004406
123 0.9651967142239516 0.41189427312775334 0.021184608733246863 0.18061674008810574
195 0.991785559878945 0.37885462555066085 0.014699524427150886 0.24669603524229078
