20 0.016018306636155607 0.49019607843137253 0.032036613272311214 0.9019607843137255
207 0.07437070938215103 0.5392156862745098 0.06178489702517163 0.5294117647058824
155 0.18421052631578946 0.46078431372549017 0.07093821510297482 0.6078431372549019
101 0.2906178489702517 0.4117647058823529 0.054919908466819226 0.7843137254901961
145 0.3501144164759725 0.7156862745098039 0.013729977116704806 0.45098039215686275
20 0.3878718535469108 0.4803921568627451 0.029748283752860413 0.8823529411764706
209 0.4462242562929062 0.6176470588235294 0.054919908466819226 0.6862745098039216
39 0.5068649885583524 0.4803921568627451 0.029748283752860413 0.9215686274509803
72 0.5480549199084668 0.7647058823529411 0.020594965675057208 0.27450980392156865
209 0.6292906178489702 0.5980392156862745 0.05034324942791762 0.6862745098039216
39 0.6887871853546911 0.47058823529411764 0.032036613272311214 0.9411764705882353
108 0.7837528604118993 0.4411764705882353 0.08009153318077804 0.6862745098039216
12 0.914187643020595 0.39215686274509803 0.08466819221967964 0.7843137254901961
64 0.9794050343249427 0.7549019607843137 0.032036613272311214 0.3333333333333333
