201 0.050104384133611686 0.611764705882353 0.10020876826722337 0.6588235294117647
20 0.1430062630480167 0.48823529411764705 0.039665970772442584 0.9764705882352941
161 0.21607515657620038 0.611764705882353 0.07306889352818371 0.6352941176470588
145 0.2860125260960334 0.6411764705882352 0.04175365344467641 0.4588235294117647
39 0.3590814196242171 0.4823529411764706 0.04175365344467641 0.9647058823529412
84 0.5114822546972859 0.4764705882352941 0.11273486430062629 0.24705882352941178
20 0.6649269311064717 0.48823529411764705 0.039665970772442584 0.9764705882352941
211 0.7379958246346554 0.4176470588235294 0.07306889352818371 0.6705882352941176
72 0.8068893528183715 0.7647058823529411 0.018789144050104383 0.2823529411764706
211 0.9039665970772441 0.4117647058823529 0.07933194154488517 0.6823529411764706
39 0.9780793319415448 0.4823529411764706 0.03549060542797494 0.9647058823529412
