20 0.018722466960352426 0.24050632911392406 0.03744493392070485 0.4810126582278481
197 0.3656387665198238 0.5981012658227848 0.6475770925110133 0.23417721518987342
126 0.11674008810572688 0.2626582278481013 0.13215859030837004 0.22151898734177214
72 0.20814977973568283 0.3829113924050633 0.019823788546255508 0.13291139240506328
119 0.3491189427312776 0.3449367088607595 0.16519823788546256 0.056962025316455694
163 0.3612334801762115 0.9113924050632911 0.048458149779735685 0.1518987341772152
72 0.49339207048458156 0.38924050632911394 0.022026431718061675 0.14556962025316456
126 0.6145374449339207 0.2689873417721519 0.13215859030837004 0.22151898734177214
72 0.7081497797356829 0.39556962025316456 0.019823788546255508 0.14556962025316456
119 0.8513215859030838 0.3512658227848101 0.16079295154185025 0.056962025316455694
39 0.9757709251101323 0.25949367088607594 0.039647577092511016 0.4810126582278481
