84 0.022298456260720412 0.4076086956521739 0.044596912521440824 0.20652173913043478
128 0.09691252144082332 0.4184782608695652 0.04631217838765009 0.05434782608695652
150 0.1487993138936535 0.33152173913043476 0.030017152658662092 0.6413043478260869
37 0.19039451114922812 0.33695652173913043 0.02915951972555746 0.6521739130434783
115 0.2358490566037736 0.32608695652173914 0.015437392795883362 0.6086956521739131
141 0.2624356775300172 0.4293478260869565 0.030874785591766724 0.42391304347826086
95 0.29845626072041165 0.5217391304347826 0.03602058319039451 0.6086956521739131
75 0.35377358490566035 0.33695652173913043 0.03516295025728988 0.6304347826086957
80 0.387221269296741 0.43478260869565216 0.02830188679245283 0.43478260869565216
186 0.41723842195540306 0.3804347826086956 0.023156089193825044 0.5652173913043478
20 0.4528301886792453 0.4184782608695652 0.015437392795883362 0.8152173913043478
95 0.48070325900514577 0.5271739130434783 0.03173241852487135 0.5978260869565217
105 0.5055746140651801 0.6793478260869565 0.009433962264150943 0.3804347826086956
112 0.5235849056603773 0.7391304347826086 0.018010291595197254 0.4782608695652174
39 0.5424528301886793 0.42391304347826086 0.01457975986277873 0.8260869565217391
128 0.5913379073756432 0.4184782608695652 0.04373927958833619 0.05434782608695652
150 0.6423670668953688 0.33152173913043476 0.02915951972555746 0.6413043478260869
37 0.6861063464837049 0.34239130434782605 0.030874785591766724 0.6413043478260869
11 0.7311320754716981 0.34782608695652173 0.045454545454545456 0.6086956521739131
155 0.7915951972555746 0.41304347826086957 0.044596912521440824 0.5652173913043478
186 0.8383361921097771 0.40217391304347827 0.018010291595197254 0.5
150 0.8730703259005146 0.34239130434782605 0.02915951972555746 0.6413043478260869
37 0.9150943396226415 0.34782608695652173 0.030874785591766724 0.6304347826086957
153 0.9618353344768439 0.4184782608695652 0.038593481989708404 0.8369565217391304
186 0.9922813036020584 0.7282608695652174 0.012006861063464836 0.32608695652173914
