201 0.03485576923076923 0.6176470588235294 0.06971153846153846 0.6470588235294118
84 0.1622596153846154 0.4215686274509804 0.07932692307692309 0.29411764705882354
20 0.26322115384615385 0.46078431372549017 0.03605769230769231 0.9215686274509803
207 0.32211538461538464 0.5098039215686274 0.06730769230769232 0.5490196078431373
155 0.43509615384615385 0.43137254901960786 0.07692307692307693 0.6274509803921569
53 0.5504807692307693 0.5196078431372549 0.0625 0.5294117647058824
72 0.6009615384615385 0.7647058823529411 0.02403846153846154 0.27450980392156865
209 0.6850961538461539 0.6078431372549019 0.057692307692307696 0.7058823529411764
155 0.795673076923077 0.43137254901960786 0.07692307692307693 0.6274509803921569
57 0.9098557692307693 0.39215686274509803 0.06009615384615385 0.7843137254901961
39 0.9783653846153847 0.47058823529411764 0.03365384615384616 0.9411764705882353
