94 0.06923682140047208 0.4825870646766169 0.13847364280094415 0.029850746268656716
7 0.026357199055861525 0.15671641791044777 0.04956726986624705 0.3034825870646766
168 0.03107789142407553 0.8606965174129353 0.025963808025177025 0.21890547263681592
195 0.06136900078678206 0.6517412935323383 0.02045633359559402 0.21890547263681592
20 0.07041699449252557 0.20149253731343283 0.014948859166011016 0.40298507462686567
25 0.0955940204563336 0.654228855721393 0.03540519276160504 0.21393034825870647
168 0.09638080251770259 0.2064676616915423 0.025963808025177025 0.22388059701492538
39 0.12549173878835562 0.20149253731343283 0.014948859166011016 0.40298507462686567
84 0.18961447678992918 0.4825870646766169 0.042486231313926044 0.10945273631840796
94 0.3237608182533438 0.48756218905472637 0.16443745082612116 0.029850746268656716
168 0.2549173878835563 0.208955223880597 0.025177025963808025 0.21890547263681592
14 0.2828481510621558 0.7288557213930348 0.057435090479937057 0.3034825870646766
7 0.2938630999213218 0.1616915422885572 0.04956726986624705 0.3034825870646766
20 0.32769472856018883 0.7736318407960199 0.014948859166011016 0.40298507462686567
20 0.33792289535798586 0.2064676616915423 0.014948859166011016 0.40298507462686567
168 0.35365853658536583 0.7786069651741293 0.025963808025177025 0.22388059701492538
168 0.36349331235247834 0.208955223880597 0.025177025963808025 0.21890547263681592
39 0.38198269079464986 0.7736318407960199 0.014948859166011016 0.40298507462686567
39 0.39260424862313137 0.2064676616915423 0.014162077104642014 0.40298507462686567
168 0.43469708890637293 0.8656716417910447 0.025963808025177025 0.21890547263681592
94 0.503933910306845 0.4900497512437811 0.16443745082612116 0.03482587064676617
14 0.46302124311565696 0.16417910447761194 0.057435090479937057 0.29850746268656714
195 0.46459480723839497 0.6592039800995024 0.01966955153422502 0.21393034825870647
25 0.4988198269079465 0.6616915422885572 0.03619197482297404 0.208955223880597
20 0.508654602675059 0.208955223880597 0.014948859166011016 0.3980099502487562
168 0.5346184107002361 0.21393034825870647 0.025963808025177025 0.21890547263681592
155 0.5381589299763966 0.6940298507462687 0.02832415420928403 0.18407960199004975
39 0.5629425649095201 0.21144278606965175 0.014948859166011016 0.40298507462686567
145 0.569236821400472 0.6666666666666666 0.00865460267505901 0.208955223880597
84 0.6372934697088907 0.4925373134328358 0.042486231313926044 0.10945273631840796
25 0.7128245476003147 0.4527363184079602 0.05507474429583006 0.29850746268656714
20 0.7564909520062942 0.4950248756218905 0.014948859166011016 0.40298507462686567
168 0.7828481510621558 0.5024875621890548 0.026750590086546025 0.21890547263681592
39 0.8119590873328089 0.5 0.014162077104642014 0.40298507462686567
168 0.8469708890637293 0.8805970149253731 0.025963808025177025 0.21890547263681592
94 0.9162077104642015 0.5 0.16443745082612116 0.03482587064676617
14 0.8749016522423289 0.17412935323383083 0.05664830841856806 0.29850746268656714
195 0.8768686073957513 0.6716417910447761 0.01966955153422502 0.21890547263681592
25 0.9118804091266719 0.6766169154228856 0.03619197482297404 0.208955223880597
20 0.9205350118017309 0.22139303482587064 0.014162077104642014 0.40298507462686567
168 0.9468922108575925 0.2263681592039801 0.025963808025177025 0.22388059701492538
155 0.9508261211644374 0.7064676616915423 0.029110936270653028 0.1791044776119403
39 0.9752163650668765 0.22139303482587064 0.014948859166011016 0.40298507462686567
145 0.981904012588513 0.6791044776119403 0.00944138473642801 0.21393034825870647
