34 0.039886039886039885 0.5103092783505154 0.07977207977207977 0.7731958762886598
211 0.10398860398860399 0.7268041237113402 0.039886039886039885 0.38144329896907214
84 0.18945868945868946 0.4845360824742268 0.07692307692307693 0.20618556701030927
23 0.2742165242165242 0.4896907216494845 0.03561253561253561 0.979381443298969
212 0.32621082621082625 0.4793814432989691 0.042735042735042736 0.7525773195876289
108 0.4002849002849003 0.5154639175257731 0.05413105413105413 0.41237113402061853
47 0.504985754985755 0.422680412371134 0.08404558404558404 0.5979381443298969
211 0.5598290598290598 0.7164948453608248 0.039886039886039885 0.38144329896907214
71 0.6253561253561254 0.5154639175257731 0.014245014245014245 0.41237113402061853
212 0.7072649572649573 0.4742268041237113 0.044159544159544165 0.7422680412371134
145 0.7507122507122508 0.711340206185567 0.02849002849002849 0.3711340206185567
84 0.8383190883190884 0.4793814432989691 0.0754985754985755 0.1958762886597938
211 0.9259259259259259 0.4072164948453608 0.05128205128205129 0.6082474226804123
24 0.98005698005698 0.4896907216494845 0.03418803418803419 0.979381443298969
