50 0.06074766355140187 0.4788135593220339 0.12149532710280374 0.5
143 0.15794392523364487 0.8559322033898306 0.08037383177570094 0.2542372881355932
71 0.2906542056074766 0.5635593220338984 0.020560747663551402 0.3644067796610169
84 0.3719626168224299 0.5508474576271186 0.10093457943925234 0.1864406779661017
89 0.5476635514018692 0.5338983050847458 0.10467289719626169 0.6779661016949152
128 0.6439252336448599 0.21610169491525424 0.07289719626168224 0.0423728813559322
145 0.7261682242990655 0.17796610169491525 0.024299065420560748 0.3559322033898305
20 0.7953271028037383 0.559322033898305 0.03551401869158879 0.6779661016949152
143 0.8897196261682243 0.5635593220338984 0.11214953271028037 0.3644067796610169
39 0.9794392523364487 0.559322033898305 0.03364485981308411 0.6779661016949152
