64 0.03579952267303103 0.5 0.07159904534606205 0.49367088607594933
104 0.10978520286396182 0.5063291139240507 0.04773269689737471 0.0759493670886076
101 0.1957040572792363 0.37341772151898733 0.09069212410501194 0.7468354430379747
141 0.2947494033412888 0.5126582278481012 0.0739856801909308 0.49367088607594933
126 0.4200477326968974 0.5 0.1479713603818616 0.49367088607594933
141 0.5501193317422435 0.5189873417721519 0.0739856801909308 0.4810126582278481
186 0.626491646778043 0.43037974683544306 0.04534606205250597 0.6329113924050633
101 0.7064439140811456 0.3860759493670886 0.09069212410501194 0.7468354430379747
80 0.8007159904534606 0.5189873417721519 0.06921241050119332 0.4810126582278481
186 0.869928400954654 0.43670886075949367 0.04534606205250597 0.6455696202531646
209 0.9474940334128878 0.6265822784810127 0.09546539379474941 0.6962025316455696
