84 0.021645021645021644 0.5439814814814814 0.04329004329004329 0.08796296296296297
94 0.18311688311688312 0.5439814814814814 0.2519480519480519 0.023148148148148147
20 0.06623376623376623 0.2847222222222222 0.01645021645021645 0.33796296296296297
177 0.16103896103896104 0.24305555555555555 0.16796536796536796 0.4861111111111111
128 0.17532467532467533 0.2777777777777778 0.04415584415584416 0.018518518518518517
48 0.18354978354978355 0.7754629629629629 0.04329004329004329 0.2546296296296296
145 0.22857142857142856 0.24537037037037035 0.01904761904761905 0.25925925925925924
39 0.2545454545454545 0.2777777777777778 0.015584415584415584 0.34259259259259256
126 0.2826839826839827 0.17592592592592593 0.030303030303030304 0.10185185185185185
94 0.3696969696969697 0.5439814814814814 0.07272727272727272 0.023148148148148147
75 0.35064935064935066 0.7754629629629629 0.03116883116883117 0.27314814814814814
75 0.3658008658008658 0.24305555555555555 0.032034632034632034 0.27314814814814814
186 0.38831168831168833 0.8009259259259259 0.01818181818181818 0.21296296296296297
20 0.4393939393939394 0.5439814814814814 0.014718614718614718 0.33796296296296297
22 0.47575757575757577 0.9097222222222222 0.04242424242424243 0.16203703703703703
110 0.47445887445887447 0.5462962962962963 0.024242424242424242 0.42592592592592593
20 0.5186147186147186 0.5416666666666666 0.013852813852813853 0.34259259259259256
128 0.5688311688311688 0.5393518518518519 0.04329004329004329 0.023148148148148147
153 0.625974025974026 0.5416666666666666 0.0380952380952381 0.35185185185185186
186 0.6575757575757576 0.6666666666666666 0.011255411255411255 0.12962962962962962
39 0.6744588744588744 0.5393518518518519 0.015584415584415584 0.3472222222222222
80 0.7173160173160174 0.5509259259259259 0.025108225108225107 0.17592592592592593
11 0.7484848484848485 0.40509259259259256 0.02683982683982684 0.16203703703703703
128 0.787012987012987 0.43287037037037035 0.027705627705627706 0.013888888888888888
186 0.8173160173160173 0.4212962962962963 0.01038961038961039 0.12962962962962962
153 0.8445887445887446 0.42592592592592593 0.02683982683982684 0.2037037037037037
186 0.8679653679653679 0.46527777777777773 0.011255411255411255 0.09722222222222221
143 0.9164502164502164 0.5509259259259259 0.047619047619047616 0.17592592592592593
126 0.961038961038961 0.42592592592592593 0.03116883116883117 0.1111111111111111
211 0.9601731601731601 0.6435185185185185 0.024242424242424242 0.16666666666666666
39 0.9900432900432901 0.5347222222222222 0.01645021645021645 0.33796296296296297
