191 0.011904761904761904 0.48069498069498073 0.023809523809523808 0.16602316602316602
20 0.0636766334440753 0.48262548262548266 0.02547065337763012 0.9652509652509653
145 0.08970099667774085 0.4536679536679537 0.011074197120708748 0.23552123552123552
155 0.13067552602436322 0.4864864864864865 0.02990033222591362 0.2084942084942085
94 0.1924141749723145 0.48841698841698844 0.05592469545957918 0.02702702702702703
195 0.1774640088593577 0.6737451737451737 0.02159468438538206 0.24324324324324326
145 0.1926910299003322 0.23745173745173745 0.011074197120708748 0.23552123552123552
166 0.205703211517165 0.7471042471042472 0.024916943521594685 0.23552123552123552
20 0.25719822812846066 0.48841698841698844 0.024916943521594685 0.9691119691119692
204 0.2763012181616833 0.4922779922779923 0.0033222591362126247 0.3281853281853282
89 0.29928017718715394 0.48262548262548266 0.03156146179401993 0.31660231660231664
168 0.31423034330011074 0.6351351351351352 0.01273532668881506 0.11969111969111969
204 0.33084163898117386 0.4922779922779923 0.003875968992248062 0.3281853281853282
195 0.34662236987818384 0.3030888030888031 0.014396456256921373 0.17374517374517376
128 0.3859357696566999 0.49034749034749037 0.028792912513842746 0.02316602316602317
204 0.4213732004429679 0.4942084942084942 0.0033222591362126247 0.7876447876447876
94 0.4590254706533776 0.49613899613899615 0.047619047619047616 0.02702702702702703
89 0.4521040974529346 0.24131274131274133 0.03156146179401993 0.3204633204633205
168 0.4579180509413067 0.7200772200772201 0.018826135105204873 0.17374517374517376
188 0.47009966777408635 0.3687258687258687 0.015503875968992248 0.17374517374517376
204 0.49529346622369874 0.49613899613899615 0.003875968992248062 0.7837837837837838
195 0.512735326688815 0.09073359073359073 0.014396456256921373 0.17374517374517376
155 0.5526024363233666 0.4980694980694981 0.02990033222591362 0.2084942084942085
195 0.5941306755260244 0.46525096525096526 0.021040974529346623 0.24324324324324326
11 0.6254152823920266 0.4691119691119691 0.033776301218161685 0.23552123552123552
168 0.6467331118493909 0.6428571428571429 0.013289036544850499 0.11969111969111969
66 0.674141749723145 0.5 0.007198228128460687 0.0501930501930502
89 0.7079180509413068 0.4922779922779923 0.032668881506090805 0.3204633204633205
168 0.7225913621262459 0.6428571428571429 0.013289036544850499 0.11969111969111969
128 0.7613510520487264 0.5019305019305019 0.02768549280177187 0.02316602316602317
195 0.8028792912513842 0.4691119691119691 0.021040974529346623 0.24324324324324326
94 0.8488372093023255 0.5077220077220077 0.05647840531561461 0.02702702702702703
11 0.8391472868217054 0.22972972972972974 0.033776301218161685 0.23552123552123552
168 0.8474529346622369 0.7316602316602316 0.01937984496124031 0.17374517374517376
188 0.8643410852713178 0.3783783783783784 0.015503875968992248 0.1776061776061776
66 0.8989479512735327 0.5038610038610039 0.007198228128460687 0.0501930501930502
94 0.9440753045404208 0.5096525096525096 0.046511627906976744 0.02316602316602317
89 0.93687707641196 0.2528957528957529 0.031007751937984496 0.3204633204633205
168 0.9432447397563676 0.7335907335907336 0.018272425249169433 0.16988416988416988
188 0.9551495016611296 0.3803088803088803 0.015503875968992248 0.17374517374517376
39 0.9867109634551494 0.5077220077220077 0.024363233665559245 0.9691119691119692
