155 0.028154327424400417 0.562992125984252 0.056308654848800835 0.4330708661417323
6 0.12043795620437957 0.5 0.06360792492179354 0.5118110236220472
145 0.16475495307612095 0.8070866141732284 0.01251303441084463 0.33858267716535434
211 0.1986444212721585 0.8070866141732284 0.03023983315954119 0.3543307086614173
20 0.2361835245046924 0.562992125984252 0.01981230448383733 0.6377952755905512
204 0.264859228362878 0.562992125984252 0.006256517205422315 0.6692913385826772
89 0.308133472367049 0.547244094488189 0.059436913451511995 0.6535433070866141
204 0.3534932221063608 0.5669291338582677 0.006256517205422315 0.6614173228346456
195 0.3826903023983316 0.17716535433070865 0.027111574556830033 0.3543307086614173
168 0.42179353493222105 0.5708661417322834 0.03441084462982273 0.3543307086614173
128 0.4713242961418144 0.21653543307086615 0.04171011470281544 0.03937007874015748
195 0.5177267987486965 0.1732283464566929 0.026068821689259645 0.3464566929133858
155 0.5578727841501564 0.22440944881889763 0.03753910323253389 0.29133858267716534
195 0.5995828988529719 0.17716535433070865 0.027111574556830033 0.3543307086614173
83 0.629822732012513 0.22834645669291337 0.022940563086548488 0.25196850393700787
155 0.7022940563086548 0.5590551181102362 0.05735140771637122 0.4251968503937008
204 0.767466110531804 0.562992125984252 0.006256517205422315 0.6692913385826772
7 0.8149113660062566 0.4921259842519685 0.06777893639207508 0.48031496062992124
89 0.8753910323253389 0.5433070866141733 0.05735140771637122 0.6456692913385826
204 0.9202294056308655 0.5590551181102362 0.0072992700729927005 0.6614173228346456
93 0.9504692387904067 0.17716535433070865 0.03023983315954119 0.33858267716535434
39 0.9874869655891554 0.5590551181102362 0.02085505735140772 0.6456692913385826
