148 0.039473684210526314 0.1485148514851485 0.07894736842105263 0.0594059405940594
35 0.03827751196172249 0.5544554455445545 0.06937799043062201 0.594059405940594
84 0.14832535885167464 0.6386138613861386 0.0645933014354067 0.22772277227722773
6 0.2553827751196172 0.5544554455445545 0.06578947368421052 0.6138613861386139
30 0.32715311004784686 0.5544554455445545 0.06339712918660287 0.594059405940594
145 0.3791866028708134 0.20297029702970298 0.014354066985645932 0.40594059405940597
72 0.43720095693779903 0.8712871287128713 0.01555023923444976 0.21782178217821782
148 0.5478468899521531 0.1485148514851485 0.08373205741626794 0.0594059405940594
51 0.5514354066985646 0.5544554455445545 0.0645933014354067 0.594059405940594
84 0.659688995215311 0.6336633663366337 0.06339712918660287 0.21782178217821782
148 0.7625598086124402 0.1188118811881188 0.06578947368421052 0.0594059405940594
13 0.7649521531100478 0.5445544554455446 0.061004784688995214 0.6138613861386139
191 0.8576555023923444 0.6336633663366337 0.050239234449760764 0.4158415841584158
148 0.9587320574162679 0.13861386138613863 0.07775119617224881 0.0594059405940594
35 0.9575358851674641 0.5544554455445545 0.06818181818181818 0.594059405940594
