84 0.015002727768685215 0.5827338129496403 0.03000545553737043 0.15827338129496404
148 0.07937806873977087 0.34532374100719426 0.03218767048554282 0.04316546762589928
149 0.07937806873977087 0.6330935251798562 0.02564102564102564 0.4172661870503597
115 0.1017457719585379 0.7841726618705036 0.00818330605564648 0.33093525179856115
57 0.11456628477905073 0.7877697841726619 0.015275504637206764 0.3381294964028777
72 0.1276595744680851 0.9424460431654677 0.003273322422258592 0.08633093525179857
168 0.1388434260774686 0.8381294964028777 0.01254773595199127 0.22302158273381295
155 0.17675941080196397 0.5683453237410072 0.02945990180032733 0.38848920863309355
148 0.22367703218767046 0.20863309352517986 0.03818876159301691 0.04316546762589928
11 0.22258592471358427 0.5071942446043166 0.03273322422258592 0.4388489208633094
211 0.25231860338243317 0.7841726618705036 0.015821058374249863 0.3165467625899281
72 0.26677577741407527 0.9280575539568345 0.003273322422258592 0.08633093525179857
168 0.27823240589198034 0.8309352517985612 0.01200218221494817 0.22302158273381295
155 0.3156028368794326 0.5611510791366907 0.02891434806328423 0.38848920863309355
31 0.36224768139661756 0.4928057553956835 0.03600654664484451 0.45323741007194246
105 0.38788870703764317 0.7805755395683454 0.007637752318603382 0.30935251798561153
20 0.4048008728859792 0.5539568345323741 0.009819967266775777 0.5899280575539568
148 0.4293507910529187 0.32014388489208634 0.031642116748499725 0.05035971223021583
149 0.4290780141843971 0.6115107913669066 0.02564102564102564 0.4172661870503597
115 0.4517184942716857 0.762589928057554 0.00872885979268958 0.33093525179856115
57 0.46426623022367697 0.762589928057554 0.015275504637206764 0.33093525179856115
155 0.5046372067648663 0.5467625899280576 0.02945990180032733 0.38848920863309355
148 0.5518276050190943 0.18705035971223022 0.038734315330060005 0.04316546762589928
11 0.5507364975450081 0.48561151079136694 0.03327877795962902 0.4388489208633094
211 0.5807419530823785 0.762589928057554 0.015821058374249863 0.3165467625899281
39 0.5995635570103655 0.5431654676258993 0.010911074740861974 0.5827338129496403
20 0.6178396072013093 0.5431654676258993 0.010365521003818875 0.5827338129496403
148 0.6426623022367702 0.30935251798561153 0.03273322422258592 0.04316546762589928
149 0.6421167484997272 0.5971223021582734 0.026186579378068738 0.4172661870503597
115 0.6650300054555374 0.7553956834532375 0.00872885979268958 0.33093525179856115
105 0.6650300054555374 0.1906474820143885 0.007637752318603382 0.30935251798561153
57 0.6775777414075286 0.7517985611510791 0.015275504637206764 0.3381294964028777
72 0.6909438079650845 0.9064748201438849 0.003818876159301691 0.08633093525179857
168 0.7024004364429896 0.8057553956834533 0.01254773595199127 0.2302158273381295
155 0.740316421167485 0.5359712230215827 0.02945990180032733 0.381294964028777
148 0.787506819421713 0.1762589928057554 0.038734315330060005 0.05035971223021583
11 0.7866884888161483 0.4712230215827338 0.03273322422258592 0.4388489208633094
211 0.8161483906164757 0.7482014388489209 0.015275504637206764 0.3165467625899281
105 0.8131478450627386 0.1510791366906475 0.00818330605564648 0.302158273381295
72 0.8306055646481177 0.8992805755395684 0.003818876159301691 0.08633093525179857
168 0.8420621931260228 0.7949640287769785 0.01254773595199127 0.22302158273381295
39 0.8603382433169666 0.5287769784172662 0.009819967266775777 0.5827338129496403
128 0.8971631205673758 0.5179856115107914 0.027823240589198033 0.04316546762589928
11 0.9429896344789961 0.45683453237410077 0.03327877795962902 0.4388489208633094
211 0.9669939989088925 0.7374100719424461 0.015821058374249863 0.32374100719424465
72 0.9814511729405345 0.8848920863309353 0.003273322422258592 0.08633093525179857
168 0.992635024549918 0.7841726618705036 0.01254773595199127 0.2302158273381295
