20 0.015780730897009966 0.48170731707317077 0.03156146179401993 0.9634146341463415
128 0.09634551495016612 0.4878048780487805 0.08305647840531562 0.07317073170731708
145 0.19019933554817275 0.38414634146341464 0.03488372093023256 0.7195121951219512
39 0.25332225913621265 0.49390243902439024 0.03156146179401993 0.9634146341463415
104 0.3014950166112957 0.48170731707317077 0.03156146179401993 0.08536585365853659
64 0.356312292358804 0.5 0.054817275747508304 0.5121951219512195
141 0.4227574750830565 0.49390243902439024 0.06478405315614619 0.524390243902439
126 0.5199335548172758 0.49390243902439024 0.10631229235880399 0.524390243902439
149 0.6129568106312292 0.5792682926829269 0.07641196013289037 0.6707317073170732
141 0.6935215946843853 0.5 0.06478405315614619 0.5365853658536586
130 0.7691029900332226 0.5 0.06312292358803986 0.5121951219512195
80 0.8438538205980066 0.5060975609756098 0.059800664451827246 0.524390243902439
130 0.9136212624584718 0.5121951219512195 0.06312292358803986 0.5121951219512195
186 0.9792358803986712 0.4451219512195122 0.03488372093023256 0.6219512195121951
