31 0.031746031746031744 0.2254335260115607 0.06349206349206349 0.3236994219653179
20 0.09096459096459096 0.2630057803468208 0.028083028083028084 0.43352601156069365
210 0.12759462759462759 0.2745664739884393 0.040293040293040296 0.21387283236994217
190 0.14102564102564102 0.0838150289017341 0.03296703296703297 0.06358381502890173
72 0.16361416361416362 0.40173410404624277 0.014652014652014652 0.12138728323699421
205 0.2313797313797314 0.2745664739884393 0.05982905982905983 0.2254335260115607
39 0.278998778998779 0.26878612716763006 0.028083028083028084 0.43352601156069365
84 0.34798534798534797 0.2630057803468208 0.06349206349206349 0.10982658959537572
54 0.4188034188034188 0.8526011560693642 0.031746031746031744 0.15606936416184972
108 0.4621489621489622 0.8468208092485549 0.03296703296703297 0.1676300578034682
182 0.518925518925519 0.26878612716763006 0.07814407814407814 0.5375722543352601
52 0.5146520146520146 0.8121387283236994 0.045177045177045176 0.23699421965317918
130 0.5506715506715507 0.7485549132947976 0.019536019536019536 0.09826589595375722
155 0.5647130647130647 0.9248554913294798 0.02564102564102564 0.12716763005780346
128 0.5866910866910867 0.7196531791907514 0.02564102564102564 0.017341040462427744
145 0.6221001221001221 0.7254335260115606 0.015873015873015872 0.1445086705202312
153 0.7032967032967032 0.2745664739884393 0.05860805860805861 0.44508670520231214
54 0.7527472527472527 0.42485549132947975 0.028083028083028084 0.1445086705202312
20 0.7967032967032966 0.2630057803468208 0.028083028083028084 0.43352601156069365
205 0.847985347985348 0.2745664739884393 0.05982905982905983 0.2254335260115607
39 0.8956043956043956 0.26878612716763006 0.02564102564102564 0.43352601156069365
210 0.9432234432234432 0.2745664739884393 0.040293040293040296 0.21387283236994217
190 0.9548229548229549 0.0838150289017341 0.031746031746031744 0.06358381502890173
54 0.9829059829059829 0.1329479768786127 0.029304029304029304 0.13872832369942195
