20 0.01355206847360913 0.5217391304347826 0.02710413694721826 0.8913043478260869
50 0.08701854493580599 0.45108695652173914 0.09700427960057062 0.6195652173913043
72 0.15406562054208275 0.7934782608695652 0.014265335235378032 0.2608695652173913
50 0.24108416547788875 0.44565217391304346 0.09700427960057062 0.6304347826086957
155 0.3338088445078459 0.2717391304347826 0.059914407988587735 0.45652173913043476
39 0.39443651925820256 0.5217391304347826 0.02710413694721826 0.8913043478260869
174 0.5028530670470757 0.532608695652174 0.07845934379457918 0.3913043478260869
20 0.6112696148359487 0.532608695652174 0.02710413694721826 0.8913043478260869
35 0.6747503566333809 0.44565217391304346 0.07988587731811697 0.6304347826086957
175 0.7410841654778888 0.22826086956521738 0.03851640513552069 0.43478260869565216
72 0.7874465049928674 0.7934782608695652 0.014265335235378032 0.2608695652173913
35 0.8651925820256776 0.44565217391304346 0.08131241084165478 0.6304347826086957
93 0.9322396576319544 0.21195652173913043 0.03851640513552069 0.42391304347826086
39 0.9828815977175464 0.532608695652174 0.028530670470756064 0.8913043478260869
