35 0.05714285714285714 0.391025641025641 0.11428571428571428 0.7564102564102564
54 0.16095238095238096 0.75 0.05523809523809524 0.2948717948717949
104 0.2180952380952381 0.5192307692307692 0.04 0.08974358974358974
80 0.28285714285714286 0.5192307692307692 0.06285714285714286 0.5
161 0.36666666666666664 0.6282051282051282 0.07809523809523809 0.6923076923076923
196 0.4561904761904762 0.5448717948717948 0.07428571428571429 0.5
105 0.5257142857142857 0.3717948717948718 0.030476190476190476 0.7435897435897436
200 0.5923809523809523 0.5448717948717948 0.0838095238095238 0.47435897435897434
53 0.6828571428571428 0.5384615384615384 0.07047619047619047 0.48717948717948717
115 0.7457142857142857 0.3782051282051282 0.03238095238095238 0.7564102564102564
80 0.8066666666666666 0.5384615384615384 0.05904761904761905 0.48717948717948717
130 0.8895238095238095 0.532051282051282 0.0761904761904762 0.47435897435897434
186 0.9704761904761905 0.47435897435897434 0.05142857142857143 0.6153846153846154
