101 0.03495145631067961 0.4226190476190476 0.06990291262135923 0.6547619047619048
211 0.09999999999999999 0.20833333333333331 0.04854368932038835 0.41666666666666663
20 0.16019417475728154 0.5 0.033009708737864074 0.9047619047619047
46 0.23980582524271843 0.4226190476190476 0.09514563106796116 0.6785714285714285
48 0.33883495145631065 0.6607142857142857 0.06796116504854369 0.44047619047619047
117 0.41650485436893203 0.5178571428571428 0.033009708737864074 0.9166666666666666
7 0.5262135922330097 0.4345238095238095 0.1087378640776699 0.6309523809523809
164 0.6378640776699029 0.5178571428571428 0.036893203883495145 0.8928571428571428
39 0.6951456310679611 0.5178571428571428 0.03495145631067961 0.8928571428571428
84 0.8262135922330097 0.5297619047619048 0.09902912621359222 0.22619047619047616
211 0.9640776699029125 0.47023809523809523 0.06407766990291262 0.6309523809523809
