110 0.02698760029175784 0.5046948356807511 0.05397520058351568 0.8873239436619719
211 0.04339897884755653 0.8708920187793427 0.021152443471918306 0.2112676056338028
163 0.06892778993435449 0.10093896713615023 0.015317286652078774 0.13615023474178403
94 0.1812545587162655 0.5093896713615024 0.16411378555798686 0.03286384976525822
10 0.12654996353026987 0.1596244131455399 0.04886943836615609 0.3192488262910798
145 0.1487964989059081 0.3615023474178404 0.007293946024799417 0.1971830985915493
168 0.17979576951130563 0.7816901408450705 0.024070021881838075 0.2112676056338028
145 0.1725018234865062 0.3615023474178404 0.008023340627279359 0.1971830985915493
20 0.19948942377826404 0.2183098591549296 0.013858497447118891 0.38028169014084506
168 0.22392414296134208 0.22300469483568075 0.024799416484318017 0.2112676056338028
39 0.25054704595185995 0.2183098591549296 0.013858497447118891 0.38028169014084506
75 0.300145878920496 0.4647887323943662 0.03574033552151714 0.3098591549295775
168 0.3278628738147338 0.5164319248826291 0.024070021881838075 0.20657276995305165
121 0.3840262582056893 0.5140845070422535 0.037199124726477024 0.3145539906103286
6 0.4522246535375638 0.47417840375586856 0.04522246535375638 0.3004694835680751
93 0.4824945295404814 0.6549295774647887 0.021152443471918306 0.20187793427230047
158 0.4839533187454413 0.2934272300469484 0.010940919037199124 0.14553990610328638
20 0.5342815463165572 0.511737089201878 0.02990517870167761 0.9483568075117371
94 0.6280087527352297 0.5187793427230047 0.13712618526622902 0.03286384976525822
14 0.5889861415025529 0.20892018779342725 0.05324580598103574 0.2863849765258216
163 0.5831509846827133 0.8732394366197184 0.02261123267687819 0.1971830985915493
145 0.6105032822757112 0.6854460093896714 0.0087527352297593 0.1971830985915493
20 0.6309263311451495 0.24882629107981222 0.014587892049598834 0.38497652582159625
128 0.6415025528811087 0.7065727699530516 0.02990517870167761 0.023474178403755867
163 0.6575492341356675 0.24882629107981222 0.02261123267687819 0.1971830985915493
116 0.6728665207877462 0.6830985915492958 0.019693654266958426 0.2112676056338028
39 0.6845368344274253 0.24647887323943662 0.013858497447118891 0.38028169014084506
155 0.7410649161196208 0.5187793427230047 0.03938730853391685 0.25821596244131456
163 0.7932166301969366 0.5187793427230047 0.02261123267687819 0.20187793427230047
116 0.8194748358862145 0.2863849765258216 0.019693654266958426 0.20657276995305165
7 0.8592268417213713 0.47887323943661975 0.046681254558716266 0.29107981220657275
20 0.899708242159008 0.5187793427230047 0.013858497447118891 0.38028169014084506
163 0.9263311451495259 0.5211267605633803 0.023340627279358133 0.1971830985915493
39 0.9529540481400438 0.5211267605633803 0.013858497447118891 0.38497652582159625
39 0.9835886214442013 0.5164319248826291 0.02990517870167761 0.9483568075117371
