53 0.020833333333333332 0.5 0.041666666666666664 0.5072463768115942
190 0.020833333333333332 0.057971014492753624 0.029411764705882353 0.11594202898550725
145 0.061887254901960786 0.6594202898550725 0.01838235294117647 0.5072463768115942
84 0.14215686274509803 0.4565217391304348 0.058823529411764705 0.2753623188405797
53 0.2267156862745098 0.5 0.041666666666666664 0.5072463768115942
190 0.2261029411764706 0.057971014492753624 0.028186274509803922 0.11594202898550725
189 0.26715686274509803 0.6594202898550725 0.02696078431372549 0.5072463768115942
84 0.3480392156862745 0.4565217391304348 0.058823529411764705 0.2753623188405797
119 0.4613970588235294 0.6811594202898551 0.08946078431372549 0.11594202898550725
84 0.5753676470588235 0.4565217391304348 0.06004901960784314 0.2753623188405797
53 0.6605392156862745 0.5 0.041666666666666664 0.5072463768115942
190 0.6605392156862745 0.057971014492753624 0.029411764705882353 0.11594202898550725
195 0.7009803921568627 0.6594202898550725 0.02696078431372549 0.5072463768115942
113 0.7352941176470588 0.6521739130434783 0.029411764705882353 0.5217391304347826
155 0.7775735294117647 0.717391304347826 0.04044117647058824 0.5072463768115942
145 0.8186274509803921 0.6666666666666666 0.0196078431372549 0.4927536231884058
84 0.8970588235294118 0.47101449275362317 0.058823529411764705 0.2753623188405797
211 0.9785539215686274 0.391304347826087 0.03799019607843137 0.7536231884057971
