75 0.017226148409893994 0.4441860465116279 0.03445229681978799 0.2651162790697674
80 0.05123674911660777 0.48604651162790696 0.028268551236749116 0.1813953488372093
186 0.08083038869257951 0.4604651162790698 0.023851590106007067 0.24186046511627907
20 0.1347173144876325 0.4790697674418605 0.023851590106007067 0.8
95 0.16607773851590105 0.5302325581395348 0.03180212014134275 0.25116279069767444
105 0.19169611307420495 0.5953488372093023 0.0088339222614841 0.15813953488372093
112 0.21113074204946997 0.6186046511627907 0.0176678445229682 0.20465116279069767
155 0.26015901060070673 0.48372093023255813 0.046819787985865724 0.24186046511627907
94 0.3962014134275618 0.4813953488372093 0.20053003533568906 0.023255813953488372
150 0.31448763250883394 0.7162790697674418 0.030035335689045935 0.27906976744186046
150 0.35159010600706714 0.17906976744186046 0.028268551236749116 0.2744186046511628
210 0.3542402826855124 0.7674418604651163 0.028268551236749116 0.16744186046511628
105 0.37765017667844525 0.8674418604651163 0.007950530035335688 0.16279069767441862
195 0.38515901060070673 0.08139534883720931 0.021201413427561835 0.16279069767441862
150 0.41872791519434627 0.7186046511627907 0.030035335689045935 0.2744186046511628
153 0.43418727915194344 0.21627906976744185 0.03975265017667844 0.3488372093023256
210 0.45936395759717313 0.7651162790697674 0.028268551236749116 0.17209302325581394
148 0.4659893992932862 0.6209302325581395 0.030918727915194347 0.023255813953488372
112 0.48542402826855124 0.8906976744186046 0.018551236749116608 0.2
39 0.5167844522968198 0.47674418604651164 0.024734982332155476 0.7953488372093023
84 0.5746466431095406 0.48372093023255813 0.045053003533568906 0.08372093023255814
75 0.6311837455830389 0.4511627906976744 0.03445229681978799 0.2697674418604651
80 0.6651943462897526 0.49302325581395345 0.028268551236749116 0.18604651162790697
186 0.6947879858657243 0.4697674418604651 0.023851590106007067 0.24186046511627907
20 0.7318904593639576 0.4906976744186046 0.01678445229681979 0.3488372093023256
95 0.7610424028268551 0.5372093023255814 0.03268551236749116 0.2558139534883721
105 0.7871024734982333 0.6 0.0088339222614841 0.15813953488372093
112 0.8052120141342756 0.6232558139534884 0.018551236749116608 0.20465116279069767
39 0.8250883392226148 0.4883720930232558 0.015901060070671377 0.35348837209302325
80 0.8688162544169611 0.5023255813953489 0.027385159010600707 0.17674418604651163
11 0.9023851590106007 0.3581395348837209 0.029151943462897525 0.16744186046511628
128 0.9439045936395759 0.386046511627907 0.029151943462897525 0.018604651162790697
153 0.9854240282685512 0.3744186046511628 0.025618374558303885 0.20930232558139533
