196 0.026530612244897958 0.421875 0.053061224489795916 0.44791666666666663
130 0.08503401360544217 0.7916666666666666 0.03673469387755102 0.3333333333333333
155 0.14081632653061224 0.78125 0.050340136054421766 0.3958333333333333
145 0.19455782312925168 0.7291666666666666 0.016326530612244896 0.4375
84 0.2965986394557823 0.40625 0.07346938775510203 0.22916666666666666
59 0.4122448979591836 0.40625 0.06530612244897958 0.8125
186 0.4768707482993197 0.36979166666666663 0.02857142857142857 0.5520833333333333
20 0.5210884353741496 0.41666666666666663 0.024489795918367346 0.8333333333333333
145 0.573469387755102 0.328125 0.02857142857142857 0.6145833333333333
155 0.6741496598639455 0.4114583333333333 0.07210884353741497 0.5520833333333333
27 0.7931972789115646 0.328125 0.08163265306122448 0.65625
20 0.85578231292517 0.4270833333333333 0.024489795918367346 0.8333333333333333
186 0.9006802721088435 0.375 0.029931972789115645 0.5416666666666666
39 0.9401360544217686 0.41666666666666663 0.027210884353741496 0.8333333333333333
39 0.9843537414965986 0.4270833333333333 0.02585034013605442 0.8333333333333333
