11 0.04784688995215311 0.5172413793103449 0.09569377990430622 0.6896551724137931
108 0.173444976076555 0.5431034482758621 0.08373205741626794 0.603448275862069
113 0.2930622009569378 0.5 0.05980861244019139 0.6896551724137931
4 0.3576555023923445 0.5603448275862069 0.03110047846889952 0.8103448275862069
45 0.43899521531100477 0.5086206896551724 0.07894736842105263 0.6724137931034483
72 0.48684210526315785 0.8362068965517241 0.021531100478468897 0.22413793103448276
41 0.5837320574162679 0.5086206896551724 0.07655502392344497 0.7068965517241379
5 0.6471291866028708 0.5603448275862069 0.02631578947368421 0.8103448275862069
84 0.7488038277511961 0.5431034482758621 0.08612440191387559 0.25862068965517243
113 0.8672248803827751 0.49137931034482757 0.05502392344497607 0.7068965517241379
4 0.9210526315789473 0.25862068965517243 0.019138755980861243 0.48275862068965514
195 0.9545454545454545 0.21551724137931033 0.03349282296650718 0.39655172413793105
5 0.9880382775119617 0.24137931034482757 0.014354066985645932 0.48275862068965514
