54 0.029411764705882353 0.49367088607594933 0.058823529411764705 0.4810126582278481
20 0.09313725490196079 0.47468354430379744 0.032679738562091505 0.9493670886075949
22 0.18055555555555555 0.3860759493670886 0.12581699346405228 0.7215189873417721
72 0.2622549019607843 0.7784810126582279 0.01797385620915033 0.26582278481012656
95 0.34477124183006536 0.6012658227848101 0.06209150326797386 0.6962025316455696
39 0.3962418300653595 0.4873417721518987 0.03104575163398693 0.9493670886075949
84 0.4869281045751634 0.47468354430379744 0.08496732026143791 0.24050632911392406
54 0.5882352941176471 0.5063291139240507 0.058823529411764705 0.4810126582278481
20 0.6527777777777778 0.4873417721518987 0.03104575163398693 0.9493670886075949
22 0.7418300653594772 0.4050632911392405 0.12745098039215685 0.7088607594936709
72 0.8202614379084967 0.7911392405063291 0.0196078431372549 0.26582278481012656
95 0.9011437908496732 0.6329113924050633 0.06045751633986928 0.6835443037974683
158 0.9501633986928105 0.17088607594936708 0.01797385620915033 0.26582278481012656
39 0.9812091503267975 0.5 0.03104575163398693 0.9493670886075949
