201 0.02933832709113608 0.6569767441860465 0.05867665418227216 0.6395348837209303
71 0.10611735330836454 0.5523255813953488 0.009987515605493134 0.4069767441860465
28 0.18664169787765295 0.42441860465116277 0.066167290886392 0.686046511627907
191 0.28651685393258425 0.5232558139534884 0.04868913857677903 0.46511627906976744
6 0.38701622971285893 0.43023255813953487 0.06741573033707865 0.6976744186046512
56 0.4450686641697878 0.20930232558139533 0.02871410736579276 0.27906976744186046
127 0.5518102372034956 0.5290697674418604 0.09238451935081149 0.36046511627906974
28 0.6710362047440699 0.42441860465116277 0.066167290886392 0.686046511627907
78 0.7322097378277154 0.1686046511627907 0.04119850187265918 0.3372093023255814
191 0.8239700374531835 0.5232558139534884 0.049937578027465665 0.46511627906976744
6 0.9244694132334582 0.436046511627907 0.0686641697877653 0.7093023255813954
56 0.9831460674157303 0.20930232558139533 0.02871410736579276 0.27906976744186046
