84 0.011484474691620587 0.5052356020942409 0.022968949383241174 0.12041884816753927
110 0.05210548702679711 0.5026178010471205 0.031050616758826033 0.9738219895287958
75 0.08698426201616334 0.46073298429319376 0.019140791152700978 0.33507853403141363
105 0.10314759676733305 0.45287958115183247 0.00893236920459379 0.3298429319371728
200 0.1182475542322416 0.5052356020942409 0.01871544023819651 0.21465968586387435
50 0.14993619736282435 0.45287958115183247 0.028498511271799237 0.3193717277486911
75 0.18332624415142493 0.44240837696335084 0.02126754572522331 0.35078534031413616
204 0.20076563164610806 0.4973821989528796 0.002552105487026797 0.4397905759162304
204 0.20778392173543173 0.4973821989528796 0.002126754572522331 0.4397905759162304
45 0.2294768183751595 0.4502617801047121 0.024245002126754574 0.32460732984293195
163 0.2428753721820502 0.6858638743455497 0.009357720119098255 0.15706806282722513
204 0.2556358996171842 0.4947643979057592 0.002552105487026797 0.44502617801047123
204 0.2628668651637601 0.4973821989528796 0.002552105487026797 0.4397905759162304
128 0.2898766482347937 0.49214659685863876 0.021692896639727777 0.03141361256544503
110 0.3290089323692046 0.48952879581151837 0.031901318587834966 0.9790575916230367
75 0.3641003828158231 0.4502617801047121 0.01871544023819651 0.33507853403141363
105 0.3802637175669928 0.44240837696335084 0.008507018290089324 0.3298429319371728
200 0.39536367503190134 0.4947643979057592 0.018290089323692048 0.21465968586387435
50 0.42705231816248407 0.4476439790575916 0.028923862186303703 0.3193717277486911
75 0.4602296894938324 0.44240837696335084 0.020416843896214378 0.35078534031413616
204 0.47724372607401105 0.4947643979057592 0.002552105487026797 0.44502617801047123
204 0.484474691620587 0.4947643979057592 0.002552105487026797 0.44502617801047123
45 0.5061675882603148 0.4476439790575916 0.023819651212250107 0.3193717277486911
163 0.519140791152701 0.6832460732984293 0.00893236920459379 0.15183246073298431
195 0.5270097830710336 0.2329842931937173 0.011059123777116122 0.23560209424083772
204 0.5406210123351766 0.4947643979057592 0.002552105487026797 0.44502617801047123
204 0.5478519778817524 0.4973821989528796 0.002552105487026797 0.4397905759162304
155 0.5746490854955338 0.4947643979057592 0.022968949383241174 0.2879581151832461
110 0.613143343258188 0.49214659685863876 0.031050616758826033 0.9738219895287958
75 0.6480221182475543 0.4502617801047121 0.019140791152700978 0.33507853403141363
105 0.6639727775414718 0.44240837696335084 0.008507018290089324 0.3298429319371728
200 0.6788600595491281 0.4973821989528796 0.01871544023819651 0.2198952879581152
50 0.710761378136963 0.4502617801047121 0.02807316035729477 0.32460732984293195
75 0.7437260740110592 0.44240837696335084 0.020842194810718844 0.35078534031413616
204 0.7607401105912378 0.4973821989528796 0.0029774564015312634 0.4397905759162304
204 0.7677584006805614 0.4947643979057592 0.002552105487026797 0.44502617801047123
20 0.7803062526584432 0.4973821989528796 0.008081667375584857 0.4293193717277487
11 0.8011484474691621 0.45287958115183247 0.025946405784772437 0.3193717277486911
155 0.8385793279455551 0.4973821989528796 0.02339430029774564 0.28272251308900526
89 0.8732454274776691 0.4842931937172775 0.02467035304125904 0.42408376963350786
39 0.8934495959166312 0.4973821989528796 0.008081667375584857 0.4293193717277487
171 0.905146746065504 0.6910994764397906 0.006805614632071459 0.27225130890052357
20 0.9189706507868992 0.4973821989528796 0.008081667375584857 0.4293193717277487
6 0.9419396001701404 0.4554973821989529 0.025946405784772437 0.33507853403141363
163 0.9583156103785624 0.6910994764397906 0.009357720119098255 0.15706806282722513
195 0.9629944704381115 0.24345549738219896 0.011059123777116122 0.23560209424083772
39 0.9778817524457678 0.5026178010471205 0.008507018290089324 0.4293193717277487
204 0.9906422798809018 0.5026178010471205 0.002552105487026797 0.4397905759162304
204 0.9976605699702255 0.5052356020942409 0.0029774564015312634 0.44502617801047123
