84 0.023215821152192607 0.5048309178743962 0.046431642304385214 0.1111111111111111
94 0.12854686156491832 0.5096618357487922 0.040412725709372314 0.033816425120772944
168 0.12596732588134135 0.7898550724637681 0.02837489251934652 0.21739130434782608
195 0.12811693895098883 0.19082125603864733 0.03267411865864144 0.3043478260869565
20 0.17153912295786758 0.5072463768115941 0.01633705932932072 0.3961352657004831
25 0.2184006878761823 0.466183574879227 0.06018916595012898 0.2946859903381642
20 0.26698194325021496 0.5096618357487922 0.01633705932932072 0.3913043478260869
168 0.294926913155632 0.5144927536231884 0.029234737747205503 0.21739130434782608
39 0.32588134135855545 0.5120772946859903 0.017196904557179708 0.3961352657004831
128 0.38435081685296646 0.5096618357487922 0.04299226139294927 0.033816425120772944
25 0.4617368873602752 0.47342995169082125 0.06018916595012898 0.2995169082125604
39 0.5081685296646604 0.5120772946859903 0.017196904557179708 0.3961352657004831
155 0.5666380051590714 0.5169082125603864 0.046431642304385214 0.2608695652173913
94 0.709372312983663 0.5144927536231884 0.18056749785038692 0.033816425120772944
168 0.6341358555460017 0.24396135265700483 0.02837489251934652 0.21739130434782608
14 0.6638005159071367 0.7463768115942029 0.06362854686156492 0.2946859903381642
7 0.6766981943250215 0.19806763285024154 0.055030094582975066 0.2995169082125604
20 0.7132416165090284 0.78743961352657 0.018056749785038694 0.3961352657004831
20 0.7248495270851247 0.24637681159420288 0.017196904557179708 0.3961352657004831
168 0.741616509028375 0.7995169082125604 0.02837489251934652 0.21739130434782608
168 0.7536543422184007 0.24879227053140096 0.02837489251934652 0.21739130434782608
39 0.7725709372312984 0.7946859903381642 0.01633705932932072 0.3913043478260869
39 0.7841788478073947 0.24396135265700483 0.017196904557179708 0.3913043478260869
168 0.8310404127257094 0.7946859903381642 0.02837489251934652 0.21739130434782608
94 0.9075666380051591 0.5144927536231884 0.18142734307824593 0.033816425120772944
10 0.85597592433362 0.16183574879227053 0.05760963026655202 0.32367149758454106
7 0.8740326741186587 0.751207729468599 0.05588993981083405 0.2946859903381642
145 0.883061049011178 0.3647342995169082 0.012037833190025795 0.2077294685990338
20 0.914445399828031 0.2222222222222222 0.01633705932932072 0.3961352657004831
20 0.9230438521066209 0.7946859903381642 0.018056749785038694 0.3913043478260869
168 0.9428202923473775 0.2246376811594203 0.02837489251934652 0.21739130434782608
168 0.9501289767841788 0.7995169082125604 0.027515047291487533 0.21739130434782608
39 0.9742046431642305 0.21980676328502413 0.017196904557179708 0.3913043478260869
39 0.9819432502149613 0.7946859903381642 0.017196904557179708 0.3913043478260869
