201 0.006324666198172874 0.8787878787878789 0.012649332396345749 0.20202020202020204
159 0.027406886858749122 0.3434343434343435 0.03794799718903725 0.6666666666666667
108 0.024595924104005622 0.8131313131313131 0.016865776528460996 0.23232323232323235
12 0.045326774420238934 0.8030303030303031 0.017568517217146872 0.25252525252525254
201 0.07765284609978917 0.4444444444444445 0.020379479971890373 0.3434343434343435
20 0.09838369641602249 0.3585858585858586 0.009838369641602248 0.4747474747474748
45 0.12227687983134224 0.31818181818181823 0.025298664792691498 0.393939393939394
39 0.14371047083626143 0.36868686868686873 0.010541110330288124 0.4747474747474748
84 0.17287420941672524 0.33333333333333337 0.022487702037947997 0.16161616161616163
205 0.20765987350667603 0.8383838383838385 0.014757554462403373 0.16161616161616163
159 0.23014757554462403 0.3383838383838384 0.03865073787772312 0.6767676767676768
108 0.22557976106816585 0.8131313131313131 0.016865776528460996 0.23232323232323235
49 0.2515811665495432 0.797979797979798 0.022487702037947997 0.24242424242424243
101 0.27933942375263526 0.797979797979798 0.011946591707659873 0.24242424242424243
159 0.3018271257905833 0.3434343434343435 0.03865073787772312 0.6666666666666667
108 0.2972593113141251 0.8181818181818182 0.016865776528460996 0.22222222222222224
14 0.3186929023190443 0.8030303030303031 0.020379479971890373 0.25252525252525254
205 0.35664089950808153 0.38383838383838387 0.024595924104005622 0.26262626262626265
20 0.3787772312016866 0.3585858585858586 0.009838369641602248 0.4747474747474748
45 0.40302178496134927 0.3282828282828283 0.024595924104005622 0.393939393939394
155 0.43851018973998596 0.3434343434343435 0.022487702037947997 0.32323232323232326
205 0.4768095572733661 0.38383838383838387 0.024595924104005622 0.26262626262626265
128 0.5007027406886859 0.18181818181818182 0.013352073085031623 0.04040404040404041
145 0.5154602951510893 0.16666666666666669 0.004919184820801124 0.23232323232323235
101 0.533380182712579 0.32323232323232326 0.018271257905832748 0.4040404040404041
39 0.5530569219957836 0.37373737373737376 0.009838369641602248 0.48484848484848486
84 0.5822206605762473 0.3434343434343435 0.023190442726633873 0.16161616161616163
205 0.6163035839775123 0.8434343434343435 0.015460295151089248 0.15151515151515152
159 0.6387912860154603 0.3434343434343435 0.03794799718903725 0.6666666666666667
108 0.634926212227688 0.8232323232323233 0.016163035839775124 0.23232323232323235
49 0.6602248770203795 0.8030303030303031 0.02178496134926212 0.25252525252525254
205 0.696767392832045 0.3888888888888889 0.024595924104005622 0.27272727272727276
89 0.7178496134926212 0.36868686868686873 0.018973998594518624 0.5151515151515152
14 0.7350667603654252 0.4747474747474748 0.019676739283204497 0.24242424242424243
20 0.7561489810260014 0.36868686868686873 0.011243851018973999 0.4747474747474748
45 0.7803935347856641 0.3282828282828283 0.02600140548137737 0.393939393939394
39 0.8014757554462404 0.37373737373737376 0.010541110330288124 0.48484848484848486
84 0.8306394940267041 0.3434343434343435 0.022487702037947997 0.16161616161616163
156 0.8682361208713985 0.3585858585858586 0.023190442726633873 0.31313131313131315
89 0.8956430077301476 0.37373737373737376 0.018973998594518624 0.5050505050505051
14 0.9139142656359803 0.48484848484848486 0.018973998594518624 0.24242424242424243
20 0.9349964862965565 0.36363636363636365 0.010541110330288124 0.48484848484848486
45 0.9592410400562192 0.33333333333333337 0.025298664792691498 0.4040404040404041
39 0.9799718903724526 0.37373737373737376 0.010541110330288124 0.48484848484848486
163 0.9933239634574842 0.2070707070707071 0.010541110330288124 0.17171717171717174
