95 0.02886977886977887 0.6388888888888888 0.05773955773955774 0.46825396825396826
71 0.078009828009828 0.5793650793650793 0.013513513513513513 0.3492063492063492
3 0.14864864864864866 0.503968253968254 0.0687960687960688 0.4841269841269841
163 0.19963144963144963 0.861111111111111 0.025798525798525797 0.23015873015873015
167 0.3015970515970516 0.5634920634920635 0.08968058968058967 0.2222222222222222
34 0.4262899262899263 0.5595238095238095 0.07371007371007371 0.626984126984127
17 0.49385749385749383 0.8055555555555555 0.05405405405405405 0.3412698412698413
16 0.5454545454545454 0.8095238095238095 0.03931203931203931 0.3492063492063492
20 0.5964373464373465 0.5634920634920635 0.02334152334152334 0.6349206349206349
35 0.6547911547911548 0.496031746031746 0.07125307125307125 0.4841269841269841
195 0.7186732186732187 0.1746031746031746 0.03194103194103194 0.3492063492063492
155 0.7665847665847666 0.22619047619047616 0.044226044226044224 0.2936507936507936
126 0.8273955773955773 0.23015873015873015 0.05528255528255528 0.23809523809523808
155 0.8882063882063882 0.2222222222222222 0.044226044226044224 0.2857142857142857
130 0.937960687960688 0.23015873015873015 0.033169533169533166 0.23809523809523808
39 0.9852579852579852 0.5595238095238095 0.02457002457002457 0.6428571428571428
