201 0.047058823529411764 0.6265822784810127 0.09411764705882353 0.6962025316455696
20 0.1284313725490196 0.4810126582278481 0.03725490196078431 0.9620253164556962
186 0.18235294117647058 0.44936708860759494 0.043137254901960784 0.5949367088607594
39 0.22745098039215686 0.4810126582278481 0.0392156862745098 0.9620253164556962
72 0.27156862745098037 0.7784810126582279 0.025490196078431372 0.26582278481012656
211 0.3715686274509804 0.3924050632911392 0.07254901960784313 0.7594936708860759
121 0.5274509803921569 0.47468354430379744 0.10588235294117647 0.7468354430379747
186 0.6784313725490196 0.4430379746835443 0.043137254901960784 0.6075949367088608
121 0.8215686274509804 0.47468354430379744 0.10588235294117647 0.7468354430379747
145 0.9725490196078431 0.37341772151898733 0.047058823529411764 0.7468354430379747
