53 0.035842293906810034 0.4193548387096774 0.07168458781362007 0.3548387096774194
108 0.17293906810035842 0.41129032258064513 0.08422939068100359 0.4032258064516129
0 0.3154121863799283 0.34274193548387094 0.0967741935483871 0.4758064516129032
101 0.4014336917562724 0.6411290322580645 0.05017921146953405 0.3629032258064516
65 0.525089605734767 0.3870967741935484 0.08602150537634409 0.4193548387096774
13 0.6594982078853047 0.32661290322580644 0.0931899641577061 0.5080645161290323
163 0.7302867383512545 0.6975806451612903 0.03763440860215054 0.23387096774193547
211 0.7688172043010753 0.8588709677419355 0.035842293906810034 0.25
20 0.8324372759856631 0.41129032258064513 0.034050179211469536 0.6451612903225806
101 0.9032258064516129 0.32661290322580644 0.07168458781362007 0.5241935483870968
148 0.9014336917562724 0.016129032258064516 0.05017921146953405 0.03225806451612903
39 0.9793906810035842 0.41129032258064513 0.034050179211469536 0.6451612903225806
