12 0.05735930735930736 0.3924050632911392 0.11471861471861472 0.7341772151898734
20 0.16774891774891776 0.46835443037974683 0.045454545454545456 0.9367088607594937
76 0.24134199134199133 0.37974683544303794 0.07142857142857142 0.7594936708860759
39 0.329004329004329 0.47468354430379744 0.047619047619047616 0.9493670886075949
84 0.4512987012987013 0.47468354430379744 0.11038961038961038 0.24050632911392406
12 0.604978354978355 0.3924050632911392 0.11471861471861472 0.7341772151898734
109 0.7164502164502164 0.8227848101265822 0.08658008658008658 0.3037974683544304
20 0.816017316017316 0.4810126582278481 0.047619047619047616 0.9367088607594937
76 0.8874458874458875 0.37974683544303794 0.0735930735930736 0.7594936708860759
39 0.9718614718614719 0.47468354430379744 0.047619047619047616 0.9493670886075949
