50 0.020317460317460317 0.4671361502347418 0.040634920634920635 0.26760563380281693
205 0.05015873015873016 0.6314553990610329 0.022857142857142857 0.11737089201877934
84 0.09015873015873016 0.49765258215962443 0.03301587301587301 0.09389671361502347
23 0.1307936507936508 0.5 0.02412698412698413 0.9812206572769954
205 0.16285714285714287 0.5046948356807511 0.03111111111111111 0.18309859154929578
158 0.18888888888888888 0.38028169014084506 0.006984126984126984 0.10328638497652583
108 0.21682539682539684 0.5093896713615024 0.02349206349206349 0.19248826291079812
6 0.25746031746031744 0.4624413145539906 0.03365079365079365 0.2863849765258216
25 0.2920634920634921 0.363849765258216 0.022857142857142857 0.1643192488262911
71 0.32222222222222224 0.5093896713615024 0.006984126984126984 0.19248826291079812
112 0.34539682539682537 0.8826291079812206 0.013968253968253968 0.215962441314554
182 0.37333333333333335 0.5 0.040634920634920635 0.4460093896713615
84 0.37047619047619046 0.8661971830985916 0.02095238095238095 0.07042253521126761
25 0.3736507936507937 0.10093896713615023 0.02349206349206349 0.1643192488262911
145 0.3961904761904762 0.863849765258216 0.011428571428571429 0.16901408450704225
89 0.44285714285714284 0.5023474178403756 0.03365079365079365 0.3568075117370892
148 0.4784126984126984 0.22769953051643194 0.10476190476190476 0.023474178403755867
112 0.45904761904761904 0.6338028169014085 0.015238095238095238 0.215962441314554
20 0.48 0.5023474178403756 0.013968253968253968 0.3568075117370892
210 0.4990476190476191 0.511737089201878 0.021587301587301586 0.1784037558685446
39 0.5190476190476191 0.5070422535211268 0.014603174603174604 0.3568075117370892
205 0.5533333333333333 0.5046948356807511 0.03111111111111111 0.18309859154929578
112 0.5771428571428572 0.619718309859155 0.015238095238095238 0.215962441314554
158 0.5793650793650794 0.3755868544600939 0.006984126984126984 0.10328638497652583
84 0.6114285714285714 0.4906103286384977 0.03301587301587301 0.0892018779342723
145 0.6492063492063492 0.46009389671361506 0.013333333333333332 0.27230046948356806
89 0.692063492063492 0.4483568075117371 0.01904761904761905 0.27699530516431925
141 0.7123809523809523 0.49765258215962443 0.02412698412698413 0.18779342723004694
163 0.7374603174603175 0.5 0.017142857142857144 0.18309859154929578
53 0.7780952380952381 0.49765258215962443 0.022222222222222223 0.18779342723004694
115 0.7977777777777778 0.4483568075117371 0.010793650793650793 0.27699530516431925
115 0.8117460317460318 0.4483568075117371 0.010793650793650793 0.27699530516431925
210 0.8482539682539683 0.5046948356807511 0.021587301587301586 0.17370892018779344
108 0.8822222222222222 0.5023474178403756 0.02349206349206349 0.1971830985915493
34 0.9247619047619048 0.5 0.03492063492063492 0.35211267605633806
205 0.9577777777777777 0.6244131455399061 0.02349206349206349 0.11267605633802817
24 0.9863492063492063 0.49295774647887325 0.024761904761904763 0.9859154929577465
