54 0.037420382165605094 0.5294117647058824 0.07484076433121019 0.44705882352941173
84 0.16719745222929938 0.49411764705882355 0.08598726114649682 0.23529411764705882
128 0.30732484076433125 0.4823529411764706 0.07961783439490447 0.047058823529411764
53 0.39331210191082805 0.5176470588235293 0.06050955414012739 0.44705882352941173
158 0.44506369426751596 0.17058823529411765 0.02070063694267516 0.3411764705882353
145 0.4554140127388535 0.7470588235294118 0.028662420382165606 0.4588235294117647
54 0.5294585987261147 0.5176470588235293 0.07484076433121019 0.44705882352941173
195 0.5971337579617835 0.6529411764705882 0.04140127388535032 0.4588235294117647
54 0.6719745222929937 0.5176470588235293 0.0732484076433121 0.44705882352941173
189 0.7396496815286625 0.6529411764705882 0.04299363057324841 0.4588235294117647
72 0.7921974522292994 0.7647058823529411 0.014331210191082803 0.2823529411764706
54 0.909235668789809 0.5176470588235293 0.0732484076433121 0.44705882352941173
195 0.9769108280254778 0.6470588235294118 0.039808917197452234 0.44705882352941173
