0 0.042168674698795185 0.34736842105263155 0.08433734939759037 0.631578947368421
196 0.12424698795180723 0.4842105263157895 0.06174698795180723 0.39999999999999997
186 0.18072289156626506 0.4052631578947368 0.0391566265060241 0.5368421052631579
6 0.23795180722891568 0.6105263157894737 0.05421686746987952 0.4421052631578947
4 0.2876506024096386 0.6684210526315789 0.015060240963855422 0.6210526315789473
86 0.3260542168674699 0.7473684210526316 0.043674698795180725 0.39999999999999997
5 0.3621987951807229 0.6684210526315789 0.01355421686746988 0.6210526315789473
72 0.39683734939759036 0.8421052631578947 0.010542168674698796 0.16842105263157894
6 0.4412650602409639 0.6105263157894737 0.05421686746987952 0.4421052631578947
56 0.4954819277108434 0.5368421052631579 0.02710843373493976 0.16842105263157894
6 0.5948795180722892 0.3684210526315789 0.0783132530120482 0.631578947368421
4 0.6626506024096386 0.4473684210526316 0.01807228915662651 0.8736842105263157
86 0.7063253012048193 0.5631578947368421 0.057228915662650606 0.5789473684210527
72 0.7590361445783133 0.7 0.015060240963855422 0.2631578947368421
208 0.8245481927710844 0.4526315789473684 0.05271084337349398 0.7789473684210526
72 0.875 0.7 0.015060240963855422 0.24210526315789474
212 0.944277108433735 0.4421052631578947 0.05421686746987952 0.7789473684210526
5 0.9879518072289157 0.4421052631578947 0.01807228915662651 0.8842105263157894
