89 0.03802816901408451 0.47500000000000003 0.07605633802816902 0.9500000000000001
20 0.10774647887323945 0.47500000000000003 0.0323943661971831 0.9500000000000001
212 0.15281690140845072 0.46875 0.04366197183098592 0.9125000000000001
39 0.20140845070422536 0.48750000000000004 0.030985915492957747 0.9500000000000001
84 0.28098591549295776 0.47500000000000003 0.07464788732394366 0.25
89 0.3767605633802817 0.48125 0.07464788732394366 0.9625
168 0.4422535211267606 0.20625000000000002 0.028169014084507043 0.3125
20 0.4880281690140845 0.47500000000000003 0.0323943661971831 0.9500000000000001
212 0.5330985915492958 0.47500000000000003 0.04366197183098592 0.9
39 0.5802816901408451 0.5 0.030985915492957747 0.9500000000000001
155 0.6605633802816901 0.49375 0.07323943661971831 0.6625000000000001
141 0.745774647887324 0.51875 0.04929577464788733 0.48750000000000004
20 0.8070422535211268 0.48750000000000004 0.033802816901408454 0.9500000000000001
204 0.8387323943661972 0.5 0.007042253521126761 0.925
212 0.8767605633802817 0.49375 0.04366197183098592 0.9125000000000001
204 0.9197183098591549 0.5 0.008450704225352114 0.925
168 0.947887323943662 0.21875 0.028169014084507043 0.3125
39 0.9809859154929578 0.49375 0.0323943661971831 0.9375
