17 0.026582278481012658 0.545 0.053164556962025315 0.5700000000000001
84 0.10548523206751055 0.61 0.04388185654008439 0.2
148 0.2641350210970464 0.03 0.2210970464135021 0.06
15 0.16962025316455698 0.53 0.021940928270042195 0.58
130 0.20126582278481012 0.62 0.03459915611814346 0.4
186 0.23417721518987342 0.555 0.019409282700421943 0.51
117 0.2687763713080169 0.605 0.029535864978902954 0.75
201 0.31223628691983124 0.705 0.038818565400843885 0.55
164 0.3561181434599156 0.595 0.0270042194092827 0.75
72 0.3822784810126582 0.8250000000000001 0.010126582278481013 0.21
148 0.45907172995780593 0.02 0.09282700421940929 0.04
41 0.4329113924050633 0.52 0.03375527426160338 0.58
45 0.4810126582278481 0.52 0.04388185654008439 0.56
84 0.5531645569620254 0.585 0.04472573839662447 0.19
17 0.6337552742616034 0.51 0.05063291139240506 0.56
65 0.7071729957805908 0.59 0.04388185654008439 0.4
115 0.7624472573839662 0.49 0.016033755274261603 0.6
20 0.7848101265822784 0.58 0.01687763713080169 0.76
50 0.8244725738396624 0.51 0.052320675105485236 0.56
195 0.8708860759493671 0.79 0.021940928270042195 0.36
72 0.8970464135021097 0.805 0.010126582278481013 0.21
51 0.9417721518987342 0.505 0.04219409282700422 0.5700000000000001
195 0.9654008438818565 0.79 0.021940928270042195 0.36
39 0.990295358649789 0.5700000000000001 0.016033755274261603 0.76
