210 0.022236340533672173 0.5056818181818182 0.044472681067344345 0.42045454545454547
189 0.06543837357052097 0.75 0.03430749682337993 0.4545454545454546
54 0.07623888182973317 0.14772727272727273 0.0457433290978399 0.29545454545454547
189 0.12198221092757307 0.23295454545454547 0.02795425667090216 0.32954545454545453
84 0.22172808132147395 0.4715909090909091 0.0698856416772554 0.23863636363636365
12 0.33481575603557817 0.39204545454545453 0.07496823379923762 0.6931818181818182
189 0.39644218551461247 0.6363636363636364 0.03303684879288437 0.4545454545454546
20 0.4440914866581957 0.4715909090909091 0.024142312579415504 0.9431818181818182
210 0.4891994917407878 0.5 0.043202033036848796 0.4318181818181818
54 0.5432020330368488 0.14772727272727273 0.044472681067344345 0.29545454545454547
145 0.5336721728081322 0.7443181818181819 0.025412960609911057 0.4431818181818182
145 0.5889453621346887 0.2272727272727273 0.01905972045743329 0.3181818181818182
72 0.6321473951715375 0.7386363636363636 0.01397712833545108 0.2727272727272727
210 0.6912325285895807 0.5113636363636364 0.0457433290978399 0.4318181818181818
195 0.7337992376111817 0.7443181818181819 0.03176620076238882 0.4431818181818182
54 0.7439644218551461 0.1534090909090909 0.044472681067344345 0.3068181818181818
195 0.7897077509529861 0.23863636363636365 0.026683608640406607 0.3181818181818182
72 0.832274459974587 0.7443181818181819 0.012706480304955529 0.2840909090909091
210 0.8913595933926303 0.5056818181818182 0.044472681067344345 0.42045454545454547
189 0.934561626429479 0.7272727272727273 0.03430749682337993 0.4545454545454546
56 0.9402795425667091 0.1534090909090909 0.030495552731893267 0.2840909090909091
39 0.9853875476493011 0.4715909090909091 0.024142312579415504 0.9431818181818182
