10 0.012199563000728332 0.4088669950738916 0.024399126001456665 0.33497536945812806
145 0.023852876911871816 0.6182266009852216 0.0047341587764020395 0.21182266009852216
145 0.035506190823015295 0.6182266009852216 0.0047341587764020395 0.21182266009852216
20 0.04879825200291333 0.46798029556650245 0.007283321194464676 0.4039408866995074
168 0.06063364894391843 0.47044334975369456 0.012017479970866716 0.22167487684729065
39 0.07410779315367808 0.46798029556650245 0.006919155134741443 0.4039408866995074
84 0.10014566642388929 0.46551724137931033 0.019664967225054626 0.11330049261083744
6 0.13419519300801167 0.42610837438423643 0.022214129643117263 0.32019704433497537
145 0.14985433357611072 0.6157635467980296 0.0047341587764020395 0.20689655172413793
22 0.17316096139839768 0.4236453201970443 0.030954115076474876 0.3054187192118227
20 0.19537509104151493 0.46798029556650245 0.006919155134741443 0.4039408866995074
45 0.21504005826656958 0.4236453201970443 0.020757465404224327 0.3054187192118227
168 0.22578295702840495 0.6477832512315271 0.008011653313911144 0.15270935960591134
195 0.2327021121631464 0.22167487684729065 0.009468317552804079 0.21674876847290642
39 0.24581209031318282 0.4630541871921182 0.007283321194464676 0.4039408866995074
155 0.27057538237436274 0.4630541871921182 0.019664967225054626 0.2660098522167488
6 0.3028040786598689 0.4187192118226601 0.022214129643117263 0.31527093596059114
145 0.31828113619810633 0.6108374384236454 0.004369992716678806 0.20689655172413793
110 0.345047341587764 0.4605911330049261 0.02658412235979607 0.9211822660098522
3 0.3556081573197378 0.8423645320197044 0.01420247632920612 0.21674876847290642
168 0.36580480699198836 0.9359605911330049 0.006190823015294975 0.10837438423645321
20 0.37855061908230153 0.458128078817734 0.00764748725418791 0.4039408866995074
204 0.38838310269482884 0.45566502463054187 0.002549162418062637 0.4187192118226601
86 0.40203932993445013 0.5049261083743842 0.013838310269482885 0.30049261083743845
141 0.4249817916970139 0.45320197044334976 0.01238164603058995 0.16748768472906403
89 0.4504734158776402 0.43842364532019706 0.020393299344501094 0.4039408866995074
20 0.46813546977421705 0.45320197044334976 0.00764748725418791 0.4039408866995074
186 0.47997086671522216 0.43349753694581283 0.008011653313911144 0.2660098522167488
72 0.49599417334304446 0.5591133004926109 0.003641660597232338 0.09359605911330049
188 0.5151128914785142 0.4039408866995074 0.01420247632920612 0.31527093596059114
39 0.5300436999271668 0.45073891625615764 0.006919155134741443 0.39901477832512317
204 0.5406045156591406 0.45073891625615764 0.002549162418062637 0.4187192118226601
186 0.5508011653313911 0.43349753694581283 0.008375819373634378 0.2660098522167488
128 0.5660961398397669 0.23399014778325122 0.01420247632920612 0.024630541871921183
145 0.5823015294974508 0.20689655172413793 0.004369992716678806 0.20689655172413793
155 0.5963219227967954 0.23645320197044334 0.013474144209759651 0.18719211822660098
83 0.608885651857247 0.2413793103448276 0.008011653313911144 0.15763546798029557
155 0.6343772760378733 0.4482758620689655 0.019664967225054626 0.2660098522167488
204 0.6571376547705754 0.4458128078817734 0.002549162418062637 0.4187192118226601
7 0.6737072104879825 0.4064039408866995 0.023306627822286964 0.30049261083743845
89 0.6946467589220685 0.43596059113300495 0.02002913328477786 0.39901477832512317
204 0.7103058994901675 0.4482758620689655 0.002549162418062637 0.41379310344827586
189 0.7208667152221413 0.2044334975369458 0.009104151493080845 0.22167487684729065
155 0.7461762563729061 0.4458128078817734 0.019664967225054626 0.270935960591133
204 0.7693008011653314 0.4482758620689655 0.002549162418062637 0.41379310344827586
89 0.7845957756737073 0.43349753694581283 0.02002913328477786 0.4039408866995074
204 0.8002549162418063 0.4458128078817734 0.002549162418062637 0.4187192118226601
195 0.8104515659140569 0.20689655172413793 0.009832483612527313 0.21674876847290642
186 0.8242898761835398 0.4285714285714286 0.008375819373634378 0.2660098522167488
128 0.8397669337217771 0.2315270935960591 0.014566642388929352 0.029556650246305417
195 0.8557902403495995 0.20689655172413793 0.009468317552804079 0.21674876847290642
155 0.869810633648944 0.23399014778325122 0.013474144209759651 0.18226600985221675
195 0.8838310269482884 0.2019704433497537 0.009468317552804079 0.21674876847290642
83 0.8945739257101238 0.23645320197044334 0.008375819373634378 0.15763546798029557
39 0.9073197378004371 0.4458128078817734 0.006919155134741443 0.39901477832512317
186 0.9193372177713037 0.4310344827586207 0.008375819373634378 0.26108374384236455
75 0.9400946831755281 0.39655172413793105 0.017844136926438457 0.33004926108374383
186 0.9539329934450109 0.4236453201970443 0.008375819373634378 0.2660098522167488
75 0.9748725418790969 0.39655172413793105 0.017479970866715225 0.33004926108374383
188 0.9919883466860889 0.4014778325123153 0.014566642388929352 0.3103448275862069
