50 0.017495899398578457 0.41326530612244894 0.034991798797156914 0.5816326530612245
20 0.03717878622197922 0.7551020408163265 0.0065609622744669215 0.44897959183673464
195 0.04291962821213778 0.18367346938775508 0.013668671405139419 0.36734693877551017
211 0.04975396391470749 0.7091836734693877 0.01530891197375615 0.37755102040816324
72 0.06451612903225806 0.8928571428571428 0.004373974849644614 0.1530612244897959
205 0.08501913613996719 0.770408163265306 0.02022963367960634 0.25510204081632654
195 0.10333515582285402 0.8214285714285714 0.010934937124111536 0.2755102040816326
39 0.11563696008747949 0.7551020408163265 0.007107709130672498 0.44897959183673464
84 0.1437944231820667 0.4693877551020408 0.028430836522689993 0.2040816326530612
23 0.1765992345544013 0.4846938775510204 0.013121924548933843 0.9693877551020408
89 0.20120284308365227 0.4693877551020408 0.02952433023510115 0.7755102040816326
188 0.2167851284855112 0.6989795918367346 0.012575177692728267 0.37755102040816324
20 0.2359212684527064 0.4744897959183673 0.012575177692728267 0.7653061224489796
211 0.2539639147074904 0.39285714285714285 0.02022963367960634 0.6020408163265306
72 0.2711864406779661 0.7142857142857142 0.0065609622744669215 0.22448979591836732
205 0.30098414434117005 0.4948979591836734 0.026790595954073262 0.39795918367346933
195 0.3225806451612903 0.6887755102040816 0.014215418261344996 0.37755102040816324
39 0.33980317113176595 0.4693877551020408 0.012575177692728267 0.7755102040816326
155 0.3712411153635866 0.4591836734693877 0.028430836522689993 0.5306122448979591
116 0.4048660470202296 0.3877551020408163 0.02022963367960634 0.6122448979591836
20 0.42782941498086385 0.4693877551020408 0.012575177692728267 0.7755102040816326
211 0.4461454346637507 0.3877551020408163 0.019682886823400764 0.5918367346938775
72 0.4633679606342263 0.7142857142857142 0.007107709130672498 0.22448979591836732
128 0.5016402405686167 0.4591836734693877 0.027884089666484417 0.04081632653061224
168 0.5314379442318207 0.4693877551020408 0.014215418261344996 0.42857142857142855
105 0.5453799890650628 0.3724489795918367 0.01038819026790596 0.6020408163265306
130 0.5636960087479497 0.4693877551020408 0.022963367960634223 0.4081632653061224
188 0.5962274466921815 0.3877551020408163 0.01913613996719519 0.6122448979591836
72 0.6129032258064516 0.7091836734693877 0.0065609622744669215 0.21428571428571427
64 0.6366867140513942 0.47959183673469385 0.018042646254784033 0.4081632653061224
141 0.6582832148715144 0.4846938775510204 0.02077638053581192 0.4183673469387755
168 0.6798797156916347 0.4744897959183673 0.015855658829961726 0.39795918367346933
188 0.7094040459267359 0.39795918367346933 0.01913613996719519 0.6122448979591836
66 0.7345544013121924 0.39285714285714285 0.004920721705850191 0.09183673469387754
205 0.7624384909786769 0.4948979591836734 0.026790595954073262 0.39795918367346933
145 0.7837616183706944 0.6989795918367346 0.01038819026790596 0.3571428571428571
72 0.8037178786221979 0.7142857142857142 0.0065609622744669215 0.22448979591836732
64 0.8275013668671405 0.4846938775510204 0.018042646254784033 0.39795918367346933
141 0.8490978676872607 0.4897959183673469 0.02077638053581192 0.4081632653061224
168 0.870694368507381 0.47959183673469385 0.015855658829961726 0.3877551020408163
188 0.8996719518862766 0.39795918367346933 0.01913613996719519 0.6122448979591836
66 0.9253690541279387 0.39795918367346933 0.004920721705850191 0.1020408163265306
205 0.9537998906506288 0.49999999999999994 0.026790595954073262 0.4081632653061224
195 0.975396391470749 0.7040816326530611 0.014215418261344996 0.36734693877551017
39 0.9928922908693274 0.4897959183673469 0.01202843083652269 0.7755102040816326
