204 0.0012652889076339097 0.6877192982456141 0.0025305778152678194 0.17543859649122806
204 0.002319696330662168 0.9035087719298246 0.002108814846056516 0.17894736842105263
210 0.010965837199493884 0.6964912280701755 0.009278785322648671 0.08070175438596491
205 0.01602699283002952 0.9157894736842106 0.015183466891606916 0.08421052631578947
204 0.021931674398987768 0.6859649122807018 0.001687051876845213 0.17894736842105263
107 0.037326022775200335 0.39649122807017545 0.02741459299873471 0.3298245614035088
204 0.02867988190636862 0.9017543859649123 0.001687051876845213 0.17543859649122806
123 0.037326022775200335 0.6912280701754386 0.012231126107127795 0.0912280701754386
123 0.044495993251792494 0.9070175438596492 0.012231126107127795 0.08771929824561403
35 0.05714888232813159 0.6701754385964912 0.014761703922395612 0.12631578947368421
163 0.06010122311261071 0.9087719298245615 0.007169970476592155 0.08421052631578947
195 0.0710670603121046 0.9315789473684211 0.00801349641501476 0.08771929824561403
145 0.0710670603121046 0.7105263157894737 0.005482918599746942 0.08771929824561403
80 0.08878110501897933 0.4017543859649123 0.0130746520455504 0.1368421052631579
128 0.10797132011809363 0.2631578947368421 0.01433994095318431 0.014035087719298246
20 0.12505272037115142 0.24736842105263157 0.00801349641501476 0.2631578947368421
94 0.14571910586250528 0.2614035087719298 0.030788696752425137 0.017543859649122806
93 0.1381273724167018 0.1280701754385965 0.0130746520455504 0.12280701754385966
59 0.14571910586250528 0.3929824561403509 0.010544074230282582 0.16140350877192983
154 0.1539434837621257 0.15087719298245614 0.010965837199493884 0.08421052631578947
128 0.1720792914382117 0.2596491228070176 0.013496415014761703 0.014035087719298246
76 0.18937157317587516 0.2368421052631579 0.009278785322648671 0.1298245614035088
39 0.1997047659215521 0.24035087719298245 0.00801349641501476 0.2631578947368421
153 0.21868409953606072 0.25087719298245614 0.013918177983973008 0.15789473684210525
20 0.2319696330662168 0.24385964912280703 0.005061155630535639 0.15087719298245614
210 0.2410375369042598 0.24912280701754386 0.009700548291859973 0.08421052631578947
72 0.2509489666807254 0.28771929824561404 0.003374103753690426 0.04912280701754386
205 0.2688738928722058 0.25087719298245614 0.014761703922395612 0.08070175438596491
39 0.2811050189793336 0.24385964912280703 0.005482918599746942 0.15087719298245614
75 0.299029945170814 0.3491228070175439 0.015183466891606916 0.20701754385964913
210 0.3186419232391396 0.3824561403508772 0.0130746520455504 0.13333333333333333
75 0.3418388865457613 0.34385964912280703 0.01560522986081822 0.2105263157894737
205 0.3656684943061999 0.37894736842105264 0.020244622522142555 0.13333333333333333
122 0.3958245466048081 0.3719298245614035 0.022353437368199072 0.23859649122807017
94 0.447912273302404 0.3666666666666667 0.07001265288907633 0.017543859649122806
6 0.4280894137494728 0.1385964912280702 0.021931674398987768 0.2
163 0.43968789540278364 0.5736842105263158 0.011387600168705186 0.1298245614035088
35 0.45234078447912274 0.1385964912280702 0.022353437368199072 0.2
195 0.4536060733867566 0.47017543859649125 0.010544074230282582 0.12631578947368421
195 0.45402783635596794 0.6543859649122807 0.010544074230282582 0.12280701754385966
195 0.4730071699704766 0.06140350877192983 0.010544074230282582 0.12280701754385966
195 0.47342893293968785 0.2456140350877193 0.010544074230282582 0.12631578947368421
163 0.5004217629692113 0.8789473684210527 0.00801349641501476 0.08070175438596491
195 0.5113876001687052 0.9017543859649123 0.00801349641501476 0.0912280701754386
122 0.5293125263601856 0.8736842105263158 0.01433994095318431 0.1543859649122807
204 0.5299451708140025 0.6491228070175439 0.002108814846056516 0.17543859649122806
210 0.5396457191058625 0.6578947368421053 0.009700548291859973 0.08070175438596491
204 0.5453395191902151 0.8649122807017544 0.001687051876845213 0.17894736842105263
204 0.5510333192745677 0.6456140350877193 0.0012652889076339097 0.17543859649122806
205 0.5586250527203711 0.8754385964912281 0.01560522986081822 0.08070175438596491
107 0.5662167861661745 0.35789473684210527 0.028258118937157316 0.3298245614035088
123 0.5666385491353859 0.6543859649122807 0.012231126107127795 0.08771929824561403
204 0.5716997047659216 0.8631578947368421 0.002108814846056516 0.17543859649122806
35 0.5870940531421341 0.631578947368421 0.015183466891606916 0.12631578947368421
122 0.5877266975959511 0.8666666666666667 0.013918177983973008 0.1543859649122807
145 0.6012231126107127 0.6736842105263158 0.005482918599746942 0.0912280701754386
195 0.606495149725854 0.8473684210526315 0.010122311261071278 0.12280701754385966
163 0.6202024462252214 0.868421052631579 0.007169970476592155 0.08070175438596491
195 0.6309574019401096 0.8912280701754386 0.008435259384226065 0.0912280701754386
80 0.6461408688317165 0.3631578947368421 0.012652889076339097 0.1368421052631579
128 0.6644875579924082 0.22456140350877193 0.013918177983973008 0.014035087719298246
20 0.6807254323070434 0.21578947368421053 0.005061155630535639 0.15087719298245614
145 0.6923239139603543 0.19824561403508772 0.00801349641501476 0.12280701754385966
155 0.7108814846056516 0.21228070175438596 0.013918177983973008 0.10877192982456141
83 0.7288064107971319 0.21754385964912282 0.007591733445803458 0.0912280701754386
39 0.7370307886967524 0.21228070175438596 0.004639392661324336 0.15087719298245614
20 0.7488401518346689 0.2017543859649123 0.007169970476592155 0.2631578947368421
94 0.7690847743568114 0.2192982456140351 0.030788696752425137 0.017543859649122806
93 0.7612821594264023 0.08421052631578947 0.012652889076339097 0.11929824561403508
59 0.7686630113876002 0.3491228070175439 0.010544074230282582 0.15789473684210525
154 0.7770982707718262 0.10701754385964912 0.011387600168705186 0.08070175438596491
128 0.7952340784479123 0.21403508771929824 0.013918177983973008 0.014035087719298246
76 0.8125263601855757 0.1912280701754386 0.009700548291859973 0.1298245614035088
39 0.8230704344158583 0.19824561403508772 0.00801349641501476 0.2631578947368421
153 0.8420497680303669 0.20350877192982456 0.0130746520455504 0.1543859649122807
20 0.855335301560523 0.2 0.005061155630535639 0.1543859649122807
210 0.864403205398566 0.2017543859649123 0.008857022353437369 0.08070175438596491
72 0.8736819907212147 0.24210526315789474 0.003795866722901729 0.04912280701754386
205 0.8918177983973007 0.20526315789473684 0.014761703922395612 0.08070175438596491
39 0.9036271615352172 0.19824561403508772 0.005482918599746942 0.15087719298245614
75 0.9217629692113032 0.3 0.01560522986081822 0.20701754385964913
210 0.9424293547026571 0.3368421052631579 0.0130746520455504 0.13333333333333333
75 0.9649936735554618 0.3 0.015183466891606916 0.20701754385964913
205 0.989034162800506 0.3333333333333333 0.020244622522142555 0.13333333333333333
