143 0.05341880341880342 0.46835443037974683 0.10683760683760685 0.4810126582278481
53 0.14850427350427353 0.6835443037974683 0.061965811965811975 0.3291139240506329
145 0.21794871794871798 0.7974683544303798 0.03418803418803419 0.35443037974683544
104 0.2884615384615385 0.4620253164556962 0.047008547008547015 0.06329113924050633
105 0.34722222222222227 0.3481012658227848 0.03632478632478633 0.6962025316455696
130 0.41987179487179493 0.44936708860759494 0.08760683760683761 0.46835443037974683
200 0.5096153846153847 0.45569620253164556 0.08333333333333334 0.45569620253164556
53 0.5940170940170941 0.45569620253164556 0.0811965811965812 0.4810126582278481
163 0.6698717948717949 0.45569620253164556 0.057692307692307696 0.4810126582278481
105 0.7297008547008548 0.3481012658227848 0.03632478632478633 0.6962025316455696
53 0.8012820512820513 0.45569620253164556 0.0811965811965812 0.4810126582278481
130 0.8931623931623932 0.44936708860759494 0.08974358974358976 0.46835443037974683
186 0.9679487179487181 0.3670886075949367 0.05555555555555556 0.6582278481012658
