94 0.0165710643722116 0.4473684210526316 0.0331421287444232 0.023923444976076555
154 0.014340344168260038 0.7392344497607655 0.024856596558317397 0.1770334928229665
145 0.01561504142766093 0.1339712918660287 0.014659018483110261 0.2679425837320574
143 0.06978967495219884 0.4617224880382775 0.033779477374123644 0.18660287081339713
95 0.09783301465901847 0.6124401913875598 0.015933715742511154 0.16267942583732056
173 0.13448056086679414 0.4401913875598086 0.03441682600382409 0.08612440191387559
6 0.18419375398342894 0.41148325358851673 0.0331421287444232 0.27751196172248804
145 0.2141491395793499 0.5574162679425837 0.01147227533460803 0.16746411483253587
20 0.23709369024856597 0.44258373205741625 0.012746972594008922 0.3588516746411483
22 0.27182919056724025 0.4066985645933014 0.05035054174633524 0.2679425837320574
39 0.3052899936265137 0.4401913875598086 0.01147227533460803 0.36363636363636365
72 0.3186743148502231 0.5526315789473684 0.0076481835564053535 0.10047846889952153
48 0.35850860420650094 0.4019138755980861 0.03760356915232632 0.27751196172248804
141 0.3881453154875717 0.44258373205741625 0.025493945188017845 0.19617224880382775
115 0.4107711918419375 0.39952153110047844 0.013384321223709368 0.2727272727272727
95 0.4282982791586998 0.6052631578947368 0.014021669853409816 0.15789473684210525
20 0.45092415551306564 0.4401913875598086 0.012109623964308477 0.354066985645933
6 0.48119821542383684 0.39952153110047844 0.0331421287444232 0.2727272727272727
54 0.5063734862970044 0.5789473684210527 0.015933715742511154 0.11483253588516745
105 0.5044614404079031 0.30143540669856456 0.007010834926704908 0.16267942583732056
39 0.5226258763543659 0.43779904306220097 0.01147227533460803 0.3588516746411483
84 0.5583173996175907 0.43301435406698563 0.03441682600382409 0.09090909090909091
6 0.5984703632887189 0.8086124401913876 0.021669853409815167 0.17224880382775118
110 0.6159974506054812 0.43301435406698563 0.018483110261312937 0.4449760765550239
54 0.6195028680688336 0.8779904306220095 0.014021669853409816 0.08133971291866028
105 0.632887189292543 0.9306220095693779 0.005098789037603569 0.11961722488038277
143 0.662842574888464 0.45215311004784686 0.0331421287444232 0.18660287081339713
95 0.6902485659655831 0.6028708133971291 0.014021669853409816 0.16267942583732056
84 0.7259400892288081 0.43301435406698563 0.0331421287444232 0.09090909090909091
154 0.7680050987890376 0.4473684210526316 0.025493945188017845 0.18660287081339713
6 0.8008285532186106 0.8038277511961722 0.022307202039515615 0.17224880382775118
110 0.8154875717017208 0.4282296650717703 0.017208413001912046 0.4449760765550239
54 0.8218610579987252 0.8755980861244019 0.014659018483110261 0.08612440191387559
105 0.8355640535372849 0.9282296650717703 0.006373486297004461 0.12440191387559808
6 0.8712555768005098 0.3971291866028708 0.03186743148502231 0.27751196172248804
145 0.9008922880815806 0.5382775119617225 0.010834926704907584 0.16746411483253587
20 0.9238368387507967 0.4282296650717703 0.012109623964308477 0.3588516746411483
22 0.9588910133843211 0.38995215311004783 0.05035054174633524 0.2727272727272727
39 0.9926704907584448 0.4186602870813397 0.012109623964308477 0.3588516746411483
