18 0.030878859857482188 0.42857142857142855 0.061757719714964375 0.5714285714285714
84 0.11342042755344418 0.4897959183673469 0.06294536817102138 0.2040816326530612
23 0.1834916864608076 0.4948979591836734 0.02969121140142518 0.9693877551020408
205 0.23931116389548696 0.5153061224489796 0.05819477434679335 0.39795918367346933
195 0.2856294536817102 0.7040816326530611 0.02969121140142518 0.36734693877551017
84 0.3586698337292162 0.47959183673469385 0.061757719714964375 0.2040816326530612
64 0.4293349168646081 0.5051020408163265 0.036817102137767226 0.39795918367346933
195 0.4655581947743468 0.7040816326530611 0.030878859857482188 0.36734693877551017
72 0.5083135391923991 0.7142857142857142 0.014251781472684086 0.22448979591836732
119 0.5843230403800476 0.6581632653061223 0.07600950118764846 0.09183673469387754
72 0.6603325415676959 0.7244897959183673 0.014251781472684086 0.22448979591836732
205 0.7256532066508314 0.5051020408163265 0.05938242280285036 0.39795918367346933
130 0.7725653206650832 0.760204081632653 0.027315914489311165 0.25510204081632654
84 0.8396674584323041 0.47959183673469385 0.061757719714964375 0.2040816326530612
64 0.910332541567696 0.49999999999999994 0.036817102137767226 0.4081632653061224
130 0.9465558194774347 0.760204081632653 0.028503562945368172 0.25510204081632654
24 0.983372921615202 0.4846938775510204 0.028503562945368172 0.9693877551020408
