35 0.04769736842105263 0.5043859649122807 0.09539473684210525 0.5350877192982456
65 0.171875 0.5657894736842105 0.0805921052631579 0.48245614035087714
3 0.2911184210526316 0.513157894736842 0.09539473684210525 0.5350877192982456
195 0.37171052631578944 0.19298245614035087 0.042763157894736836 0.38596491228070173
20 0.43338815789473684 0.5921052631578947 0.03125 0.7105263157894737
207 0.5016447368421052 0.6052631578947368 0.08223684210526315 0.38596491228070173
72 0.5978618421052632 0.7850877192982456 0.018092105263157895 0.16666666666666666
204 0.6611842105263157 0.6008771929824561 0.009868421052631578 0.7280701754385964
207 0.7220394736842105 0.6184210526315789 0.08223684210526315 0.39473684210526316
204 0.7911184210526315 0.6140350877192982 0.009868421052631578 0.7368421052631579
176 0.8445723684210525 0.6184210526315789 0.05098684210526316 0.7280701754385964
93 0.9185855263157894 0.5394736842105263 0.06743421052631579 0.5350877192982456
39 0.9810855263157894 0.6184210526315789 0.03125 0.7105263157894737
