86 0.02254428341384863 0.6885245901639344 0.04508856682769726 0.5573770491803279
84 0.10789049919484701 0.4836065573770492 0.05152979066022544 0.24590163934426232
20 0.17632850241545894 0.5163934426229508 0.020933977455716585 0.7704918032786886
207 0.21658615136876005 0.5491803278688525 0.043478260869565216 0.4426229508196722
155 0.29307568438003223 0.4836065573770492 0.05152979066022544 0.5081967213114754
209 0.3679549114331723 0.6229508196721312 0.037037037037037035 0.5901639344262295
149 0.41223832528180354 0.2868852459016394 0.02576489533011272 0.3442622950819672
128 0.45169082125603865 0.20491803278688525 0.030595813204508857 0.04918032786885246
145 0.4855072463768116 0.18032786885245902 0.011272141706924315 0.36065573770491804
101 0.5257648953301127 0.43442622950819676 0.040257648953301126 0.639344262295082
145 0.5684380032206119 0.6803278688524591 0.00966183574879227 0.3770491803278689
20 0.5942028985507246 0.49180327868852464 0.02254428341384863 0.7540983606557378
209 0.6368760064412239 0.6147540983606558 0.037037037037037035 0.5737704918032788
149 0.679549114331723 0.27049180327868855 0.02576489533011272 0.3442622950819672
39 0.7181964573268921 0.49180327868852464 0.02254428341384863 0.7540983606557378
72 0.7479871175523349 0.7377049180327869 0.014492753623188406 0.22950819672131148
209 0.8051529790660226 0.5983606557377049 0.03864734299516908 0.5737704918032788
155 0.8800322061191627 0.45901639344262296 0.05314009661835749 0.49180327868852464
145 0.9508856682769726 0.43442622950819676 0.020933977455716585 0.639344262295082
39 0.9855072463768116 0.4836065573770492 0.02254428341384863 0.7704918032786886
