17 0.024570982839313575 0.4107142857142857 0.04914196567862715 0.6785714285714285
20 0.06318252730109204 0.5059523809523809 0.015600624024960999 0.9166666666666666
172 0.09009360374414976 0.5357142857142857 0.030421216848673948 0.45238095238095233
68 0.0967238689547582 0.09523809523809523 0.0187207488299532 0.19047619047619047
145 0.12285491419656787 0.7619047619047619 0.014820592823712949 0.42857142857142855
169 0.15132605304212168 0.6011904761904762 0.0093603744149766 0.6309523809523809
117 0.187207488299532 0.5119047619047619 0.0265210608424337 0.8809523809523809
201 0.22776911076443057 0.6369047619047619 0.0358814352574103 0.6547619047619048
164 0.2687207488299532 0.5119047619047619 0.02574102964118565 0.9047619047619047
39 0.2948517940717629 0.5059523809523809 0.014040561622464899 0.8928571428571428
84 0.3510140405616225 0.5178571428571428 0.0405616224648986 0.22619047619047616
17 0.4251170046801872 0.42857142857142855 0.0499219968798752 0.6666666666666666
20 0.46528861154446177 0.5119047619047619 0.014820592823712949 0.9047619047619047
172 0.4921996879875195 0.5535714285714285 0.031201248049921998 0.46428571428571425
68 0.49843993759750393 0.11309523809523808 0.0187207488299532 0.20238095238095238
195 0.5245709828393136 0.7619047619047619 0.01950078003120125 0.42857142857142855
169 0.5534321372854915 0.5952380952380952 0.00858034321372855 0.6190476190476191
117 0.5897035881435257 0.5 0.0265210608424337 0.8809523809523809
201 0.6283151326053042 0.6369047619047619 0.035101404056162244 0.6547619047619048
164 0.6680967238689548 0.5 0.02574102964118565 0.8809523809523809
39 0.6934477379095164 0.5059523809523809 0.014040561622464899 0.8928571428571428
84 0.750780031201248 0.5059523809523809 0.041341653666146644 0.22619047619047616
15 0.811622464898596 0.40476190476190477 0.01950078003120125 0.6904761904761905
130 0.84204368174727 0.5119047619047619 0.030421216848673948 0.47619047619047616
186 0.8709048361934477 0.4583333333333333 0.01638065522620905 0.5833333333333333
117 0.905616224648986 0.5059523809523809 0.0249609984399376 0.869047619047619
201 0.9453978159126365 0.6369047619047619 0.0358814352574103 0.6547619047619048
164 0.9855694227769111 0.5 0.02574102964118565 0.8809523809523809
