154 0.020613614573346116 0.5141509433962264 0.04122722914669223 0.40566037735849053
145 0.061361457334611694 0.7877358490566038 0.011505273250239693 0.38679245283018865
56 0.09204218600191755 0.820754716981132 0.023010546500479387 0.22641509433962265
71 0.13279002876318313 0.5141509433962264 0.010546500479386385 0.40566037735849053
14 0.21764141898370085 0.40566037735849053 0.09012464046021093 0.6037735849056604
20 0.2823585810162991 0.5094339622641509 0.018216682646212845 0.7547169811320754
148 0.32837967401725787 0.03773584905660377 0.062320230105465 0.05660377358490566
35 0.32837967401725787 0.4245283018867924 0.05656759348034515 0.5660377358490566
72 0.38398849472674973 0.7311320754716981 0.012464046021093 0.21698113207547168
101 0.4453499520613614 0.40566037735849053 0.037392138063279 0.6226415094339622
148 0.4439117929050815 0.03773584905660377 0.026845637583892617 0.03773584905660377
145 0.4832214765100671 0.7783018867924528 0.011505273250239693 0.38679245283018865
39 0.5167785234899328 0.5 0.01725790987535954 0.7547169811320754
167 0.6045062320230105 0.49056603773584906 0.06999041227229147 0.2641509433962264
14 0.7219558964525407 0.3962264150943396 0.09012464046021093 0.6037735849056604
20 0.786673058485139 0.5 0.018216682646212845 0.7547169811320754
148 0.832214765100671 0.02830188679245283 0.06327900287631831 0.05660377358490566
35 0.8317353787152444 0.4245283018867924 0.05465004793863854 0.5660377358490566
72 0.887823585810163 0.7216981132075472 0.011505273250239693 0.21698113207547168
101 0.9482262703739214 0.40094339622641506 0.03835091083413231 0.6132075471698113
148 0.9467881112176414 0.03773584905660377 0.02588686481303931 0.03773584905660377
39 0.9889741131351869 0.5 0.018216682646212845 0.7547169811320754
