110 0.013071895424836602 0.5301204819277108 0.026143790849673203 0.7550200803212851
94 0.40395787944807554 0.5200803212851405 0.7331154684095861 0.04417670682730923
204 0.04175744371822803 0.2771084337349397 0.0021786492374727667 0.3373493975903614
200 0.054466230936819175 0.2771084337349397 0.014524328249818447 0.17670682730923692
204 0.06899055918663761 0.2771084337349397 0.0021786492374727667 0.3373493975903614
195 0.07933914306463326 0.09437751004016064 0.00980392156862745 0.18072289156626503
7 0.09912854030501089 0.24096385542168672 0.023238925199709513 0.24899598393574296
196 0.11583151779230211 0.4277108433734939 0.010167029774872912 0.1325301204819277
50 0.13671023965141613 0.23895582329317266 0.024328249818445898 0.24497991967871482
66 0.16103848946986202 0.2710843373493976 0.004720406681190995 0.05220883534136546
200 0.1804647785039942 0.2730923694779116 0.014524328249818447 0.17670682730923692
155 0.2096949891067538 0.2710843373493976 0.01924473493100944 0.22088353413654616
204 0.23238925199709515 0.2710843373493976 0.0021786492374727667 0.34136546184738953
196 0.24618736383442266 0.2751004016064257 0.014524328249818447 0.18072289156626503
204 0.2588961510530138 0.2710843373493976 0.0021786492374727667 0.34136546184738953
195 0.2690631808278867 0.08835341365461846 0.00944081336238199 0.17670682730923692
7 0.28885257806826437 0.2369477911646586 0.02287581699346405 0.24899598393574296
200 0.30501089324618735 0.4156626506024096 0.010167029774872912 0.12449799196787148
50 0.32697893972403774 0.23493975903614456 0.024328249818445898 0.24497991967871482
66 0.35130718954248363 0.26706827309236947 0.004720406681190995 0.05220883534136546
204 0.3572984749455338 0.8212851405622489 0.0021786492374727667 0.34136546184738953
200 0.3705519244734931 0.2690763052208835 0.014887436456063908 0.17670682730923692
196 0.3710965867828613 0.825301204819277 0.014524328249818447 0.18072289156626503
206 0.39651416122004357 0.8112449799196786 0.017429193899782133 0.21686746987951805
155 0.3997821350762527 0.26706827309236947 0.0196078431372549 0.22088353413654616
200 0.4215686274509804 0.8192771084337349 0.014524328249818447 0.17670682730923692
20 0.42429193899782136 0.26706827309236947 0.006899055918663762 0.3253012048192771
196 0.43899782135076254 0.2710843373493976 0.014524328249818447 0.18072289156626503
204 0.4364560639070443 0.8192771084337349 0.0021786492374727667 0.3373493975903614
195 0.4466230936819172 0.6546184738955823 0.00944081336238199 0.17670682730923692
66 0.4591503267973856 0.26305220883534136 0.004720406681190995 0.05220883534136546
200 0.4783950617283951 0.2650602409638554 0.014887436456063908 0.17670682730923692
39 0.49455337690631807 0.2650602409638554 0.007262164124909223 0.3293172690763052
20 0.506717501815541 0.2650602409638554 0.006899055918663762 0.3293172690763052
7 0.5248729121278141 0.23092369477911645 0.02287581699346405 0.24497991967871482
196 0.5413943355119826 0.41365461847389556 0.010167029774872912 0.12048192771084336
50 0.5626361655773421 0.23092369477911645 0.024328249818445898 0.24497991967871482
66 0.5869644153957879 0.2610441767068273 0.004720406681190995 0.048192771084337345
200 0.6063907044299202 0.2650602409638554 0.014524328249818447 0.17670682730923692
155 0.635439360929557 0.2650602409638554 0.0196078431372549 0.21686746987951805
7 0.6666666666666666 0.22690763052208834 0.023238925199709513 0.24497991967871482
200 0.6826434277414669 0.4076305220883534 0.010167029774872912 0.12449799196787148
50 0.7049745824255628 0.22690763052208834 0.024328249818445898 0.24497991967871482
66 0.729121278140886 0.25903614457831325 0.004357298474945533 0.05220883534136546
196 0.7492737835875091 0.26305220883534136 0.014887436456063908 0.18072289156626503
39 0.7636165577342048 0.25903614457831325 0.007262164124909223 0.3253012048192771
75 0.7881263616557734 0.4698795180722891 0.017792302106027596 0.2650602409638554
204 0.8028322440087146 0.5100401606425702 0.0021786492374727667 0.3373493975903614
204 0.8088235294117647 0.5100401606425702 0.002541757443718228 0.3373493975903614
20 0.8193536673928831 0.5080321285140562 0.006899055918663762 0.3253012048192771
11 0.8369644153957879 0.4759036144578313 0.02178649237472767 0.24497991967871482
155 0.8687363834422658 0.5060240963855421 0.01924473493100944 0.21686746987951805
89 0.8979665940450254 0.4939759036144578 0.020334059549745823 0.3293172690763052
39 0.9152142338416848 0.504016064257028 0.006899055918663762 0.3253012048192771
171 0.925199709513435 0.6506024096385542 0.005809731299927378 0.20883534136546184
20 0.9370007262164125 0.502008032128514 0.006899055918663762 0.3293172690763052
3 0.9540668119099491 0.46787148594377503 0.020697167755991286 0.24497991967871482
163 0.9693173565722585 0.646586345381526 0.007625272331154684 0.12048192771084336
39 0.9814814814814815 0.49999999999999994 0.007262164124909223 0.3253012048192771
204 0.9920116194625999 0.502008032128514 0.0021786492374727667 0.3373493975903614
204 0.9981844589687727 0.502008032128514 0.0021786492374727667 0.3373493975903614
