196 0.016810344827586206 0.45670995670995673 0.03362068965517241 0.18614718614718614
105 0.04741379310344827 0.5844155844155844 0.01206896551724138 0.18181818181818182
20 0.04741379310344827 0.2683982683982684 0.010344827586206896 0.23376623376623376
113 0.07241379310344828 0.23376623376623376 0.02586206896551724 0.19047619047619047
39 0.09913793103448276 0.2683982683982684 0.010344827586206896 0.23376623376623376
20 0.1267241379310345 0.45454545454545453 0.017241379310344827 0.3463203463203463
186 0.15344827586206897 0.43722943722943725 0.01896551724137931 0.22510822510822512
39 0.1797413793103448 0.4523809523809524 0.016379310344827584 0.341991341991342
84 0.2422413793103448 0.45021645021645024 0.04655172413793103 0.09523809523809523
94 0.44525862068965516 0.45021645021645024 0.2939655172413793 0.025974025974025976
210 0.32112068965517243 0.777056277056277 0.03189655172413793 0.1774891774891775
113 0.3560344827586207 0.8939393939393939 0.02586206896551724 0.19480519480519481
130 0.35732758620689653 0.6233766233766234 0.023275862068965515 0.12987012987012986
207 0.38706896551724135 0.19264069264069264 0.041379310344827586 0.18614718614718614
128 0.39655172413793105 0.6190476190476191 0.034482758620689655 0.017316017316017316
113 0.4228448275862069 0.30952380952380953 0.025 0.19480519480519481
105 0.43103448275862066 0.5995670995670995 0.01206896551724138 0.1774891774891775
155 0.4586206896551724 0.6212121212121212 0.03103448275862069 0.16017316017316016
20 0.4581896551724138 0.18614718614718614 0.016379310344827584 0.3463203463203463
186 0.4862068965517241 0.16883116883116883 0.01896551724137931 0.22510822510822512
145 0.49310344827586206 0.5995670995670995 0.010344827586206896 0.1774891774891775
39 0.5107758620689655 0.18831168831168832 0.016379310344827584 0.341991341991342
20 0.5245689655172414 0.7748917748917749 0.016379310344827584 0.3463203463203463
186 0.5525862068965517 0.7575757575757576 0.01896551724137931 0.22510822510822512
39 0.5780172413793103 0.7748917748917749 0.016379310344827584 0.3463203463203463
84 0.6491379310344827 0.45021645021645024 0.04655172413793103 0.09523809523809523
94 0.8517241379310345 0.45021645021645024 0.29310344827586204 0.025974025974025976
101 0.7262931034482758 0.7294372294372294 0.03362068965517241 0.2813852813852814
113 0.7612068965517241 0.8961038961038961 0.02586206896551724 0.19047619047619047
130 0.7642241379310345 0.6277056277056277 0.023275862068965515 0.12987012987012986
89 0.8012931034482759 0.17532467532467533 0.04741379310344827 0.35064935064935066
128 0.8030172413793103 0.6190476190476191 0.03362068965517241 0.017316017316017316
113 0.8254310344827586 0.30952380952380953 0.025 0.19480519480519481
105 0.8370689655172414 0.5974025974025974 0.01206896551724138 0.18181818181818182
155 0.8655172413793103 0.6190476190476191 0.03103448275862069 0.15584415584415584
20 0.8607758620689655 0.18614718614718614 0.016379310344827584 0.3463203463203463
186 0.8887931034482759 0.17316017316017315 0.01896551724137931 0.22510822510822512
145 0.9012931034482758 0.5822510822510822 0.028448275862068967 0.22077922077922077
39 0.9133620689655172 0.18831168831168832 0.016379310344827584 0.341991341991342
20 0.930603448275862 0.7748917748917749 0.016379310344827584 0.3463203463203463
186 0.9581896551724138 0.7554112554112554 0.01810344827586207 0.22943722943722944
39 0.9840517241379311 0.7705627705627706 0.016379310344827584 0.3463203463203463
