83 0.0167853509664293 0.5116279069767442 0.0335707019328586 0.46511627906976744
84 0.0935910478128179 0.4825581395348837 0.054933875890132246 0.2441860465116279
20 0.16785350966429297 0.4883720930232558 0.02034587995930824 0.9534883720930233
163 0.20193285859613427 0.5116279069767442 0.0335707019328586 0.4418604651162791
128 0.2736520854526958 0.4825581395348837 0.050864699898270596 0.05813953488372093
145 0.3474059003051882 0.4069767441860465 0.027466937945066123 0.6511627906976745
39 0.3835198372329603 0.4883720930232558 0.018311291963377416 0.9534883720930233
20 0.41963377416073244 0.47674418604651164 0.019328585961342827 0.9534883720930233
54 0.4613428280773143 0.5232558139534884 0.04781281790437436 0.4418604651162791
195 0.5040691759918616 0.6453488372093024 0.025432349949135298 0.45348837209302323
128 0.5768056968463886 0.4883720930232558 0.050864699898270596 0.046511627906976744
145 0.6500508646998983 0.4127906976744186 0.028484231943031534 0.6395348837209303
39 0.6861648016276704 0.4883720930232558 0.019328585961342827 0.9534883720930233
20 0.7222787385554426 0.5 0.02034587995930824 0.9534883720930233
54 0.7634791454730416 0.5232558139534884 0.04781281790437436 0.4418604651162791
189 0.8072227873855544 0.6511627906976745 0.027466937945066123 0.46511627906976744
128 0.8799593082400814 0.4883720930232558 0.050864699898270596 0.046511627906976744
145 0.9521871820956256 0.4127906976744186 0.028484231943031534 0.6395348837209303
39 0.9888097660223805 0.4883720930232558 0.018311291963377416 0.9534883720930233
