53 0.045990566037735846 0.5172413793103449 0.09198113207547169 0.4367816091954023
105 0.12617924528301885 0.7528735632183908 0.04009433962264151 0.4482758620689655
158 0.12264150943396226 0.1724137931034483 0.0330188679245283 0.3448275862068966
20 0.27004716981132076 0.48275862068965514 0.04481132075471698 0.9425287356321839
126 0.38325471698113206 0.4885057471264368 0.14858490566037735 0.4482758620689655
141 0.5141509433962264 0.4885057471264368 0.08962264150943396 0.47126436781609193
75 0.6226415094339622 0.40229885057471265 0.10377358490566037 0.6666666666666666
53 0.7983490566037735 0.5172413793103449 0.09198113207547169 0.4367816091954023
158 0.875 0.1724137931034483 0.0330188679245283 0.3448275862068966
145 0.8891509433962264 0.7413793103448276 0.04716981132075471 0.4482758620689655
39 0.9716981132075472 0.48275862068965514 0.04716981132075471 0.9425287356321839
