110 0.02681159420289855 0.4950248756218905 0.0536231884057971 0.9303482587064676
211 0.042753623188405795 0.8805970149253731 0.020289855072463767 0.21890547263681592
163 0.06884057971014493 0.07213930348258707 0.015942028985507246 0.14427860696517414
94 0.16702898550724637 0.4925373134328358 0.13405797101449277 0.029850746268656716
14 0.1286231884057971 0.17164179104477612 0.05289855072463768 0.3034825870646766
168 0.12028985507246377 0.8781094527363184 0.02318840579710145 0.22388059701492538
195 0.14855072463768115 0.6691542288557214 0.01884057971014493 0.22388059701492538
20 0.16992753623188406 0.21144278606965175 0.013768115942028985 0.40298507462686567
128 0.17898550724637682 0.6940298507462687 0.028985507246376812 0.02487562189054726
168 0.19456521739130436 0.21890547263681592 0.02391304347826087 0.21890547263681592
116 0.20905797101449275 0.6691542288557214 0.01956521739130435 0.22388059701492538
39 0.2210144927536232 0.21641791044776118 0.013043478260869566 0.40298507462686567
121 0.3050724637681159 0.4950248756218905 0.036231884057971016 0.3333333333333333
94 0.44528985507246377 0.5 0.1355072463768116 0.03482587064676617
14 0.40652173913043477 0.17661691542288557 0.052173913043478265 0.3034825870646766
163 0.4 0.8805970149253731 0.021739130434782608 0.208955223880597
145 0.4271739130434783 0.6766169154228856 0.007971014492753623 0.208955223880597
20 0.44818840579710145 0.22139303482587064 0.013768115942028985 0.40298507462686567
128 0.4579710144927536 0.7014925373134329 0.028985507246376812 0.029850746268656716
163 0.4742753623188406 0.22388059701492538 0.02246376811594203 0.208955223880597
116 0.488768115942029 0.6791044776119403 0.01956521739130435 0.22388059701492538
39 0.5003623188405797 0.22388059701492538 0.013768115942028985 0.4079601990049751
155 0.5565217391304348 0.5024875621890548 0.0391304347826087 0.26865671641791045
6 0.6206521739130435 0.4626865671641791 0.04420289855072464 0.31840796019900497
145 0.6507246376811594 0.6567164179104478 0.007246376811594203 0.208955223880597
6 0.6923913043478261 0.4626865671641791 0.04420289855072464 0.31840796019900497
189 0.7231884057971014 0.6592039800995024 0.017391304347826087 0.22388059701492538
163 0.7525362318840579 0.5074626865671642 0.02246376811594203 0.208955223880597
116 0.777536231884058 0.263681592039801 0.01884057971014493 0.21890547263681592
7 0.8170289855072463 0.4651741293532338 0.04565217391304348 0.3034825870646766
145 0.8568840579710145 0.26865671641791045 0.007971014492753623 0.208955223880597
155 0.8851449275362319 0.2960199004975124 0.02681159420289855 0.18407960199004975
96 0.9130434782608696 0.32587064676616917 0.017391304347826087 0.20398009950248755
20 0.938768115942029 0.5099502487562189 0.013768115942028985 0.40298507462686567
163 0.9652173913043478 0.5149253731343284 0.02318840579710145 0.21393034825870647
39 0.9916666666666667 0.5124378109452736 0.013768115942028985 0.4079601990049751
