94 0.052361396303901436 0.53125 0.10472279260780287 0.02840909090909091
154 0.043121149897330596 0.8835227272727273 0.08213552361396304 0.21022727272727273
145 0.048254620123203286 0.16193181818181818 0.04722792607802875 0.32386363636363635
143 0.22279260780287474 0.5511363636363636 0.10882956878850103 0.2159090909090909
95 0.3131416837782341 0.7357954545454546 0.04722792607802875 0.1875
173 0.43121149897330596 0.5255681818181819 0.11088295687885011 0.09659090909090909
6 0.5913757700205339 0.49147727272727276 0.10266940451745381 0.32386363636363635
145 0.6878850102669405 0.6676136363636364 0.03696098562628337 0.19886363636363638
20 0.7618069815195072 0.5369318181818182 0.03696098562628337 0.42613636363636365
22 0.8726899383983573 0.4943181818181818 0.16016427104722794 0.3181818181818182
39 0.9763860369609857 0.5369318181818182 0.039014373716632446 0.42613636363636365
