30 0.013631406761177755 0.4634703196347032 0.02726281352235551 0.2602739726027397
20 0.03844056706652127 0.5 0.010359869138495093 0.3424657534246575
22 0.06842966194111233 0.4634703196347032 0.04198473282442748 0.2602739726027397
72 0.09541984732824428 0.6095890410958904 0.0054525627044711015 0.0958904109589041
95 0.12295528898582335 0.545662100456621 0.020174482006543076 0.2511415525114155
39 0.1401308615049073 0.49543378995433784 0.009814612868047983 0.3424657534246575
84 0.17039258451472192 0.5 0.02889858233369684 0.0867579908675799
23 0.2058342420937841 0.4817351598173516 0.021264994547437296 0.9543378995433789
153 0.23336968375136316 0.4977168949771689 0.025081788440567066 0.3470319634703196
108 0.2641766630316249 0.502283105022831 0.019083969465648856 0.182648401826484
6 0.2993456924754635 0.4657534246575342 0.02726281352235551 0.2648401826484018
195 0.3249727371864777 0.365296803652968 0.013086150490730645 0.1552511415525114
20 0.34487459105779716 0.5 0.010359869138495093 0.3424657534246575
22 0.3732279171210469 0.4657534246575342 0.04089422028353326 0.2557077625570776
72 0.3999454743729553 0.6050228310502282 0.0059978189749182115 0.0958904109589041
35 0.4323882224645584 0.4634703196347032 0.02835332606324973 0.2602739726027397
39 0.4558342420937841 0.4931506849315068 0.009814612868047983 0.3378995433789954
204 0.47519083969465653 0.4908675799086758 0.0027262813522355507 0.3333333333333333
95 0.4989094874591058 0.545662100456621 0.019629225736095966 0.2511415525114155
105 0.5152671755725191 0.6050228310502282 0.0054525627044711015 0.1598173515981735
112 0.5264449291166848 0.6301369863013698 0.011450381679389313 0.2009132420091324
155 0.5556161395856053 0.49543378995433784 0.02835332606324973 0.2328767123287671
94 0.6436750272628136 0.49543378995433784 0.13031624863685934 0.0228310502283105
150 0.5899672846237732 0.7214611872146118 0.018538713195201745 0.273972602739726
150 0.6136859323882224 0.1917808219178082 0.019083969465648856 0.273972602739726
210 0.6147764449291168 0.7648401826484018 0.017993456924754635 0.1689497716894977
105 0.6297709923664122 0.865296803652968 0.0065430752453653224 0.1598173515981735
195 0.6349509269356598 0.0958904109589041 0.013631406761177755 0.1643835616438356
150 0.6556706652126499 0.7168949771689497 0.017993456924754635 0.273972602739726
153 0.6654852780806979 0.228310502283105 0.024536532170119956 0.3470319634703196
210 0.6810250817884406 0.7648401826484018 0.017448200654307525 0.1689497716894977
148 0.6848418756815704 0.6278538812785388 0.018538713195201745 0.0228310502283105
112 0.6976553980370774 0.8881278538812785 0.011450381679389313 0.2054794520547945
98 0.7311886586695747 0.5 0.02726281352235551 0.3059360730593607
211 0.7641766630316249 0.4611872146118721 0.020174482006543076 0.2648401826484018
72 0.7805343511450382 0.6050228310502282 0.0059978189749182115 0.0958904109589041
168 0.809432933478735 0.502283105022831 0.013631406761177755 0.1735159817351598
196 0.8301526717557253 0.504566210045662 0.022355507088331516 0.1780821917808219
22 0.8350599781897492 0.8127853881278538 0.02780806979280262 0.1643835616438356
149 0.8552344601962923 0.54337899543379 0.023446019629225736 0.2557077625570776
153 0.8936750272628136 0.4908675799086758 0.023991275899672846 0.3424657534246575
84 0.930752453653217 0.48630136986301364 0.02835332606324973 0.0867579908675799
211 0.9648309705561614 0.45662100456621 0.021264994547437296 0.2648401826484018
24 0.9885496183206107 0.47716894977168944 0.020719738276990186 0.9543378995433789
