204 0.00361881785283474 0.46534653465346537 0.00723763570566948 0.8316831683168316
7 0.059710494571773215 0.3811881188118812 0.07599517490952955 0.6039603960396039
200 0.11278648974668275 0.8267326732673267 0.032569360675512665 0.3069306930693069
20 0.16164053075995174 0.45544554455445546 0.024125452352231604 0.8118811881188119
208 0.2056694813027744 0.43564356435643564 0.047044632086851626 0.7722772277227723
70 0.28106151990349815 0.45544554455445546 0.04101326899879373 0.33663366336633666
89 0.36670687575392036 0.42574257425742573 0.06755126658624849 0.8118811881188119
39 0.4234016887816646 0.4504950495049505 0.024125452352231604 0.801980198019802
20 0.4644149577804583 0.4504950495049505 0.024125452352231604 0.801980198019802
207 0.514475271411339 0.45544554455445546 0.059107358262967424 0.43564356435643564
39 0.5687575392038601 0.4405940594059406 0.022919179734620022 0.801980198019802
204 0.6037394451145959 0.44554455445544555 0.008443908323281062 0.8316831683168316
84 0.6839565741857659 0.4306930693069307 0.06513872135102533 0.22772277227722773
204 0.7665862484921592 0.43564356435643564 0.008443908323281062 0.8316831683168316
7 0.8220747889022919 0.34653465346534656 0.07840772014475271 0.6138613861386139
200 0.8757539203860072 0.7920792079207921 0.033775633293124246 0.297029702970297
89 0.9414957780458383 0.40594059405940597 0.06634499396863691 0.8118811881188119
204 0.993968636911942 0.4306930693069307 0.00723763570566948 0.8415841584158416
