168 0.01292743953294412 0.6132075471698113 0.02585487906588824 0.3584905660377358
128 0.05170975813177648 0.3160377358490566 0.0316930775646372 0.04716981132075471
53 0.0884070058381985 0.33962264150943394 0.025020850708924104 0.24528301886792453
158 0.11134278565471226 0.10849056603773584 0.009174311926605505 0.1981132075471698
105 0.11259382819015847 0.5 0.011676396997497914 0.2641509433962264
148 0.15929941618015012 0.33962264150943394 0.0633861551292744 0.03773584905660377
196 0.14804003336113428 0.6132075471698113 0.03586321934945788 0.3584905660377358
105 0.17723102585487907 0.7216981132075472 0.014178482068390324 0.36792452830188677
20 0.2055879899916597 0.5849056603773585 0.0158465387823186 0.7735849056603773
208 0.2335279399499583 0.5943396226415094 0.030025020850708923 0.6981132075471698
168 0.26814011676397 0.6132075471698113 0.02585487906588824 0.3584905660377358
53 0.3002502085070892 0.330188679245283 0.025020850708924104 0.24528301886792453
195 0.3265221017514595 0.4811320754716981 0.01751459549624687 0.2641509433962264
158 0.3227689741451209 0.0990566037735849 0.008340283569641367 0.1981132075471698
72 0.35529608006672225 0.820754716981132 0.008340283569641367 0.22641509433962265
212 0.3932443703085905 0.5943396226415094 0.029190992493744787 0.6981132075471698
168 0.42743953294412007 0.6132075471698113 0.02585487906588824 0.3584905660377358
53 0.45913261050875726 0.33962264150943394 0.024186822351959965 0.24528301886792453
189 0.4854045037531276 0.4858490566037736 0.01834862385321101 0.27358490566037735
158 0.4812343619683069 0.10377358490566037 0.008340283569641367 0.20754716981132074
39 0.5154295246038365 0.5849056603773585 0.016680567139282735 0.7735849056603773
84 0.5763135946622185 0.580188679245283 0.045037531276063386 0.1981132075471698
196 0.6417848206839032 0.6132075471698113 0.03586321934945788 0.3584905660377358
105 0.670975813177648 0.7216981132075472 0.014178482068390324 0.36792452830188677
20 0.6993327773144287 0.5896226415094339 0.0158465387823186 0.7830188679245282
168 0.7276897414512093 0.6132075471698113 0.02585487906588824 0.3584905660377358
128 0.7656380316930775 0.3160377358490566 0.0316930775646372 0.02830188679245283
53 0.8027522935779816 0.33490566037735847 0.024186822351959965 0.25471698113207547
158 0.8256880733944953 0.0990566037735849 0.008340283569641367 0.1981132075471698
145 0.829858215179316 0.49528301886792453 0.013344453711426188 0.25471698113207547
72 0.8582151793160967 0.8113207547169811 0.008340283569641367 0.22641509433962265
208 0.8944954128440367 0.5943396226415094 0.029190992493744787 0.6981132075471698
72 0.9224353628023353 0.820754716981132 0.008340283569641367 0.22641509433962265
212 0.9603836530442035 0.5990566037735848 0.029190992493744787 0.7075471698113207
39 0.9904086738949124 0.5896226415094339 0.0158465387823186 0.7830188679245282
