64 0.03177966101694915 0.5256410256410257 0.0635593220338983 0.5128205128205128
104 0.09745762711864407 0.5256410256410257 0.0423728813559322 0.07692307692307693
101 0.17690677966101695 0.3782051282051282 0.0826271186440678 0.7564102564102564
141 0.2764830508474576 0.5256410256410257 0.07838983050847458 0.48717948717948717
126 0.4004237288135593 0.5256410256410257 0.13135593220338984 0.4615384615384615
141 0.5222457627118644 0.532051282051282 0.07838983050847458 0.5
186 0.6080508474576272 0.46794871794871795 0.059322033898305086 0.6282051282051282
101 0.690677966101695 0.3846153846153846 0.0847457627118644 0.7435897435897436
80 0.784957627118644 0.5384615384615384 0.06991525423728813 0.48717948717948717
186 0.8654661016949152 0.46794871794871795 0.057203389830508475 0.6282051282051282
209 0.951271186440678 0.6346153846153846 0.08898305084745763 0.6794871794871795
