12 0.05163511187607573 0.3953488372093023 0.10327022375215146 0.6976744186046512
72 0.12736660929432014 0.7558139534883721 0.017211703958691912 0.27906976744186046
14 0.23666092943201378 0.3895348837209302 0.11876075731497418 0.6627906976744186
108 0.39328743545611017 0.4825581395348837 0.07056798623063684 0.5697674418604651
6 0.5378657487091222 0.3895348837209302 0.09122203098106713 0.7093023255813954
4 0.6161790017211705 0.4825581395348837 0.020654044750430294 0.9651162790697674
86 0.6669535283993115 0.6104651162790697 0.06712564543889846 0.6395348837209303
72 0.7263339070567987 0.7558139534883721 0.017211703958691912 0.27906976744186046
208 0.8012048192771085 0.4883720930232558 0.060240963855421686 0.8604651162790697
72 0.8580034423407917 0.7558139534883721 0.0189328743545611 0.27906976744186046
212 0.9354561101549054 0.4941860465116279 0.060240963855421686 0.872093023255814
5 0.9862306368330465 0.4883720930232558 0.020654044750430294 0.9767441860465116
