35 0.06304347826086956 0.5695652173913044 0.12608695652173912 0.5130434782608696
71 0.2108695652173913 0.6478260869565218 0.026086956521739132 0.3739130434782609
84 0.3065217391304348 0.6347826086956522 0.11739130434782609 0.19130434782608696
148 0.4902173913043478 0.3565217391304348 0.12391304347826088 0.052173913043478265
201 0.4891304347826087 0.717391304347826 0.09565217391304348 0.5130434782608696
128 0.6076086956521739 0.3 0.08478260869565217 0.043478260869565216
145 0.7097826086956521 0.2217391304347826 0.07173913043478261 0.4434782608695652
20 0.783695652173913 0.6391304347826087 0.041304347826086954 0.6869565217391305
41 0.8782608695652174 0.5652173913043478 0.11304347826086956 0.5391304347826087
39 0.975 0.6304347826086957 0.041304347826086954 0.6869565217391305
