172 0.02349397590361446 0.5380434782608695 0.04698795180722892 0.40217391304347827
113 0.06566265060240964 0.19565217391304346 0.025301204819277112 0.3695652173913043
211 0.07289156626506024 0.7663043478260869 0.030120481927710847 0.3804347826086956
145 0.11807228915662651 0.75 0.01927710843373494 0.3695652173913043
187 0.1819277108433735 0.5217391304347826 0.03614457831325302 0.3913043478260869
115 0.2168674698795181 0.18478260869565216 0.012048192771084338 0.3695652173913043
145 0.22590361445783136 0.7554347826086957 0.020481927710843374 0.358695652173913
4 0.28072289156626506 0.4945652173913043 0.03132530120481928 0.7934782608695652
210 0.32289156626506027 0.5163043478260869 0.03614457831325302 0.40217391304347827
211 0.36807228915662654 0.7608695652173912 0.030120481927710847 0.3695652173913043
72 0.4072289156626506 0.75 0.012048192771084338 0.21739130434782608
119 0.4921686746987952 0.6793478260869565 0.07590361445783134 0.09782608695652173
72 0.5650602409638554 0.7554347826086957 0.012048192771084338 0.22826086956521738
210 0.6240963855421687 0.5217391304347826 0.03614457831325302 0.3913043478260869
126 0.6698795180722892 0.8260869565217391 0.04337349397590362 0.2608695652173913
155 0.727710843373494 0.8152173913043478 0.03855421686746988 0.32608695652173914
145 0.7861445783132531 0.7608695652173912 0.022891566265060243 0.3695652173913043
5 0.8283132530120483 0.5054347826086957 0.032530120481927716 0.7934782608695652
84 0.9078313253012049 0.5 0.06385542168674699 0.19565217391304346
210 0.9795180722891567 0.5217391304347826 0.03614457831325302 0.3913043478260869
