14 0.04219409282700422 0.43827160493827155 0.08438818565400844 0.654320987654321
211 0.10689170182841069 0.21604938271604937 0.03375527426160338 0.43209876543209874
20 0.1518987341772152 0.5185185185185185 0.02531645569620253 0.9135802469135802
28 0.20745428973277075 0.43209876543209874 0.06610407876230662 0.6666666666666666
48 0.27637130801687765 0.7592592592592592 0.04922644163150492 0.43209876543209874
145 0.26441631504922647 0.20987654320987653 0.02250351617440225 0.41975308641975306
117 0.3319268635724332 0.5123456790123456 0.02531645569620253 0.9259259259259258
7 0.41139240506329117 0.43209876543209874 0.07735583684950774 0.6666666666666666
164 0.49156118143459915 0.5061728395061729 0.023909985935302393 0.9135802469135802
147 0.580168776371308 0.5061728395061729 0.08860759493670886 0.7901234567901234
143 0.6751054852320675 0.537037037037037 0.06188466947960619 0.43209876543209874
48 0.7390998593530239 0.654320987654321 0.046413502109704644 0.4444444444444444
39 0.7883263009845288 0.5061728395061729 0.023909985935302393 0.9135802469135802
84 0.8790436005625879 0.5 0.06751054852320676 0.2345679012345679
211 0.9753867791842475 0.43209876543209874 0.04360056258790436 0.6419753086419753
