110 0.05357142857142857 0.5255813953488372 0.10714285714285714 0.8651162790697674
211 0.08779761904761904 0.8883720930232558 0.041666666666666664 0.20465116279069767
195 0.14136904761904762 0.10232558139534884 0.03869047619047619 0.20465116279069767
154 0.19345238095238093 0.1325581395348837 0.04464285714285714 0.14418604651162792
204 0.2663690476190476 0.5279069767441861 0.008928571428571428 0.386046511627907
86 0.32366071428571425 0.5697674418604651 0.05505952380952381 0.2837209302325581
70 0.415922619047619 0.5232558139534884 0.049107142857142856 0.15348837209302324
95 0.5186011904761905 0.5651162790697675 0.06994047619047619 0.2744186046511628
204 0.578125 0.5232558139534884 0.00744047619047619 0.386046511627907
75 0.6569940476190476 0.47674418604651164 0.06994047619047619 0.3116279069767442
188 0.728422619047619 0.4790697674418605 0.05803571428571428 0.29767441860465116
84 0.8482142857142857 0.5209302325581395 0.08035714285714285 0.10232558139534884
211 0.9672619047619047 0.4813953488372093 0.05952380952380952 0.2930232558139535
