20 0.012385919165580182 0.49411764705882355 0.024771838331160364 0.9647058823529412
208 0.05736636245110821 0.5058823529411764 0.0469361147327249 0.8705882352941177
158 0.09908735332464146 0.1764705882352941 0.018252933507170794 0.3529411764705882
72 0.1303780964797914 0.7764705882352941 0.01303780964797914 0.2823529411764706
212 0.19035202086049544 0.5058823529411764 0.0469361147327249 0.8705882352941177
158 0.23142112125162972 0.17058823529411765 0.01955671447196871 0.3411764705882353
39 0.26727509778357234 0.49411764705882355 0.02607561929595828 0.9647058823529412
127 0.3728813559322034 0.5 0.09647979139504563 0.36470588235294116
20 0.4810951760104302 0.49411764705882355 0.02607561929595828 0.9647058823529412
208 0.5260756192959583 0.5058823529411764 0.04563233376792699 0.8705882352941177
158 0.5684485006518905 0.1764705882352941 0.018252933507170794 0.32941176470588235
72 0.5990873533246415 0.7823529411764706 0.011734028683181226 0.29411764705882354
212 0.6597131681877444 0.5058823529411764 0.0469361147327249 0.8705882352941177
158 0.7014341590612777 0.1764705882352941 0.018252933507170794 0.3529411764705882
155 0.7770534550195567 0.48823529411764705 0.07040417209908735 0.6470588235294118
64 0.8611473272490221 0.5294117647058824 0.04302477183833116 0.44705882352941173
208 0.9080834419817471 0.5058823529411764 0.04563233376792699 0.8705882352941177
158 0.9491525423728814 0.1764705882352941 0.018252933507170794 0.3529411764705882
39 0.9850065189048239 0.49411764705882355 0.024771838331160364 0.9647058823529412
