20 0.017210144927536232 0.4873417721518987 0.034420289855072464 0.9493670886075949
75 0.0769927536231884 0.3987341772151899 0.06340579710144928 0.6962025316455696
128 0.19384057971014493 0.49367088607594933 0.08333333333333333 0.0759493670886076
195 0.3115942028985507 0.4113924050632911 0.05434782608695652 0.6455696202531646
39 0.3695652173913044 0.4873417721518987 0.03260869565217391 0.9746835443037974
72 0.41757246376811596 0.7594936708860759 0.016304347826086956 0.27848101265822783
20 0.5090579710144928 0.5 0.03260869565217391 0.9493670886075949
195 0.5661231884057971 0.4177215189873418 0.05615942028985507 0.6582278481012658
53 0.6268115942028986 0.740506329113924 0.04710144927536232 0.31645569620253167
39 0.6811594202898551 0.49367088607594933 0.03260869565217391 0.9620253164556962
72 0.7264492753623188 0.7658227848101266 0.018115942028985508 0.26582278481012656
20 0.8188405797101449 0.4873417721518987 0.03260869565217391 0.9493670886075949
195 0.8759057971014493 0.4113924050632911 0.05615942028985507 0.6455696202531646
57 0.9302536231884058 0.6582278481012658 0.034420289855072464 0.45569620253164556
39 0.980072463768116 0.4873417721518987 0.03260869565217391 0.9493670886075949
