0 0.022634939059779455 0.4090909090909091 0.04526987811955891 0.595959595959596
65 0.07080673244341265 0.5 0.03134068485200232 0.4141414141414142
20 0.10272780034822983 0.47979797979797983 0.012768427161926872 0.7575757575757577
20 0.11897852582704585 0.4696969696969697 0.012768427161926872 0.7575757575757577
48 0.1494486360998259 0.4191919191919192 0.030760301799187463 0.5757575757575758
158 0.17324434126523505 0.2070707070707071 0.006384213580963436 0.21212121212121213
65 0.2025536854323854 0.5050505050505051 0.03134068485200232 0.4040404040404041
7 0.24434126523505514 0.398989898989899 0.03482298316889147 0.5757575757575758
148 0.2513058618688334 0.030303030303030304 0.02089378990133488 0.04040404040404041
39 0.2748113755078352 0.47979797979797983 0.01334881021474173 0.7575757575757577
191 0.3076030179918746 0.4646464646464647 0.023215322112594312 0.4040404040404041
28 0.3496807893209518 0.393939393939394 0.03192106790481718 0.5858585858585859
158 0.3786999419616947 0.21717171717171718 0.006384213580963436 0.21212121212121213
39 0.3908879860708067 0.47979797979797983 0.01334881021474173 0.7575757575757577
84 0.4242600116076611 0.4646464646464647 0.030179918746372606 0.20202020202020204
23 0.4585026117237377 0.48484848484848486 0.013929193267556587 0.9494949494949496
20 0.4773650609402206 0.4696969696969697 0.01334881021474173 0.7575757575757577
210 0.4947765525246663 0.48484848484848486 0.019152640742890307 0.38383838383838387
72 0.5118978525827046 0.7020202020202021 0.006964596633778294 0.21212121212121213
212 0.5380150899593732 0.4696969696969697 0.017411491584445736 0.7373737373737375
39 0.557457922228671 0.47979797979797983 0.01334881021474173 0.7575757575757577
71 0.581834010446895 0.5050505050505051 0.00522344747533372 0.4040404040404041
53 0.6085316308763784 0.5 0.021474172954149738 0.393939393939394
112 0.6268136970400464 0.7474747474747475 0.012768427161926872 0.4646464646464647
20 0.6459663377829368 0.4747474747474748 0.012768427161926872 0.7676767676767677
210 0.6633778293673824 0.494949494949495 0.019733023795705164 0.38383838383838387
72 0.6802089378990134 0.7020202020202021 0.006964596633778294 0.21212121212121213
212 0.7060359837492746 0.4646464646464647 0.017991874637260593 0.7272727272727273
39 0.7257690075449796 0.47979797979797983 0.01334881021474173 0.7575757575757577
84 0.7588508415554266 0.4646464646464647 0.030760301799187463 0.20202020202020204
211 0.7948345908299478 0.393939393939394 0.021474172954149738 0.5858585858585859
89 0.8325594892629136 0.37373737373737376 0.016831108531630876 0.5858585858585859
141 0.8514219384793964 0.47979797979797983 0.0220545560069646 0.393939393939394
163 0.8743470690655832 0.47979797979797983 0.01567034242600116 0.393939393939394
53 0.9117817759721416 0.47979797979797983 0.02089378990133488 0.393939393939394
115 0.9294834590829948 0.37878787878787884 0.009866511897852582 0.595959595959596
115 0.9422518862449216 0.37373737373737376 0.009866511897852582 0.5858585858585859
112 0.9686593151479976 0.494949494949495 0.0220545560069646 0.7272727272727273
24 0.9921648287869994 0.47979797979797983 0.01334881021474173 0.9595959595959597
