204 0.0015350877192982456 0.5 0.0030701754385964912 0.7777777777777778
110 0.03223684210526316 0.5 0.032017543859649125 0.7164750957854406
101 0.06732456140350877 0.4578544061302682 0.017982456140350878 0.2567049808429119
66 0.09342105263157895 0.49425287356321834 0.005263157894736842 0.04597701149425287
50 0.12258771929824562 0.4616858237547892 0.029385964912280703 0.23371647509578544
75 0.15701754385964914 0.4540229885057471 0.021052631578947368 0.2567049808429119
204 0.17500000000000002 0.49425287356321834 0.002631578947368421 0.3218390804597701
204 0.18223684210526317 0.49425287356321834 0.0021929824561403508 0.3218390804597701
20 0.1949561403508772 0.49233716475095785 0.008333333333333333 0.3103448275862069
11 0.2162280701754386 0.4578544061302682 0.026315789473684213 0.23371647509578544
155 0.2548245614035088 0.48659003831417624 0.02368421052631579 0.20689655172413793
89 0.2905701754385965 0.4789272030651341 0.024122807017543862 0.31417624521072796
39 0.3111842105263158 0.4846743295019157 0.008333333333333333 0.3103448275862069
171 0.3236842105263158 0.6226053639846743 0.007017543859649123 0.1954022988505747
20 0.3375 0.4846743295019157 0.008333333333333333 0.3103448275862069
6 0.36096491228070177 0.4521072796934866 0.026315789473684213 0.24521072796934865
163 0.3782894736842105 0.6206896551724138 0.009210526315789475 0.11494252873563218
145 0.3828947368421053 0.29885057471264365 0.005263157894736842 0.16091954022988506
39 0.3989035087719298 0.4808429118773946 0.008333333333333333 0.3103448275862069
204 0.4111842105263158 0.48275862068965514 0.0021929824561403508 0.3218390804597701
204 0.41842105263157897 0.48275862068965514 0.002631578947368421 0.3218390804597701
204 0.43004385964912284 0.4789272030651341 0.0030701754385964912 0.7739463601532567
121 0.46096491228070174 0.4808429118773946 0.021929824561403508 0.2567049808429119
13 0.4982456140350877 0.44252873563218387 0.02280701754385965 0.24137931034482757
145 0.5171052631578947 0.5938697318007663 0.005263157894736842 0.16091954022988506
110 0.5493421052631579 0.4789272030651341 0.032017543859649125 0.7126436781609196
3 0.562061403508772 0.7720306513409961 0.017105263157894738 0.16475095785440613
163 0.574780701754386 0.8448275862068965 0.006578947368421053 0.08045977011494253
105 0.5947368421052631 0.871647509578544 0.0061403508771929825 0.16475095785440613
84 0.6096491228070176 0.89272030651341 0.015789473684210527 0.06130268199233716
17 0.6269736842105263 0.08237547892720307 0.018859649122807017 0.16475095785440613
182 0.6418859649122807 0.47126436781609193 0.04868421052631579 0.4521072796934866
145 0.6269736842105263 0.8697318007662834 0.004824561403508772 0.16091954022988506
72 0.6440789473684211 0.946360153256705 0.0030701754385964912 0.04597701149425287
72 0.6473684210526316 0.16091954022988506 0.002631578947368421 0.04597701149425287
112 0.6539473684210526 0.8908045977011494 0.011403508771929825 0.20306513409961685
16 0.6589912280701754 0.08237547892720307 0.013596491228070176 0.16475095785440613
84 0.6708333333333334 0.8888888888888888 0.0162280701754386 0.06130268199233716
145 0.6883771929824561 0.867816091954023 0.005701754385964913 0.15708812260536398
201 0.7138157894736842 0.5076628352490421 0.018859649122807017 0.23371647509578544
204 0.7315789473684211 0.4731800766283525 0.002631578947368421 0.318007662835249
89 0.75 0.4616858237547892 0.02456140350877193 0.3103448275862069
105 0.7620614035087719 0.5881226053639846 0.006578947368421053 0.16475095785440613
112 0.7717105263157895 0.60727969348659 0.010964912280701754 0.20306513409961685
204 0.7857456140350877 0.4693486590038314 0.0021929824561403508 0.318007662835249
195 0.7978070175438596 0.2796934865900383 0.011403508771929825 0.16858237547892718
204 0.8122807017543859 0.4674329501915709 0.002631578947368421 0.3218390804597701
196 0.8282894736842106 0.47126436781609193 0.017105263157894738 0.16858237547892718
206 0.8594298245614035 0.4578544061302682 0.0206140350877193 0.20306513409961685
200 0.8896929824561404 0.4636015325670498 0.017105263157894738 0.16858237547892718
204 0.9072368421052631 0.4636015325670498 0.0021929824561403508 0.3218390804597701
75 0.9300438596491228 0.4233716475095785 0.0206140350877193 0.2567049808429119
18 0.962938596491228 0.41570881226053635 0.04254385964912281 0.2567049808429119
195 0.993421052631579 0.27011494252873564 0.011403508771929825 0.16475095785440613
