86 0.025139664804469275 0.619718309859155 0.05027932960893855 0.7042253521126761
30 0.08030726256983241 0.6619718309859155 0.048882681564245814 0.5070422535211268
155 0.17388268156424583 0.47887323943661975 0.06843575418994413 0.676056338028169
143 0.26885474860335196 0.5070422535211268 0.06284916201117319 0.47887323943661975
30 0.33170391061452514 0.647887323943662 0.048882681564245814 0.5070422535211268
128 0.42807262569832405 0.45774647887323944 0.06284916201117319 0.07042253521126761
145 0.5195530726256984 0.3873239436619718 0.0335195530726257 0.7183098591549296
84 0.6124301675977654 0.45774647887323944 0.06843575418994413 0.26760563380281693
195 0.7087988826815643 0.3732394366197183 0.04329608938547486 0.7183098591549296
126 0.7793296089385475 0.4859154929577465 0.08379888268156425 0.49295774647887325
128 0.8889664804469274 0.4507042253521127 0.06284916201117319 0.08450704225352113
189 0.9762569832402235 0.3732394366197183 0.04189944134078213 0.7464788732394366
