41 0.09143968871595332 0.3277777777777778 0.18287937743190663 0.6555555555555556
20 0.21595330739299612 0.6888888888888889 0.05058365758754864 0.48888888888888893
210 0.30544747081712065 0.7222222222222222 0.08949416342412451 0.26666666666666666
20 0.41050583657587547 0.7000000000000001 0.05058365758754864 0.48888888888888893
205 0.5291828793774319 0.7277777777777779 0.14007782101167315 0.2777777777777778
39 0.6400778210116732 0.7000000000000001 0.05058365758754864 0.48888888888888893
72 0.7140077821011673 0.8555555555555556 0.03501945525291829 0.15555555555555556
205 0.8560311284046693 0.7555555555555555 0.14007782101167315 0.26666666666666666
148 0.8852140077821011 0.37222222222222223 0.10505836575875487 0.05555555555555556
39 0.9688715953307393 0.7277777777777779 0.04669260700389105 0.5
