41 0.0408695652173913 0.3595505617977528 0.0817391304347826 0.651685393258427
20 0.09652173913043478 0.7247191011235955 0.022608695652173914 0.4831460674157303
210 0.1356521739130435 0.7528089887640449 0.03826086956521739 0.2696629213483146
72 0.1773913043478261 0.8764044943820224 0.01391304347826087 0.15730337078651685
205 0.24173913043478262 0.7584269662921348 0.06260869565217392 0.2808988764044944
39 0.29130434782608694 0.7303370786516854 0.022608695652173914 0.4943820224719101
65 0.38 0.4606741573033708 0.09217391304347826 0.449438202247191
20 0.4756521739130435 0.42696629213483145 0.04 0.8539325842696629
30 0.548695652173913 0.3595505617977528 0.09217391304347826 0.6292134831460674
158 0.6304347826086957 0.15730337078651685 0.019130434782608695 0.24719101123595505
191 0.7173913043478262 0.43258426966292135 0.07130434782608695 0.4382022471910112
30 0.8400000000000001 0.3595505617977528 0.09391304347826088 0.6292134831460674
78 0.9269565217391305 0.14606741573033707 0.04173913043478261 0.24719101123595505
39 0.9765217391304348 0.4382022471910112 0.04 0.8539325842696629
