155 0.024635036496350363 0.5098814229249011 0.049270072992700725 0.2134387351778656
6 0.0885036496350365 0.4743083003952569 0.05656934306569343 0.25296442687747034
145 0.1272810218978102 0.6284584980237153 0.010036496350364963 0.1660079051383399
211 0.1573905109489051 0.6284584980237153 0.02645985401459854 0.17391304347826086
20 0.1897810218978102 0.5079051383399209 0.01824817518248175 0.3201581027667984
204 0.21532846715328466 0.5098814229249011 0.005474452554744526 0.3320158102766798
89 0.25364963503649635 0.4980237154150197 0.051094890510948905 0.32411067193675885
204 0.29333941605839414 0.5059288537549407 0.006386861313868613 0.3320158102766798
195 0.3197992700729927 0.31225296442687744 0.024635036496350363 0.17391304347826086
168 0.354014598540146 0.5118577075098814 0.03102189781021898 0.17786561264822134
128 0.40282846715328463 0.5059288537549407 0.046532846715328466 0.023715415019762844
195 0.4543795620437956 0.46837944664031617 0.03467153284671533 0.24901185770750986
155 0.521441605839416 0.5059288537549407 0.05018248175182482 0.2134387351778656
195 0.5894160583941606 0.46837944664031617 0.03467153284671533 0.24901185770750986
83 0.6272810218978102 0.5079051383399209 0.03010948905109489 0.17786561264822134
155 0.6934306569343065 0.5039525691699605 0.04744525547445255 0.21739130434782608
204 0.75 0.5019762845849802 0.005474452554744526 0.3320158102766798
7 0.7910583941605839 0.46837944664031617 0.05656934306569343 0.24110671936758893
89 0.8435218978102189 0.49011857707509876 0.05200729927007299 0.32411067193675885
204 0.8832116788321167 0.4980237154150197 0.005474452554744526 0.3320158102766798
195 0.9083029197080291 0.3043478260869565 0.02281021897810219 0.17391304347826086
39 0.9402372262773723 0.49999999999999994 0.017335766423357664 0.3201581027667984
39 0.9781021897810218 0.4960474308300395 0.040145985401459854 0.992094861660079
