161 0.03462321792260692 0.6176470588235294 0.06924643584521384 0.6235294117647059
158 0.09572301425661914 0.17058823529411765 0.0285132382892057 0.3411764705882353
145 0.10386965376782076 0.7529411764705882 0.04073319755600814 0.44705882352941173
84 0.2566191446028513 0.49411764705882355 0.10997963340122198 0.23529411764705882
11 0.43584521384928715 0.4 0.11812627291242361 0.6823529411764706
145 0.5122199592668024 0.7470588235294118 0.038696537678207736 0.4588235294117647
158 0.5213849287169042 0.17058823529411765 0.0285132382892057 0.3411764705882353
65 0.6313645621181262 0.4411764705882353 0.09775967413441955 0.6
50 0.7871690427698573 0.40588235294117647 0.1405295315682281 0.6705882352941176
158 0.8879837067209775 0.1764705882352941 0.0285132382892057 0.3529411764705882
128 0.9572301425661913 0.20588235294117646 0.07739307535641547 0.03529411764705882
