89 0.03723404255319149 0.48148148148148145 0.07446808510638298 0.9259259259259258
84 0.15824468085106383 0.4444444444444444 0.08776595744680851 0.2962962962962963
89 0.28191489361702127 0.4907407407407407 0.07446808510638298 0.9444444444444444
158 0.3390957446808511 0.2037037037037037 0.023936170212765957 0.2962962962962963
155 0.4308510638297872 0.4444444444444444 0.0851063829787234 0.5925925925925926
20 0.5359042553191489 0.4907407407407407 0.0398936170212766 0.8703703703703703
64 0.6050531914893617 0.5185185185185185 0.06648936170212766 0.5185185185185185
176 0.6595744680851063 0.4351851851851852 0.03723404255319149 0.8703703703703703
75 0.7327127659574468 0.38888888888888884 0.08244680851063829 0.7407407407407407
39 0.8058510638297872 0.48148148148148145 0.03723404255319149 0.8888888888888888
89 0.8656914893617021 0.48148148148148145 0.07180851063829786 0.9259259259259258
14 0.9335106382978723 0.6944444444444444 0.06914893617021277 0.4629629629629629
158 0.9867021276595744 0.5648148148148148 0.015957446808510637 0.16666666666666666
