23 0.02366863905325444 0.46428571428571425 0.04733727810650888 0.7857142857142857
6 0.131163708086785 0.3877551020408163 0.09664694280078896 0.5918367346938775
112 0.20611439842209073 0.22448979591836732 0.04142011834319527 0.44897959183673464
54 0.21005917159763315 0.7755102040816326 0.045364891518737675 0.24489795918367346
65 0.31065088757396453 0.4744897959183673 0.10059171597633136 0.39795918367346933
20 0.41222879684418146 0.46428571428571425 0.03944773175542406 0.7653061224489796
22 0.5207100591715976 0.39285714285714285 0.15779092702169625 0.5816326530612245
128 0.6932938856015779 0.4540816326530612 0.10059171597633136 0.0510204081632653
41 0.8106508875739645 0.3826530612244898 0.07495069033530573 0.5816326530612245
112 0.873767258382643 0.7499999999999999 0.03944773175542406 0.4591836734693877
39 0.9191321499013807 0.46428571428571425 0.03550295857988166 0.7653061224489796
24 0.9743589743589745 0.4591836734693877 0.04339250493096647 0.7755102040816326
