35 0.05449330783938814 0.4789915966386554 0.10898661567877628 0.5042016806722689
211 0.14722753346080306 0.7983193277310924 0.05353728489483747 0.36974789915966383
71 0.251434034416826 0.5504201680672268 0.021032504780114723 0.36134453781512604
84 0.33556405353728486 0.542016806722689 0.10133843212237094 0.19327731092436973
148 0.49521988527724664 0.2773109243697479 0.10707456978967494 0.05042016806722689
201 0.494263862332696 0.6218487394957983 0.08221797323135754 0.5042016806722689
128 0.5975143403441683 0.21428571428571427 0.0745697896749522 0.04201680672268907
145 0.6816443594646271 0.1722689075630252 0.021032504780114723 0.3445378151260504
20 0.7523900573613767 0.5378151260504201 0.03632887189292543 0.6554621848739496
41 0.8365200764818356 0.47058823529411764 0.09751434034416825 0.5210084033613445
211 0.9101338432122371 0.7941176470588235 0.05353728489483747 0.36134453781512604
39 0.9789674952198852 0.5336134453781513 0.03441682600382409 0.6638655462184874
