108 0.020515826494724502 0.494949494949495 0.041031652989449004 0.4040404040404041
6 0.09613130128956623 0.4090909090909091 0.058616647127784284 0.5757575757575758
30 0.16178194607268462 0.4040404040404041 0.058616647127784284 0.5656565656565657
126 0.21805392731535755 0.2474747474747475 0.04220398593200469 0.23232323232323235
128 0.27667057444314186 0.25252525252525254 0.03751465416178194 0.04040404040404041
145 0.3323563892145369 0.18686868686868688 0.019929660023446656 0.3535353535353536
72 0.36166471277842904 0.7222222222222223 0.012895662368112543 0.21212121212121213
204 0.4073856975381008 0.4747474747474748 0.005861664712778429 0.7474747474747475
210 0.4443141852286049 0.494949494949495 0.035169988276670575 0.36363636363636365
105 0.4759671746776084 0.7121212121212122 0.011723329425556858 0.3535353535353536
204 0.49999999999999994 0.4646464646464647 0.005861664712778429 0.7272727272727273
195 0.5328253223915592 0.18686868686868688 0.029308323563892142 0.3535353535353536
155 0.6049237983587339 0.4646464646464647 0.06096131301289566 0.5252525252525253
204 0.6623681125439624 0.4595959595959596 0.007033997655334114 0.7373737373737375
210 0.7004689331770222 0.48484848484848486 0.03399765533411488 0.36363636363636365
112 0.735052754982415 0.7575757575757577 0.023446658851113716 0.4444444444444445
204 0.7637749120750292 0.4595959595959596 0.005861664712778429 0.7373737373737375
195 0.7960140679953106 0.1767676767676768 0.028135990621336458 0.3535353535353536
135 0.8669402110199296 0.4545454545454546 0.059788980070339975 0.5858585858585859
211 0.9407971864009378 0.37373737373737376 0.04337631887456037 0.5858585858585859
24 0.984759671746776 0.4444444444444445 0.025791324736225085 0.7676767676767677
