149 0.010838562464346833 0.6894736842105263 0.021677124928693666 0.5157894736842105
190 0.014546491728465488 0.3 0.013120365088419851 0.07368421052631578
20 0.03051911009697661 0.5894736842105263 0.009697661152310324 0.7789473684210526
50 0.05647461494580718 0.5157894736842105 0.034227039361095266 0.5473684210526316
72 0.07929264118653737 0.8105263157894737 0.004563605248146035 0.23157894736842105
51 0.11494580718767826 0.5105263157894737 0.029092983456930975 0.5578947368421052
39 0.14004563605248146 0.5842105263157895 0.009697661152310324 0.7684210526315789
84 0.17569880205362234 0.5736842105263158 0.02738163148887621 0.19999999999999998
50 0.2224757558471192 0.5 0.03308613804905875 0.5578947368421052
195 0.2504278379920137 0.26842105263157895 0.012549914432401596 0.3684210526315789
53 0.2655447803764974 0.3263157894736842 0.014261266400456359 0.25263157894736843
155 0.2852253280091272 0.31052631578947365 0.019395322304620648 0.3684210526315789
145 0.30433542498573873 0.26842105263157895 0.008556759840273816 0.3684210526315789
51 0.33086138049058755 0.4894736842105263 0.02966343411294923 0.5578947368421052
195 0.3556759840273816 0.26842105263157895 0.013120365088419851 0.3684210526315789
57 0.369937250427838 0.25789473684210523 0.011979463776383342 0.3894736842105263
155 0.3881916714204221 0.3 0.018824871648602394 0.3684210526315789
145 0.40758699372504276 0.26842105263157895 0.008556759840273816 0.3684210526315789
128 0.4426697090701654 0.5578947368421052 0.026240730176839703 0.06315789473684211
20 0.47803764974329715 0.5578947368421052 0.01026811180832858 0.7789473684210526
20 0.49458071876782655 0.5578947368421052 0.01026811180832858 0.7789473684210526
50 0.5205362236166571 0.4789473684210526 0.03479749001711352 0.5578947368421052
128 0.5664575014261266 0.5473684210526316 0.026240730176839703 0.06315789473684211
51 0.609811751283514 0.4789473684210526 0.030804335424985736 0.5578947368421052
39 0.6351968054763263 0.5473684210526316 0.009697661152310324 0.7789473684210526
75 0.6520250998288648 0.23684210526315788 0.014831717056474614 0.3894736842105263
128 0.6717056474614945 0.2894736842105263 0.017683970336565887 0.05263157894736842
195 0.6902452937820878 0.24210526315789474 0.012549914432401596 0.35789473684210527
128 0.7253280091272104 0.5368421052631579 0.025670279520821446 0.06315789473684211
50 0.7686822589845977 0.46842105263157896 0.03365658870507701 0.5578947368421052
51 0.8034797490017113 0.46842105263157896 0.029092983456930975 0.5578947368421052
89 0.8328579577866514 0.5368421052631579 0.02053622361665716 0.7157894736842105
102 0.838847689674843 0.04736842105263158 0.009697661152310324 0.09473684210526316
20 0.8525385054192812 0.5368421052631579 0.009697661152310324 0.7789473684210526
50 0.8779235596120935 0.4631578947368421 0.03308613804905875 0.5473684210526316
72 0.901312036508842 0.7578947368421053 0.005704506560182544 0.23157894736842105
51 0.937250427837992 0.46842105263157896 0.02966343411294923 0.5578947368421052
39 0.9612093553907586 0.5368421052631579 0.00912721049629207 0.7789473684210526
39 0.9774671990872789 0.5368421052631579 0.009697661152310324 0.7578947368421053
195 0.9928693667997718 0.23684210526315788 0.011979463776383342 0.3684210526315789
