3 0.034629404617253945 0.49590163934426235 0.06925880923450789 0.5
93 0.08930741190765491 0.8114754098360656 0.03280680437424058 0.3442622950819672
195 0.09659781287970838 0.19262295081967215 0.030376670716889428 0.3524590163934426
155 0.1427703523693803 0.24590163934426232 0.04495747266099635 0.3114754098360656
126 0.20291616038882138 0.25 0.05589307411907654 0.2540983606557377
178 0.31530984204131224 0.5573770491803279 0.06196840826245443 0.4098360655737705
45 0.43499392466585657 0.4877049180327869 0.06804374240583232 0.5
211 0.47509113001215064 0.8032786885245902 0.03402187120291616 0.36065573770491804
22 0.5577156743620899 0.4836065573770492 0.10692588092345078 0.49180327868852464
84 0.6883353584447144 0.5491803278688525 0.06439854191980558 0.18032786885245902
35 0.7995139732685297 0.4754098360655738 0.07047387606318346 0.49180327868852464
195 0.8626974483596597 0.1762295081967213 0.031591737545565005 0.3524590163934426
155 0.9100850546780072 0.22540983606557377 0.04374240583232077 0.30327868852459017
126 0.9702308626974483 0.2336065573770492 0.05467800729040097 0.2540983606557377
