84 0.06516290726817042 0.4573170731707317 0.13032581453634084 0.23170731707317074
89 0.23558897243107768 0.4573170731707317 0.13533834586466165 0.9146341463414634
56 0.37969924812030076 0.20731707317073172 0.07769423558897243 0.41463414634146345
20 0.46741854636591473 0.4634146341463415 0.05764411027568922 0.926829268292683
211 0.5513784461152882 0.3780487804878049 0.09022556390977443 0.7073170731707318
72 0.631578947368421 0.75 0.03007518796992481 0.25609756097560976
34 0.7794486215538847 0.48170731707317077 0.14035087719298245 0.9146341463414634
211 0.8909774436090225 0.75 0.06766917293233082 0.45121951219512196
158 0.9060150375939849 0.15853658536585366 0.02756892230576441 0.2682926829268293
39 0.9674185463659147 0.46951219512195125 0.05513784461152882 0.9146341463414634
