0 0.024666666666666667 0.42307692307692313 0.04933333333333333 0.7307692307692308
158 0.06466666666666666 0.20192307692307693 0.009333333333333332 0.2884615384615385
84 0.11599999999999999 0.4326923076923077 0.042666666666666665 0.2884615384615385
113 0.182 0.40384615384615385 0.03333333333333333 0.7692307692307693
20 0.21666666666666665 0.4807692307692308 0.017333333333333333 0.8846153846153847
207 0.2513333333333333 0.5192307692307693 0.036 0.5
39 0.28733333333333333 0.5 0.02 0.8846153846153847
4 0.314 0.46153846153846156 0.017333333333333333 0.9230769230769231
209 0.3486666666666667 0.6153846153846154 0.030666666666666665 0.6923076923076923
5 0.38266666666666665 0.4711538461538462 0.016 0.9038461538461539
178 0.44 0.4519230769230769 0.048 0.6730769230769231
113 0.5053333333333333 0.3942307692307693 0.032 0.75
20 0.5406666666666666 0.4711538461538462 0.017333333333333333 0.8653846153846154
207 0.574 0.5096153846153847 0.036 0.5192307692307693
39 0.61 0.4807692307692308 0.02 0.8846153846153847
4 0.636 0.4711538461538462 0.016 0.9038461538461539
207 0.6679999999999999 0.5096153846153847 0.03733333333333333 0.5192307692307693
145 0.7006666666666667 0.6923076923076923 0.009333333333333332 0.42307692307692313
72 0.7233333333333333 0.7692307692307693 0.012 0.2692307692307693
209 0.77 0.6057692307692308 0.030666666666666665 0.6730769230769231
145 0.8073333333333333 0.701923076923077 0.02 0.4807692307692308
5 0.822 0.4711538461538462 0.017333333333333333 0.9038461538461539
84 0.8786666666666666 0.42307692307692313 0.042666666666666665 0.3076923076923077
3 0.9506666666666667 0.4134615384615385 0.048 0.75
158 0.9926666666666666 0.1826923076923077 0.009333333333333332 0.2884615384615385
