25 0.06813627254509018 0.49242424242424243 0.13627254509018036 0.8939393939393939
104 0.17334669338677353 0.6515151515151515 0.04609218436873747 0.12121212121212122
53 0.24348697394789579 0.6439393939393939 0.07414829659318636 0.6515151515151515
75 0.3356713426853707 0.5 0.08617234468937875 0.9393939393939394
126 0.4599198396793587 0.6287878787878788 0.1342685370741483 0.6515151515151515
105 0.561122244488978 0.4696969696969697 0.04008016032064128 0.9393939393939394
168 0.6242484969939879 0.6363636363636364 0.05410821643286573 0.6666666666666667
168 0.6923847695390781 0.6363636363636364 0.05410821643286573 0.6666666666666667
105 0.75250501002004 0.4696969696969697 0.038076152304609215 0.9393939393939394
57 0.8246492985971943 0.48484848484848486 0.08617234468937875 0.9393939393939394
115 0.8977955911823646 0.4772727272727273 0.03607214428857715 0.9242424242424243
80 0.9629258517034067 0.6212121212121212 0.06613226452905811 0.6666666666666667
