10 0.04402985074626866 0.4957264957264958 0.08805970149253732 0.5128205128205129
84 0.1873134328358209 0.5598290598290598 0.0791044776119403 0.1965811965811966
154 0.3238805970149254 0.5683760683760685 0.0626865671641791 0.36752136752136755
128 0.40298507462686567 0.22222222222222224 0.056716417910447764 0.03418803418803419
145 0.38656716417910447 0.8119658119658121 0.01791044776119403 0.3418803418803419
145 0.46791044776119406 0.17521367521367523 0.016417910447761194 0.35042735042735046
20 0.5238805970149254 0.5598290598290598 0.026865671641791045 0.6752136752136753
53 0.582089552238806 0.5641025641025642 0.05970149253731343 0.3760683760683761
39 0.6432835820895523 0.5598290598290598 0.026865671641791045 0.6752136752136753
178 0.7611940298507462 0.5555555555555556 0.0746268656716418 0.4273504273504274
148 0.9104477611940298 0.12820512820512822 0.10746268656716418 0.05128205128205129
52 0.9067164179104478 0.48290598290598297 0.08805970149253732 0.5042735042735044
145 0.9880597014925373 0.8034188034188035 0.01791044776119403 0.35897435897435903
