113 0.03164556962025317 0.5087719298245614 0.06329113924050633 0.7017543859649122
4 0.1 0.5526315789473684 0.03291139240506329 0.8245614035087718
41 0.17468354430379748 0.5175438596491228 0.0810126582278481 0.7192982456140351
72 0.2291139240506329 0.8245614035087718 0.02278481012658228 0.24561403508771928
45 0.3379746835443038 0.5087719298245614 0.08860759493670886 0.7017543859649122
5 0.4139240506329114 0.5526315789473684 0.03291139240506329 0.8245614035087718
174 0.5215189873417722 0.5438596491228069 0.09113924050632911 0.2807017543859649
113 0.6443037974683544 0.48245614035087714 0.06329113924050633 0.7192982456140351
4 0.7126582278481013 0.5438596491228069 0.03291139240506329 0.8421052631578947
11 0.7949367088607595 0.48245614035087714 0.10126582278481013 0.7192982456140351
5 0.8708860759493671 0.5526315789473684 0.035443037974683546 0.8245614035087718
4 0.9113924050632911 0.2631578947368421 0.020253164556962026 0.49122807017543857
145 0.9582278481012658 0.23684210526315788 0.0379746835443038 0.43859649122807015
5 0.9835443037974684 0.24561403508771928 0.02278481012658228 0.49122807017543857
