20 0.025380710659898477 0.4880952380952381 0.050761421319796954 0.9761904761904762
54 0.12944162436548223 0.5178571428571428 0.11675126903553298 0.46428571428571425
145 0.23857868020304568 0.6428571428571428 0.050761421319796954 0.45238095238095233
72 0.31979695431472077 0.7738095238095237 0.025380710659898477 0.2857142857142857
54 0.45050761421319796 0.5178571428571428 0.11928934010152284 0.46428571428571425
195 0.5621827411167513 0.6488095238095237 0.06345177664974619 0.46428571428571425
72 0.6446700507614213 0.7738095238095237 0.025380710659898477 0.2857142857142857
54 0.7741116751269035 0.5178571428571428 0.11675126903553298 0.46428571428571425
189 0.883248730964467 0.6547619047619048 0.06598984771573603 0.47619047619047616
39 0.9720812182741116 0.4880952380952381 0.04568527918781726 0.9761904761904762
