94 0.11606425702811246 0.5460829493087558 0.23212851405622492 0.02304147465437788
20 0.010843373493975903 0.27880184331797236 0.015261044176706828 0.3456221198156682
177 0.09759036144578313 0.24423963133640553 0.1534136546184739 0.48847926267281105
128 0.11365461847389559 0.2764976958525346 0.04096385542168675 0.018433179723502304
48 0.11967871485943776 0.7811059907834101 0.040160642570281124 0.2626728110599078
145 0.15863453815261044 0.24423963133640553 0.018473895582329317 0.2672811059907834
39 0.1827309236947791 0.27880184331797236 0.013654618473895583 0.3456221198156682
126 0.20883534136546186 0.1774193548387097 0.02891566265060241 0.10599078341013825
22 0.2779116465863454 0.9101382488479263 0.04176706827309237 0.16129032258064516
110 0.27710843373493976 0.5483870967741935 0.02248995983935743 0.423963133640553
20 0.31927710843373497 0.5483870967741935 0.015261044176706828 0.34101382488479265
128 0.3654618473895582 0.543778801843318 0.04176706827309237 0.018433179723502304
153 0.41847389558232934 0.543778801843318 0.03534136546184739 0.35023041474654376
186 0.44738955823293175 0.6705069124423964 0.011244979919678716 0.1336405529953917
39 0.46184738955823296 0.5460829493087558 0.014457831325301205 0.3456221198156682
143 0.5088353413654618 0.5552995391705069 0.042570281124498 0.17972350230414746
186 0.5401606425702812 0.6682027649769585 0.010441767068273093 0.12903225806451613
126 0.5502008032128515 0.4400921658986175 0.02891566265060241 0.10599078341013825
122 0.6032128514056225 0.5483870967741935 0.043373493975903614 0.30414746543778803
126 0.6602409638554217 0.5506912442396313 0.04497991967871486 0.17050691244239632
168 0.7200803212851405 0.5506912442396313 0.020080321285140562 0.17972350230414746
196 0.7502008032128514 0.5506912442396313 0.032128514056224904 0.17972350230414746
22 0.7558232931726908 0.8640552995391705 0.040160642570281124 0.16129032258064516
149 0.7863453815261044 0.5921658986175116 0.033734939759036145 0.2626728110599078
153 0.8429718875502008 0.5414746543778802 0.03775100401606426 0.3456221198156682
186 0.8734939759036146 0.6728110599078341 0.010441767068273093 0.12903225806451613
155 0.9156626506024097 0.543778801843318 0.04176706827309237 0.23963133640552994
6 0.9783132530120482 0.5069124423963134 0.040160642570281124 0.2672811059907834
