20 0.012555391432791729 0.5909090909090909 0.025110782865583457 0.7575757575757577
15 0.052437223042836045 0.5151515151515152 0.03692762186115214 0.5858585858585859
130 0.10930576070901035 0.6010101010101011 0.0620384047267356 0.4141414141414142
186 0.16617429837518466 0.5454545454545455 0.033973412112259974 0.5050505050505051
117 0.223781388478582 0.5909090909090909 0.051698670605613 0.7575757575757577
160 0.29985228951255544 0.5909090909090909 0.07090103397341212 0.7777777777777778
164 0.37592319054652884 0.595959595959596 0.04874446085672083 0.7474747474747475
39 0.42614475627769577 0.5858585858585859 0.02806499261447563 0.7676767676767677
65 0.5228951255539144 0.6060606060606061 0.07680945347119646 0.4040404040404041
8 0.6366322008862629 0.5151515151515152 0.0620384047267356 0.5858585858585859
70 0.6624815361890695 0.10101010101010102 0.02806499261447563 0.20202020202020204
195 0.7112259970457903 0.797979797979798 0.03692762186115214 0.36363636363636365
84 0.826440177252585 0.5909090909090909 0.07828655834564255 0.19191919191919193
153 0.9593796159527327 0.5858585858585859 0.07533234859675038 0.7676767676767677
