172 0.009451360073766712 0.4 0.018902720147533424 0.38
105 0.023743660673121253 0.595 0.005071461502996773 0.35000000000000003
112 0.033656062701705854 0.66 0.010142923005993546 0.44
71 0.047487321346242506 0.385 0.004610419548178884 0.39
4 0.07123098201936376 0.375 0.012448132780082987 0.75
210 0.08736745043798985 0.395 0.01429230059935454 0.37
211 0.10419548178884278 0.62 0.011987090825265098 0.36
72 0.11964038727524204 0.62 0.005993545412632549 0.22
119 0.1523743660673121 0.555 0.029967727063162745 0.09
72 0.1814200092208391 0.63 0.005993545412632549 0.2
210 0.20470262793914246 0.41500000000000004 0.015675426463808206 0.37
105 0.2173812816966344 0.625 0.005071461502996773 0.35000000000000003
72 0.2289073305670816 0.625 0.005993545412632549 0.21
119 0.26141078838174275 0.5700000000000001 0.02950668510834486 0.1
72 0.2895343476256339 0.65 0.0055325034578146606 0.22
210 0.3112033195020747 0.435 0.01475334255417243 0.37
112 0.32457353619179347 0.7000000000000001 0.010142923005993546 0.44
72 0.3381742738589211 0.655 0.005071461502996773 0.21
119 0.37136929460580914 0.59 0.029967727063162745 0.1
72 0.3999538958045182 0.675 0.005071461502996773 0.21
210 0.4223144306131858 0.455 0.01475334255417243 0.37
126 0.43983402489626555 0.74 0.016597510373443983 0.24
155 0.46127247579529734 0.72 0.015214384508990318 0.32
145 0.483402489626556 0.68 0.00875979714153988 0.36
5 0.49976947902259106 0.45 0.012909174734900875 0.74
167 0.533195020746888 0.45 0.029967727063162745 0.28
4 0.5643153526970954 0.46 0.011987090825265098 0.74
210 0.5806823420931304 0.485 0.015214384508990318 0.37
211 0.5972798524665744 0.71 0.012448132780082987 0.36
72 0.6131857999077915 0.7000000000000001 0.0055325034578146606 0.22
119 0.6463808206546796 0.635 0.030428769017980636 0.09
72 0.6754264638082065 0.71 0.0055325034578146606 0.22
210 0.6984785615491009 0.495 0.015675426463808206 0.37
112 0.7125403411710466 0.76 0.010603964960811434 0.44
72 0.7256800368833564 0.71 0.0055325034578146606 0.22
119 0.7579529737206085 0.65 0.02950668510834486 0.1
72 0.7860765329644998 0.725 0.0055325034578146606 0.21
210 0.8086675887505763 0.505 0.01475334255417243 0.37
105 0.8211157215306593 0.725 0.0055325034578146606 0.35000000000000003
72 0.8328722913785154 0.725 0.005993545412632549 0.21
119 0.8662978331028124 0.66 0.02950668510834486 0.1
72 0.8944213923467035 0.74 0.0055325034578146606 0.22
210 0.9165514061779622 0.515 0.01475334255417243 0.37
126 0.9331489165514062 0.8 0.016597510373443983 0.24
155 0.9555094513600737 0.785 0.015214384508990318 0.31
145 0.9771784232365145 0.745 0.00875979714153988 0.35000000000000003
5 0.9926233287229138 0.51 0.012909174734900875 0.74
