35 0.04131652661064426 0.475609756097561 0.08263305322128851 0.49593495934959353
195 0.11484593837535013 0.1788617886178862 0.036414565826330535 0.3577235772357724
191 0.21218487394957983 0.5406504065040652 0.06022408963585434 0.34959349593495936
23 0.30952380952380953 0.5406504065040652 0.0392156862745098 0.6747967479674798
211 0.37184873949579833 0.47967479674796754 0.05742296918767507 0.5203252032520326
24 0.4327731092436975 0.5447154471544716 0.0392156862745098 0.6829268292682927
178 0.5392156862745098 0.5487804878048781 0.07282913165266107 0.41463414634146345
45 0.6722689075630253 0.48373983739837406 0.08123249299719888 0.49593495934959353
211 0.719187675070028 0.8008130081300814 0.04061624649859944 0.3658536585365854
22 0.8151260504201681 0.48373983739837406 0.12605042016806722 0.49593495934959353
84 0.9586834733893558 0.5569105691056911 0.07703081232492998 0.1869918699186992
