19 0.015535097813578827 0.41500000000000004 0.031070195627157654 0.5700000000000001
205 0.04487917146144994 0.77 0.020713463751438434 0.24
84 0.0805523590333717 0.47500000000000003 0.02991944764096663 0.19
89 0.12025316455696203 0.47500000000000003 0.02991944764096663 0.75
20 0.14844649021864212 0.47500000000000003 0.012658227848101266 0.75
210 0.16570771001150747 0.5 0.019562715765247412 0.38
20 0.18958573072497123 0.47000000000000003 0.013233601841196778 0.76
205 0.21317606444188722 0.495 0.02819332566168009 0.39
39 0.23590333716915995 0.485 0.012658227848101266 0.77
39 0.2517261219792865 0.49 0.013233601841196778 0.76
155 0.28509781357882624 0.47500000000000003 0.03049482163406214 0.53
168 0.31789413118527043 0.49 0.014384349827387802 0.4
149 0.33975834292289986 0.585 0.023590333716915997 0.5700000000000001
53 0.3659378596087457 0.49 0.020713463751438434 0.4
130 0.3906789413118527 0.49 0.023014959723820484 0.4
23 0.4223245109321059 0.47500000000000003 0.01380897583429229 0.9500000000000001
53 0.4441887226697353 0.5 0.02186421173762946 0.4
59 0.4654775604142693 0.75 0.014959723820483314 0.46
20 0.487054085155351 0.47500000000000003 0.013233601841196778 0.75
210 0.5046029919447641 0.5 0.018411967779056387 0.38
20 0.5281933256616801 0.47000000000000003 0.01380897583429229 0.76
205 0.5517836593785961 0.49 0.02761795166858458 0.4
39 0.5742232451093211 0.48 0.012658227848101266 0.76
72 0.5886075949367089 0.71 0.006904487917146145 0.22
205 0.6199654775604143 0.49 0.02819332566168009 0.4
148 0.6242807825086306 0.17 0.014959723820483314 0.04
39 0.6424050632911392 0.47000000000000003 0.013233601841196778 0.76
71 0.6668584579976985 0.5 0.005753739930955121 0.4
145 0.6927502876869965 0.405 0.012658227848101266 0.5700000000000001
122 0.7292865362485615 0.485 0.03049482163406214 0.6900000000000001
204 0.7583429228998849 0.47500000000000003 0.0034522439585730723 0.75
59 0.7784810126582279 0.47500000000000003 0.024165707710011506 0.77
204 0.8009205983889528 0.49 0.0034522439585730723 0.74
122 0.8299769850402762 0.485 0.03049482163406214 0.6900000000000001
168 0.8624856156501726 0.5 0.01726121979286536 0.4
24 0.8814729574223246 0.47000000000000003 0.01380897583429229 0.9400000000000001
178 0.916283084004603 0.48 0.03049482163406214 0.34
6 0.9571346375143843 0.4 0.03049482163406214 0.6
25 0.9884925201380897 0.185 0.020713463751438434 0.35000000000000003
