161 0.02052980132450331 0.5988023952095809 0.04105960264900662 0.28742514970059885
190 0.02847682119205298 0.37724550898203596 0.030463576158940398 0.04790419161676647
175 0.05695364238410596 0.625748502994012 0.02913907284768212 0.2095808383233533
72 0.08410596026490066 0.7335329341317366 0.009271523178807948 0.08982035928143713
195 0.1119205298013245 0.625748502994012 0.030463576158940398 0.2095808383233533
84 0.19735099337748344 0.5479041916167665 0.06622516556291391 0.11377245508982037
128 0.3019867549668874 0.5479041916167665 0.060927152317880796 0.029940119760479042
94 0.4066225165562914 0.5508982035928144 0.11125827814569536 0.035928143712574856
45 0.38741721854304634 0.2095808383233533 0.06754966887417219 0.32335329341317365
145 0.38211920529801324 0.8293413173652695 0.033112582781456956 0.30538922155688625
175 0.43112582781456954 0.8293413173652695 0.04105960264900662 0.31736526946107785
195 0.44039735099337746 0.10479041916167665 0.030463576158940398 0.2095808383233533
155 0.5324503311258278 0.5538922155688623 0.06622516556291391 0.29341317365269465
94 0.6384105960264901 0.5538922155688623 0.07417218543046358 0.029940119760479042
45 0.6403973509933775 0.2125748502994012 0.06754966887417219 0.31736526946107785
93 0.6390728476821192 0.8293413173652695 0.04370860927152318 0.30538922155688625
128 0.7463576158940397 0.5568862275449102 0.06225165562913907 0.035928143712574856
145 0.8324503311258278 0.5269461077844312 0.030463576158940398 0.29940119760479045
176 0.8788079470198675 0.5598802395209581 0.038410596026490065 0.44910179640718567
145 0.928476821192053 0.5269461077844312 0.031788079470198675 0.29940119760479045
175 0.976158940397351 0.5269461077844312 0.0423841059602649 0.31137724550898205
