89 0.043035993740219096 0.5609756097560976 0.08607198748043819 0.6666666666666667
71 0.10954616588419405 0.5853658536585367 0.018779342723004695 0.3577235772357724
3 0.19874804381846636 0.5 0.08763693270735524 0.49593495934959353
163 0.2636932707355243 0.8658536585365855 0.03286384976525822 0.23577235772357727
113 0.2793427230046948 0.20731707317073172 0.048513302034428794 0.3658536585365854
167 0.43270735524256654 0.5691056910569107 0.11424100156494522 0.22764227642276424
34 0.6048513302034428 0.5609756097560976 0.09546165884194054 0.6341463414634148
17 0.6924882629107981 0.8089430894308944 0.06729264475743349 0.34959349593495936
20 0.7629107981220657 0.5609756097560976 0.0297339593114241 0.6504065040650407
35 0.837245696400626 0.49186991869918706 0.09076682316118936 0.49593495934959353
101 0.9209702660406885 0.1869918699186992 0.04538341158059468 0.3739837398373984
39 0.9820031298904539 0.5569105691056911 0.0297339593114241 0.6585365853658537
