101 0.045454545454545456 0.4 0.09090909090909091 0.8
145 0.1346153846153846 0.71 0.024475524475524476 0.46
20 0.19405594405594406 0.48 0.05244755244755245 0.96
200 0.2867132867132867 0.54 0.07692307692307693 0.52
39 0.3758741258741259 0.48 0.05244755244755245 0.96
108 0.5244755244755245 0.46 0.1258741258741259 0.72
113 0.6958041958041958 0.4 0.09090909090909091 0.8
4 0.791958041958042 0.48 0.045454545454545456 0.96
200 0.8811188811188811 0.55 0.07692307692307693 0.5
5 0.972027972027972 0.48 0.04195804195804196 0.96
