64 0.032051282051282055 0.5060975609756098 0.06410256410256411 0.475609756097561
104 0.09615384615384616 0.5121951219512195 0.042735042735042736 0.07317073170731708
101 0.1762820512820513 0.3597560975609756 0.08333333333333334 0.7195121951219512
141 0.2745726495726496 0.5182926829268293 0.07905982905982907 0.475609756097561
126 0.39850427350427353 0.5060975609756098 0.13461538461538464 0.45121951219512196
141 0.5213675213675214 0.5304878048780488 0.0811965811965812 0.475609756097561
186 0.6068376068376069 0.43902439024390244 0.05982905982905984 0.6097560975609756
101 0.6912393162393163 0.38414634146341464 0.08760683760683761 0.7195121951219512
80 0.7852564102564104 0.5304878048780488 0.07051282051282053 0.475609756097561
186 0.8643162393162394 0.4573170731707317 0.061965811965811975 0.6219512195121951
209 0.9497863247863249 0.6524390243902439 0.09188034188034189 0.6463414634146342
