23 0.018620689655172412 0.5 0.037241379310344824 0.7735849056603773
172 0.08482758620689655 0.5188679245283019 0.06206896551724137 0.4150943396226415
113 0.136551724137931 0.7688679245283019 0.041379310344827586 0.4245283018867924
24 0.19793103448275862 0.5 0.037241379310344824 0.7735849056603773
178 0.30344827586206896 0.5 0.07172413793103448 0.4716981132075472
14 0.44413793103448274 0.40566037735849053 0.1296551724137931 0.6037735849056604
20 0.5358620689655172 0.5094339622641509 0.026206896551724135 0.7547169811320754
148 0.6006896551724138 0.02830188679245283 0.0896551724137931 0.05660377358490566
35 0.6020689655172413 0.4245283018867924 0.08137931034482758 0.5660377358490566
72 0.6827586206896551 0.7311320754716981 0.01655172413793103 0.21698113207547168
101 0.769655172413793 0.410377358490566 0.05517241379310345 0.6132075471698113
148 0.766206896551724 0.02830188679245283 0.037241379310344824 0.03773584905660377
72 0.8413793103448275 0.7311320754716981 0.01655172413793103 0.21698113207547168
53 0.9282758620689654 0.5094339622641509 0.05517241379310345 0.4150943396226415
39 0.9841379310344827 0.5 0.026206896551724135 0.7547169811320754
