0 0.037943696450428395 0.49714285714285716 0.07588739290085679 0.3314285714285714
196 0.11015911872705017 0.5485714285714286 0.05140758873929008 0.22857142857142856
186 0.15361077111383106 0.52 0.028151774785801713 0.2857142857142857
20 0.19522643818849447 0.54 0.023255813953488372 0.42857142857142855
22 0.25948592411260707 0.49714285714285716 0.09302325581395349 0.32
39 0.3200734394124847 0.54 0.020807833537331698 0.42857142857142855
151 0.34455324357405137 0.6371428571428571 0.011015911872705017 0.05142857142857143
94 0.4326805385556915 0.5371428571428571 0.0624235006119951 0.022857142857142857
154 0.42839657282741733 0.8828571428571429 0.04895960832313341 0.21142857142857144
145 0.42900856793145653 0.16285714285714287 0.028151774785801713 0.32571428571428573
143 0.5348837209302325 0.5514285714285714 0.06609547123623011 0.22285714285714286
95 0.5887392900856793 0.7314285714285714 0.026927784577723376 0.19428571428571428
173 0.6566707466340269 0.5285714285714286 0.06487148102815177 0.09714285714285714
6 0.752141982864137 0.49142857142857144 0.0624235006119951 0.3314285714285714
145 0.8115055079559362 0.6657142857142857 0.022031823745410035 0.2
20 0.8561811505507955 0.5314285714285715 0.023255813953488372 0.4228571428571429
22 0.9216646266829864 0.48857142857142855 0.09547123623011015 0.32571428571428573
39 0.985924112607099 0.5285714285714286 0.023255813953488372 0.42857142857142855
