17 0.05807622504537205 0.3860759493670886 0.1161524500907441 0.7215189873417721
20 0.14972776769509982 0.47468354430379744 0.034482758620689655 0.9493670886075949
35 0.22232304900181488 0.3860759493670886 0.09618874773139746 0.7215189873417721
128 0.32849364791288566 0.7531645569620253 0.05807622504537205 0.06329113924050633
169 0.4101633393829401 0.5632911392405063 0.021778584392014518 0.6708860759493671
117 0.4954627949183303 0.47468354430379744 0.0617059891107078 0.9493670886075949
31 0.5952813067150635 0.3924050632911392 0.09800362976406533 0.7341772151898734
195 0.6814882032667876 0.7468354430379747 0.04900181488203267 0.45569620253164556
164 0.7586206896551724 0.47468354430379744 0.0617059891107078 0.9493670886075949
39 0.8176043557168784 0.4810126582278481 0.038112522686025406 0.9620253164556962
84 0.9473684210526315 0.49367088607594933 0.09800362976406533 0.25316455696202533
