57 0.022920203735144314 0.4 0.04584040747028863 0.8
84 0.10950764006791171 0.44 0.05602716468590832 0.28
53 0.1935483870967742 0.55 0.044142614601018676 0.54
211 0.23684210526315788 0.71 0.028862478777589132 0.46
155 0.298811544991511 0.44 0.05432937181663837 0.64
53 0.3769100169779287 0.54 0.044142614601018676 0.52
145 0.4219015280135823 0.71 0.011884550084889643 0.46
186 0.45500848896434637 0.47000000000000003 0.027164685908319185 0.66
155 0.5246179966044142 0.45 0.05432937181663837 0.62
67 0.6434634974533107 0.44 0.11884550084889643 0.16
155 0.7589134125636672 0.46 0.05432937181663837 0.64
53 0.8395585738539898 0.53 0.042444821731748725 0.54
126 0.8879456706281833 0.79 0.044142614601018676 0.34
186 0.9303904923599321 0.47000000000000003 0.027164685908319185 0.66
126 0.9753820033955857 0.18 0.042444821731748725 0.32
