121 0.016977363515312916 0.5528634361233481 0.03395472703062583 0.29515418502202645
6 0.07922769640479362 0.5132158590308371 0.03994673768308922 0.28634361233480177
208 0.1048601864181092 0.7004405286343613 0.017976031957390146 0.2378854625550661
110 0.15512649800266312 0.5462555066079295 0.049267643142476704 0.828193832599119
211 0.1707723035952064 0.8876651982378856 0.01930758988015979 0.19823788546255508
195 0.19507323568575236 0.14096916299559473 0.01731025299600533 0.19383259911894274
154 0.21904127829560588 0.1696035242290749 0.01997336884154461 0.13656387665198239
204 0.2519973368841545 0.5440528634361234 0.004660452729693742 0.894273127753304
94 0.40113182423435423 0.5396475770925111 0.2643142476697736 0.039647577092511016
208 0.28262316910785623 0.28634361233480177 0.02596537949400799 0.3436123348017621
70 0.32456724367509987 0.29515418502202645 0.02197070572569907 0.1497797356828194
89 0.37150466045272973 0.28414096916299564 0.037283621837549935 0.35682819383259917
168 0.37982689747003995 0.8700440528634362 0.02197070572569907 0.19823788546255508
25 0.41211717709720375 0.6894273127753304 0.030625832223701733 0.18942731277533043
20 0.40446071904127834 0.29295154185022027 0.012649800266311585 0.35682819383259917
168 0.4264314247669774 0.29735682819383263 0.02197070572569907 0.19823788546255508
72 0.459387483355526 0.38546255506607935 0.006657789613848203 0.08370044052863437
188 0.49400798934753665 0.2511013215859031 0.026631158455392812 0.28193832599118945
39 0.5216378162450067 0.29295154185022027 0.012649800266311585 0.35682819383259917
128 0.5725699067909454 0.5330396475770925 0.033288948069241014 0.026431718061674013
94 0.7453395472703063 0.5352422907488987 0.2643142476697736 0.030837004405286347
208 0.6268308921438083 0.27753303964757714 0.02596537949400799 0.3436123348017621
70 0.6691078561917444 0.29074889867841414 0.022636484687083888 0.1497797356828194
89 0.715046604527297 0.27753303964757714 0.037283621837549935 0.3612334801762115
163 0.7250332889480693 0.8590308370044054 0.01997336884154461 0.18502202643171808
20 0.746671105193076 0.28414096916299564 0.012649800266311585 0.35682819383259917
25 0.7569906790945407 0.6806167400881058 0.030625832223701733 0.18942731277533043
163 0.7706391478029295 0.29074889867841414 0.020639147802929428 0.18502202643171808
72 0.8035952063914781 0.38325991189427316 0.006657789613848203 0.07929515418502203
188 0.8388814913448736 0.24889867841409694 0.026631158455392812 0.28634361233480177
39 0.8665113182423436 0.28414096916299564 0.012649800266311585 0.35682819383259917
204 0.8918109187749668 0.5308370044052864 0.004660452729693742 0.9030837004405288
195 0.9134487350199735 0.09691629955947137 0.01731025299600533 0.19383259911894274
75 0.953728362183755 0.4911894273127754 0.0326231691078562 0.29515418502202645
188 0.985352862849534 0.49339207048458156 0.026631158455392812 0.28193832599118945
