53 0.06310679611650485 0.5384615384615385 0.1262135922330097 0.4175824175824176
158 0.1650485436893204 0.16483516483516486 0.045307443365695796 0.3296703296703297
145 0.18932038834951456 0.7527472527472528 0.06148867313915858 0.4285714285714286
72 0.29449838187702265 0.7802197802197803 0.03236245954692557 0.26373626373626374
53 0.4449838187702266 0.543956043956044 0.1262135922330097 0.4285714285714286
158 0.5501618122977346 0.16483516483516486 0.045307443365695796 0.3296703296703297
195 0.5711974110032363 0.7527472527472528 0.08090614886731393 0.4285714285714286
72 0.6763754045307444 0.7802197802197803 0.03236245954692557 0.26373626373626374
53 0.8284789644012945 0.5384615384615385 0.12297734627831716 0.4175824175824176
158 0.9320388349514563 0.17582417582417584 0.045307443365695796 0.3296703296703297
189 0.9514563106796117 0.7637362637362638 0.08414239482200647 0.4285714285714286
