6 0.012746512746512747 0.39784946236559143 0.025493025493025494 0.6021505376344086
75 0.030543530543530546 0.6129032258064516 0.012025012025012025 0.38709677419354843
72 0.040163540163540165 0.8225806451612904 0.0033670033670033673 0.16129032258064518
53 0.055074555074555075 0.6881720430107527 0.012025012025012025 0.25806451612903225
84 0.08754208754208755 0.4731182795698925 0.02405002405002405 0.19354838709677422
20 0.11904761904761905 0.478494623655914 0.008177008177008177 0.8064516129032259
30 0.13973063973063973 0.40322580645161293 0.02356902356902357 0.5698924731182796
71 0.16666666666666669 0.510752688172043 0.004329004329004329 0.3548387096774194
34 0.19576719576719578 0.478494623655914 0.02405002405002405 0.7204301075268817
71 0.22462722462722465 0.5215053763440861 0.003848003848003848 0.3548387096774194
35 0.25372775372775375 0.4301075268817205 0.024531024531024532 0.5806451612903226
39 0.27296777296777297 0.49462365591397855 0.008177008177008177 0.7956989247311829
84 0.30423280423280424 0.49462365591397855 0.02356902356902357 0.19354838709677422
20 0.33525733525733525 0.5 0.008658008658008658 0.8064516129032259
168 0.35064935064935066 0.5268817204301076 0.01346801346801347 0.38709677419354843
195 0.3653198653198653 0.19354838709677422 0.011063011063011063 0.3655913978494624
20 0.38023088023088025 0.5053763440860215 0.008177008177008177 0.7956989247311829
168 0.3951418951418952 0.5322580645161291 0.012987012987012988 0.37634408602150543
128 0.4252044252044252 0.5053763440860215 0.021164021164021166 0.06451612903225806
186 0.4533429533429534 0.4623655913978495 0.010101010101010102 0.5161290322580645
39 0.46584896584896585 0.5 0.008177008177008177 0.8064516129032259
75 0.4802789802789803 0.19354838709677422 0.012025012025012025 0.38709677419354843
128 0.4963924963924964 0.24731182795698928 0.01443001443001443 0.043010752688172046
195 0.5122655122655123 0.20967741935483872 0.010582010582010583 0.37634408602150543
71 0.5464165464165465 0.5430107526881721 0.003848003848003848 0.3548387096774194
186 0.5798460798460798 0.4731182795698925 0.010101010101010102 0.5161290322580645
195 0.5925925925925926 0.21505376344086025 0.010582010582010583 0.3655913978494624
20 0.6072631072631073 0.5215053763440861 0.008177008177008177 0.8064516129032259
168 0.621933621933622 0.5537634408602151 0.01346801346801347 0.37634408602150543
128 0.651996151996152 0.5322580645161291 0.021645021645021644 0.05376344086021506
186 0.6803751803751804 0.4838709677419355 0.010101010101010102 0.5161290322580645
39 0.6931216931216931 0.5322580645161291 0.007696007696007696 0.7849462365591399
75 0.7068302068302068 0.22043010752688175 0.012025012025012025 0.37634408602150543
128 0.7231842231842233 0.2741935483870968 0.013949013949013949 0.05376344086021506
195 0.7385762385762386 0.23655913978494625 0.010101010101010102 0.3655913978494624
71 0.772005772005772 0.5698924731182796 0.003848003848003848 0.34408602150537637
168 0.8071188071188071 0.5752688172043011 0.01346801346801347 0.37634408602150543
195 0.8217893217893218 0.24193548387096775 0.011063011063011063 0.37634408602150543
186 0.8354978354978355 0.510752688172043 0.00962000962000962 0.5053763440860215
195 0.848003848003848 0.24731182795698928 0.010582010582010583 0.3655913978494624
161 0.8641173641173642 0.6612903225806452 0.013949013949013949 0.5268817204301076
75 0.8778258778258778 0.7043010752688172 0.011544011544011544 0.37634408602150543
72 0.8874458874458875 0.8978494623655915 0.002886002886002886 0.13978494623655915
53 0.9016354016354017 0.7688172043010754 0.012025012025012025 0.2688172043010753
20 0.9167869167869168 0.5645161290322581 0.007696007696007696 0.8064516129032259
168 0.9314574314574315 0.5967741935483871 0.013949013949013949 0.37634408602150543
72 0.944925444925445 0.8010752688172044 0.004329004329004329 0.22580645161290325
186 0.9677729677729678 0.5268817204301076 0.00962000962000962 0.5161290322580645
39 0.9807599807599808 0.5752688172043011 0.008658008658008658 0.8064516129032259
39 0.994949494949495 0.5752688172043011 0.008177008177008177 0.8064516129032259
