50 0.05087440381558029 0.46195652173913043 0.10174880763116058 0.6195652173913043
205 0.12798092209856918 0.842391304347826 0.05882352941176471 0.2717391304347826
178 0.22655007949125597 0.5380434782608695 0.08426073131955486 0.358695652173913
89 0.3346581875993641 0.5217391304347826 0.08426073131955486 0.8260869565217391
20 0.4125596184419714 0.5217391304347826 0.03656597774244833 0.8260869565217391
205 0.4793322734499205 0.5380434782608695 0.07790143084260732 0.42391304347826086
39 0.5421303656597775 0.5271739130434783 0.03815580286168522 0.8152173913043478
155 0.6319554848966614 0.5163043478260869 0.08426073131955486 0.5760869565217391
89 0.7186009538950716 0.5108695652173912 0.08267090620031797 0.8260869565217391
20 0.7853736089030208 0.5054347826086957 0.03497615262321145 0.8152173913043478
205 0.8505564387917329 0.5271739130434783 0.0794912559618442 0.42391304347826086
39 0.9133545310015899 0.5054347826086957 0.03656597774244833 0.8152173913043478
152 0.9713831478537361 0.19565217391304346 0.05087440381558029 0.3913043478260869
