84 0.015526164462334676 0.5703125 0.031052328924669352 0.1875
201 0.06382978723404255 0.64453125 0.025301897642323174 0.4765625
20 0.08941920644048304 0.5703125 0.010925819436457734 0.640625
20 0.10839562967222542 0.56640625 0.010925819436457734 0.6328125
204 0.12449683726279472 0.5703125 0.0040253018976423235 0.65625
89 0.14836112708453134 0.55078125 0.03220241518113859 0.6484375
168 0.16359976998274872 0.86328125 0.013225991949396205 0.2421875
204 0.18085106382978725 0.57421875 0.0040253018976423235 0.6640625
195 0.19695227142035654 0.18359375 0.015526164462334676 0.3515625
155 0.238355376653249 0.5703125 0.030477285796434734 0.421875
11 0.2869465209890742 0.5078125 0.034502587694077054 0.484375
168 0.30937320299022425 0.86328125 0.012650948821161587 0.2421875
66 0.33726279470960324 0.56640625 0.007475560667050029 0.1015625
89 0.3720529039677976 0.55078125 0.03220241518113859 0.6484375
168 0.38729154686601497 0.86328125 0.013225991949396205 0.2421875
39 0.40713053479010924 0.56640625 0.011500862564692352 0.6328125
155 0.44594594594594594 0.5703125 0.030477285796434734 0.421875
6 0.49683726279470963 0.5 0.034502587694077054 0.5
145 0.5207015526164462 0.8046875 0.0063254744105807935 0.328125
145 0.5402530189764232 0.8046875 0.0063254744105807935 0.328125
20 0.5615296147211041 0.56640625 0.010925819436457734 0.6328125
204 0.5770557791834388 0.5625 0.0040253018976423235 0.65625
89 0.6012075905692927 0.546875 0.0327774583093732 0.640625
204 0.6262219666474985 0.56640625 0.0034502587694077054 0.6640625
195 0.6417481311098332 0.1796875 0.014951121334100058 0.34375
168 0.6641748131109834 0.57421875 0.019551466359977 0.3515625
128 0.6912018401380103 0.21484375 0.023001725129384705 0.0390625
195 0.7170787809085681 0.1796875 0.014951121334100058 0.34375
155 0.7395054629097182 0.22265625 0.020701552616446232 0.2890625
195 0.7625071880391029 0.17578125 0.014951121334100058 0.3515625
83 0.7791834387579069 0.23046875 0.012650948821161587 0.2421875
155 0.8188614146060955 0.5625 0.031052328924669352 0.421875
204 0.8545140885566418 0.5625 0.0034502587694077054 0.65625
7 0.8812535940195515 0.4921875 0.03622771707878091 0.46875
89 0.9140310523289247 0.5390625 0.03162737205290397 0.640625
204 0.9384703852788959 0.5546875 0.0034502587694077054 0.65625
93 0.9551466359976999 0.171875 0.016101207590569294 0.328125
39 0.9749856239217941 0.5546875 0.010925819436457734 0.640625
39 0.9933870040253019 0.55078125 0.010925819436457734 0.6328125
