115 0.022099447513812154 0.3680555555555555 0.04419889502762431 0.736111111111111
141 0.09944751381215469 0.4930555555555555 0.08839779005524862 0.5138888888888888
95 0.20303867403314915 0.6041666666666666 0.1022099447513812 0.736111111111111
104 0.30939226519337015 0.45138888888888884 0.09944751381215469 0.06944444444444445
95 0.4088397790055248 0.611111111111111 0.09392265193370165 0.6944444444444444
80 0.505524861878453 0.5208333333333333 0.07734806629834254 0.4861111111111111
130 0.611878453038674 0.5138888888888888 0.1022099447513812 0.4722222222222222
80 0.7140883977900552 0.5069444444444444 0.08011049723756905 0.4861111111111111
163 0.7997237569060773 0.5 0.06906077348066297 0.4722222222222222
53 0.8950276243093922 0.5208333333333333 0.09392265193370165 0.4861111111111111
115 0.9709944751381215 0.3819444444444444 0.04696132596685083 0.736111111111111
