84 0.012354312354312355 0.5508849557522124 0.02470862470862471 0.10176991150442477
110 0.057342657342657345 0.5464601769911505 0.0344988344988345 0.827433628318584
211 0.06783216783216783 0.8915929203539823 0.01351981351981352 0.19911504424778761
195 0.08531468531468532 0.14380530973451328 0.012121212121212121 0.19911504424778761
154 0.10163170163170163 0.1747787610619469 0.013986013986013986 0.13716814159292035
20 0.12004662004662005 0.5486725663716814 0.008857808857808857 0.36283185840707965
163 0.1372960372960373 0.5486725663716814 0.014452214452214451 0.18584070796460178
128 0.17062937062937064 0.5464601769911505 0.023310023310023312 0.030973451327433628
168 0.20256410256410257 0.5530973451327433 0.015384615384615385 0.19469026548672566
39 0.21934731934731935 0.5464601769911505 0.008857808857808857 0.3584070796460177
20 0.24498834498834499 0.5420353982300885 0.019114219114219115 0.8893805309734513
110 0.2811188811188811 0.5442477876106194 0.0344988344988345 0.831858407079646
168 0.28997668997668996 0.918141592920354 0.011188811188811189 0.13716814159292035
163 0.3079254079254079 0.16592920353982302 0.009790209790209791 0.12831858407079647
204 0.3289044289044289 0.5376106194690266 0.0032634032634032634 0.8982300884955752
94 0.4529137529137529 0.5420353982300885 0.22424242424242424 0.030973451327433628
20 0.3484848484848485 0.26327433628318586 0.008857808857808857 0.3584070796460177
208 0.365034965034965 0.25442477876106195 0.018648018648018648 0.3495575221238938
70 0.3944055944055944 0.2610619469026549 0.015850815850815853 0.1504424778761062
89 0.42703962703962706 0.25 0.026107226107226107 0.3672566371681416
186 0.43892773892773895 0.8495575221238938 0.010722610722610722 0.23893805309734512
39 0.4489510489510489 0.2654867256637168 0.009324009324009324 0.36283185840707965
25 0.4599067599067599 0.6902654867256637 0.02097902097902098 0.19469026548672566
186 0.46223776223776225 0.41814159292035397 0.006993006993006993 0.16371681415929204
20 0.47715617715617714 0.26327433628318586 0.008857808857808857 0.3584070796460177
186 0.49184149184149184 0.24778761061946902 0.010256410256410256 0.23893805309734512
72 0.5132867132867133 0.3606194690265487 0.004662004662004662 0.08407079646017698
188 0.5379953379953379 0.22566371681415928 0.018648018648018648 0.2831858407079646
39 0.5568764568764569 0.26769911504424776 0.008857808857808857 0.3584070796460177
128 0.593006993006993 0.5398230088495575 0.023310023310023312 0.02654867256637168
25 0.6351981351981352 0.5066371681415929 0.032167832167832165 0.26991150442477874
94 0.7496503496503496 0.5420353982300885 0.18275058275058276 0.030973451327433628
208 0.6673659673659673 0.27876106194690264 0.01818181818181818 0.34513274336283184
70 0.696969696969697 0.28761061946902655 0.015850815850815853 0.1504424778761062
186 0.7167832167832168 0.8606194690265486 0.010722610722610722 0.2345132743362832
89 0.7296037296037297 0.2809734513274336 0.026107226107226107 0.3672566371681416
25 0.7375291375291375 0.6969026548672567 0.021445221445221443 0.1902654867256637
20 0.7524475524475525 0.28761061946902655 0.009324009324009324 0.36283185840707965
155 0.7610722610722611 0.7234513274336283 0.01724941724941725 0.16371681415929204
186 0.7671328671328671 0.2743362831858407 0.010722610722610722 0.23893805309734512
145 0.7794871794871795 0.6969026548672567 0.005594405594405594 0.1902654867256637
72 0.7885780885780885 0.3827433628318584 0.005128205128205128 0.08407079646017698
188 0.8132867132867133 0.25 0.019114219114219115 0.28761061946902655
39 0.8321678321678322 0.2920353982300885 0.009324009324009324 0.36283185840707965
204 0.8510489510489511 0.5353982300884955 0.0032634032634032634 0.9026548672566371
195 0.8652680652680653 0.09734513274336283 0.012121212121212121 0.19469026548672566
75 0.8944055944055944 0.49557522123893805 0.022843822843822845 0.2920353982300885
186 0.9121212121212121 0.5265486725663717 0.010722610722610722 0.23893805309734512
39 0.9314685314685315 0.5376106194690266 0.018648018648018648 0.8893805309734513
75 0.9675990675990676 0.49336283185840707 0.022843822843822845 0.29646017699115046
188 0.9897435897435898 0.5 0.018648018648018648 0.2831858407079646
