20 0.012032085561497326 0.5352941176470588 0.02406417112299465 0.8823529411764706
172 0.05949197860962566 0.5588235294117647 0.05213903743315508 0.4588235294117647
68 0.07018716577540106 0.12941176470588234 0.030748663101604276 0.18823529411764706
145 0.11497326203208555 0.7705882352941177 0.02406417112299465 0.4117647058823529
74 0.20855614973262032 0.5352941176470588 0.06951871657754011 0.4588235294117647
172 0.31082887700534756 0.5352941176470588 0.05481283422459893 0.4588235294117647
68 0.32085561497326204 0.1 0.0320855614973262 0.2
195 0.36631016042780745 0.7647058823529411 0.034759358288770054 0.4235294117647059
39 0.40574866310160423 0.5 0.028074866310160426 0.8823529411764706
65 0.4946524064171123 0.5294117647058824 0.06951871657754011 0.47058823529411764
117 0.5949197860962566 0.5117647058823529 0.0427807486631016 0.8823529411764706
201 0.6631016042780749 0.6352941176470588 0.06149732620320855 0.6588235294117647
164 0.729946524064171 0.5117647058823529 0.04545454545454545 0.8823529411764706
84 0.8402406417112299 0.5176470588235293 0.07085561497326202 0.23529411764705882
82 0.9625668449197861 0.43529411764705883 0.06951871657754011 0.7058823529411764
