6 0.045075125208681135 0.3961038961038961 0.09015025041736227 0.7922077922077922
56 0.12353923205342238 0.19480519480519481 0.03672787979966611 0.3116883116883117
104 0.17696160267111855 0.525974025974026 0.03672787979966611 0.06493506493506494
101 0.24290484140233723 0.38311688311688313 0.06844741235392321 0.7402597402597403
141 0.31469115191986646 0.5194805194805195 0.06176961602671119 0.49350649350649356
126 0.40734557595993326 0.525974025974026 0.10684474123539232 0.48051948051948057
141 0.4991652754590985 0.525974025974026 0.06010016694490818 0.48051948051948057
95 0.5684474123539233 0.6233766233766234 0.06176961602671119 0.7012987012987013
80 0.6327212020033389 0.525974025974026 0.05342237061769616 0.48051948051948057
130 0.7036727879799667 0.5194805194805195 0.06844741235392321 0.4675324675324676
80 0.7721202003338898 0.5194805194805195 0.05175292153589316 0.49350649350649356
141 0.837228714524207 0.5194805194805195 0.06176961602671119 0.49350649350649356
196 0.9123539232053423 0.5324675324675325 0.06844741235392321 0.49350649350649356
168 0.9749582637729549 0.525974025974026 0.04340567612687813 0.48051948051948057
