69 0.03897338403041825 0.6217948717948718 0.0779467680608365 0.6282051282051282
84 0.21007604562737642 0.49358974358974356 0.09315589353612168 0.24358974358974358
69 0.3849809885931559 0.6153846153846154 0.0779467680608365 0.641025641025641
20 0.45722433460076045 0.49358974358974356 0.03231939163498099 0.9615384615384615
46 0.5380228136882129 0.3974358974358974 0.09505703422053231 0.717948717948718
48 0.6321292775665399 0.6474358974358975 0.06653992395437262 0.4487179487179487
117 0.7091254752851711 0.4807692307692307 0.030418250950570342 0.9615384615384615
7 0.8155893536121673 0.391025641025641 0.10266159695817491 0.6794871794871795
164 0.9239543726235742 0.4807692307692307 0.034220532319391636 0.9615384615384615
39 0.9800380228136882 0.47435897435897434 0.03231939163498099 0.9487179487179487
