95 0.01763110307414105 0.6036585365853658 0.0352622061482821 0.6707317073170732
190 0.027576853526220614 0.10975609756097561 0.024412296564195298 0.12195121951219512
113 0.048824593128390596 0.7560975609756098 0.0216998191681736 0.43902439024390244
20 0.08318264014466546 0.48170731707317077 0.0216998191681736 0.9146341463414634
20 0.10804701627486438 0.475609756097561 0.020795660036166366 0.926829268292683
210 0.13517179023508136 0.5 0.03164556962025317 0.4634146341463415
72 0.16184448462929474 0.7682926829268293 0.0108499095840868 0.2682926829268293
210 0.20162748643761302 0.5060975609756098 0.03074141048824593 0.45121951219512196
148 0.21021699819168174 0.10365853658536586 0.024412296564195298 0.06097560975609756
39 0.23010849909584086 0.475609756097561 0.020795660036166366 0.926829268292683
72 0.2527124773960217 0.7560975609756098 0.011754068716094032 0.2682926829268293
212 0.2933996383363472 0.4573170731707317 0.02802893309222423 0.8902439024390244
158 0.32459312839059673 0.15853658536585366 0.0108499095840868 0.2682926829268293
39 0.34403254972875225 0.4878048780487805 0.020795660036166366 0.926829268292683
84 0.39556962025316456 0.46951219512195125 0.04792043399638336 0.23170731707317074
14 0.46699819168173595 0.39634146341463417 0.06419529837251356 0.6951219512195123
113 0.5063291139240507 0.7439024390243902 0.0216998191681736 0.4634146341463415
20 0.5393309222423146 0.475609756097561 0.020795660036166366 0.926829268292683
210 0.566003616636528 0.5 0.03074141048824593 0.4634146341463415
72 0.5917721518987341 0.7560975609756098 0.011754068716094032 0.2682926829268293
20 0.629746835443038 0.4634146341463415 0.020795660036166366 0.926829268292683
212 0.6577757685352622 0.4573170731707317 0.02802893309222423 0.8902439024390244
158 0.6894213381555153 0.15853658536585366 0.009945750452079566 0.2682926829268293
72 0.7056962025316456 0.7560975609756098 0.011754068716094032 0.2682926829268293
212 0.7463833634719711 0.4573170731707317 0.02802893309222423 0.8902439024390244
78 0.7802893309222423 0.14634146341463417 0.0216998191681736 0.2682926829268293
39 0.8060578661844484 0.475609756097561 0.020795660036166366 0.926829268292683
39 0.8309222423146474 0.4634146341463415 0.0216998191681736 0.926829268292683
108 0.876130198915009 0.5060975609756098 0.034358047016274866 0.5
0 0.9443942133815552 0.38414634146341464 0.06962025316455696 0.7195121951219512
113 0.9873417721518987 0.725609756097561 0.0216998191681736 0.45121951219512196
