187 0.04798761609907121 0.47126436781609193 0.09597523219814243 0.4367816091954023
113 0.14396284829721362 0.6896551724137931 0.07120743034055728 0.41379310344827586
211 0.23065015479876164 0.82183908045977 0.07120743034055728 0.3103448275862069
20 0.3390092879256966 0.4367816091954023 0.07120743034055728 0.8735632183908046
210 0.4226006191950465 0.7586206896551724 0.07120743034055728 0.27586206896551724
211 0.5077399380804953 0.5804597701149425 0.06811145510835914 0.3103448275862069
34 0.6547987616099071 0.4540229885057471 0.17027863777089786 0.8620689655172413
210 0.7910216718266254 0.7586206896551724 0.07120743034055728 0.27586206896551724
211 0.8746130030959753 0.5804597701149425 0.07120743034055728 0.3103448275862069
39 0.9582043343653251 0.43103448275862066 0.07120743034055728 0.8620689655172413
