126 0.030456852791878174 0.48765432098765427 0.06091370558375635 0.43209876543209874
148 0.030964467005076143 0.16666666666666666 0.027411167512690356 0.06172839506172839
30 0.08527918781725889 0.6172839506172839 0.03654822335025381 0.4444444444444444
84 0.1730964467005076 0.4567901234567901 0.049746192893401014 0.24691358024691357
20 0.25279187817258886 0.4567901234567901 0.018274111675126905 0.9135802469135802
126 0.3 0.49382716049382713 0.06192893401015229 0.4444444444444444
30 0.3553299492385787 0.6234567901234568 0.03857868020304569 0.4567901234567901
72 0.3771573604060914 0.8580246913580246 0.007106598984771574 0.18518518518518517
211 0.40812182741116754 0.6358024691358024 0.024365482233502538 0.43209876543209874
72 0.43502538071065994 0.7345679012345678 0.009137055837563452 0.25925925925925924
126 0.5025380710659899 0.5 0.06091370558375635 0.43209876543209874
30 0.5568527918781726 0.6296296296296295 0.03756345177664975 0.4444444444444444
72 0.5781725888324873 0.8580246913580246 0.007106598984771574 0.16049382716049382
145 0.6076142131979696 0.654320987654321 0.015228426395939087 0.41975308641975306
72 0.6340101522842639 0.7469135802469136 0.009137055837563452 0.25925925925925924
119 0.6979695431472082 0.6604938271604938 0.07208121827411168 0.1111111111111111
72 0.7629441624365483 0.7469135802469136 0.009137055837563452 0.25925925925925924
126 0.8162436548223351 0.5185185185185185 0.06091370558375635 0.4444444444444444
30 0.8695431472081219 0.6419753086419753 0.03553299492385787 0.4444444444444444
72 0.8908629441624366 0.8765432098765431 0.007106598984771574 0.19753086419753085
113 0.9218274111675128 0.6481481481481481 0.024365482233502538 0.4567901234567901
30 0.9538071065989848 0.8024691358024691 0.029441624365482234 0.345679012345679
39 0.9888324873096447 0.48765432098765427 0.018274111675126905 0.9259259259259258
