154 0.03405572755417957 0.5652173913043478 0.06811145510835914 0.3913043478260869
195 0.0936532507739938 0.6847826086956521 0.03869969040247678 0.41304347826086957
20 0.15247678018575853 0.532608695652174 0.029411764705882356 0.8913043478260869
50 0.23297213622291024 0.45108695652173914 0.10371517027863777 0.6195652173913043
128 0.3715170278637771 0.532608695652174 0.07739938080495357 0.043478260869565216
50 0.5069659442724459 0.45108695652173914 0.10371517027863777 0.6195652173913043
155 0.6060371517027864 0.22826086956521738 0.06346749226006192 0.45652173913043476
39 0.6741486068111455 0.532608695652174 0.029411764705882356 0.8913043478260869
174 0.7856037151702787 0.532608695652174 0.08513931888544893 0.3913043478260869
52 0.9133126934984521 0.45108695652173914 0.07739938080495357 0.6195652173913043
83 0.9783281733746131 0.25 0.03715170278637771 0.30434782608695654
