208 0.019908987485779295 0.5 0.03981797497155859 0.6166666666666667
158 0.055745164960182024 0.225 0.015927189988623434 0.25
84 0.13310580204778155 0.49166666666666664 0.06143344709897611 0.18333333333333332
95 0.21956769055745165 0.5833333333333334 0.043230944254835035 0.45
20 0.2656427758816837 0.49166666666666664 0.021615472127417518 0.6833333333333333
208 0.3031854379977247 0.49166666666666664 0.03981797497155859 0.6166666666666667
72 0.34186575654152446 0.6833333333333333 0.012514220705346985 0.2
212 0.3936291240045506 0.5 0.040955631399317405 0.6166666666666667
39 0.4351535836177474 0.49166666666666664 0.021615472127417518 0.6833333333333333
84 0.5164960182025028 0.49166666666666664 0.06143344709897611 0.16666666666666666
182 0.6467576791808873 0.49166666666666664 0.12627986348122866 0.9833333333333333
95 0.7542662116040956 0.5791666666666666 0.043230944254835035 0.4583333333333333
105 0.7895335608646188 0.6041666666666666 0.01820250284414107 0.325
112 0.8185437997724687 0.6625 0.02844141069397042 0.4083333333333333
208 0.8651877133105802 0.5 0.03981797497155859 0.6166666666666667
105 0.9027303754266212 0.22083333333333333 0.019340159271899884 0.325
212 0.9448236632536974 0.5 0.03981797497155859 0.6166666666666667
112 0.9835039817974971 0.2625 0.02844141069397042 0.425
