155 0.018014955812372533 0.4852216748768473 0.036029911624745066 0.270935960591133
189 0.06968048946295037 0.4482758620689655 0.02379333786539769 0.31527093596059114
6 0.1097892590074779 0.4482758620689655 0.04146838885112168 0.31527093596059114
145 0.13868116927260365 0.6428571428571429 0.00815771583956492 0.21182266009852216
6 0.17811012916383412 0.4482758620689655 0.04078857919782461 0.31527093596059114
189 0.2063222297756628 0.6428571428571429 0.01699524133242692 0.22167487684729065
110 0.25662814411964646 0.49507389162561577 0.0496261046906866 0.9211822660098522
211 0.27226376614547926 0.8793103448275862 0.019714479945615225 0.22167487684729065
163 0.2957171991842284 0.07389162561576355 0.014955812372535689 0.1477832512315271
94 0.340924541128484 0.4975369458128079 0.03195105370496261 0.029556650246305417
168 0.3388851121685928 0.7881773399014779 0.022433718558803533 0.21674876847290642
145 0.34058463630183544 0.1748768472906404 0.013596193065941536 0.30049261083743845
20 0.37423521414004074 0.5 0.012916383412644459 0.39901477832512317
6 0.41026512576478585 0.458128078817734 0.04146838885112168 0.31527093596059114
189 0.4398368456832087 0.6527093596059114 0.01631543167912984 0.22167487684729065
168 0.46498980285520053 0.5049261083743842 0.02311352821210061 0.22167487684729065
195 0.4904826648538409 0.2561576354679803 0.01699524133242692 0.21674876847290642
187 0.5122365737593474 0.2931034482758621 0.015635622025832765 0.15270935960591134
7 0.5479265805574439 0.4605911330049261 0.043507817811012914 0.30049261083743845
20 0.5856560163154316 0.5049261083743842 0.012916383412644459 0.39901477832512317
168 0.6080897348742352 0.5098522167487685 0.022433718558803533 0.22167487684729065
39 0.6332426920462271 0.5049261083743842 0.012916383412644459 0.39901477832512317
155 0.6791298436437797 0.5049261083743842 0.036709721278042146 0.270935960591133
7 0.7372535690006797 0.46551724137931033 0.042828008157715834 0.30049261083743845
145 0.7749830047586675 0.2660098522167488 0.006798096532970768 0.20689655172413793
155 0.8014955812372535 0.2931034482758621 0.024473147518694765 0.18226600985221675
96 0.8290278721957851 0.3226600985221675 0.014276002719238613 0.2019704433497537
20 0.8521414004078858 0.5098522167487685 0.012916383412644459 0.39901477832512317
168 0.8752549286199863 0.5123152709359606 0.022433718558803533 0.21674876847290642
39 0.9004078857919782 0.5073891625615764 0.012916383412644459 0.4039408866995074
39 0.9221617946974846 0.5098522167487685 0.012916383412644459 0.39901477832512317
75 0.9612508497620665 0.458128078817734 0.03263086335825968 0.3251231527093596
168 0.987423521414004 0.5147783251231527 0.022433718558803533 0.22167487684729065
