89 0.02869757174392936 0.4482758620689655 0.05739514348785872 0.8620689655172413
14 0.08609271523178808 0.6293103448275862 0.06181015452538631 0.43103448275862066
20 0.152317880794702 0.4396551724137931 0.03532008830022075 0.8103448275862069
45 0.22737306843267108 0.3706896551724138 0.07947019867549669 0.6724137931034483
39 0.2947019867549669 0.4396551724137931 0.033112582781456956 0.8103448275862069
84 0.3852097130242826 0.39655172413793105 0.0728476821192053 0.27586206896551724
89 0.4867549668874172 0.4396551724137931 0.059602649006622516 0.8793103448275862
14 0.5419426048565121 0.6293103448275862 0.059602649006622516 0.43103448275862066
158 0.58719646799117 0.5 0.013245033112582781 0.1724137931034483
20 0.6192052980132451 0.4396551724137931 0.04194260485651214 0.8448275862068966
89 0.6677704194260485 0.43103448275862066 0.05518763796909492 0.8620689655172413
14 0.7207505518763797 0.6206896551724138 0.059602649006622516 0.41379310344827586
195 0.7615894039735099 0.7844827586206896 0.026490066225165563 0.3620689655172414
20 0.7958057395143487 0.4224137931034483 0.033112582781456956 0.8103448275862069
45 0.8719646799116998 0.35344827586206895 0.07947019867549669 0.6724137931034483
39 0.9381898454746137 0.4396551724137931 0.030905077262693155 0.8103448275862069
39 0.9790286975717439 0.4396551724137931 0.033112582781456956 0.8103448275862069
