101 0.03398058252427184 0.427710843373494 0.06796116504854369 0.6385542168674699
195 0.0970873786407767 0.21084337349397592 0.04271844660194175 0.42168674698795183
20 0.1563106796116505 0.5120481927710844 0.033009708737864074 0.9036144578313253
46 0.23689320388349513 0.427710843373494 0.0970873786407767 0.6867469879518072
48 0.3359223300970874 0.674698795180723 0.06601941747572815 0.43373493975903615
117 0.41262135922330095 0.5180722891566265 0.036893203883495145 0.9156626506024097
7 0.5233009708737864 0.43975903614457834 0.10679611650485436 0.6385542168674699
164 0.633009708737864 0.5180722891566265 0.03495145631067961 0.9156626506024097
39 0.687378640776699 0.5240963855421688 0.031067961165048542 0.9036144578313253
84 0.8213592233009709 0.5240963855421688 0.09320388349514563 0.22891566265060243
211 0.9650485436893204 0.45783132530120485 0.062135922330097085 0.6265060240963856
