53 0.04073319755600814 0.42338709677419356 0.08146639511201628 0.34677419354838707
108 0.19450101832993888 0.4193548387096774 0.09572301425661914 0.4032258064516129
163 0.3370672097759674 0.4193548387096774 0.05906313645621181 0.3387096774193548
80 0.40733197556008144 0.4274193548387097 0.06924643584521384 0.3548387096774194
95 0.4887983706720977 0.4838709677419355 0.07739307535641547 0.46774193548387094
13 0.615071283095723 0.3387096774193548 0.10590631364562117 0.5
163 0.6934826883910387 0.7016129032258064 0.04276985743380855 0.22580645161290322
211 0.7372708757637474 0.8588709677419355 0.04073319755600814 0.25
20 0.810590631364562 0.41129032258064513 0.03665987780040733 0.6451612903225806
101 0.8910386965376781 0.3346774193548387 0.07942973523421588 0.5241935483870968
148 0.8869653767820773 0.016129032258064516 0.05498981670061099 0.03225806451612903
39 0.9765784114052952 0.41532258064516125 0.038696537678207736 0.6370967741935484
