10 0.037552155771905425 0.520618556701031 0.07510431154381085 0.5463917525773195
105 0.08484005563282336 0.7989690721649484 0.019471488178025034 0.36082474226804123
20 0.09318497913769123 0.26288659793814434 0.019471488178025034 0.5051546391752577
163 0.12378303198887343 0.27835051546391754 0.030598052851182195 0.24742268041237114
128 0.17107093184979136 0.26288659793814434 0.041724617524339355 0.05154639175257732
145 0.2183588317107093 0.22164948453608246 0.025034770514603615 0.36082474226804123
39 0.2489568845618915 0.25257731958762886 0.016689847009735744 0.5051546391752577
6 0.31084840055632823 0.5154639175257731 0.0737134909596662 0.5773195876288659
105 0.3525730180806676 0.7216494845360825 0.020862308762169678 0.3711340206185567
155 0.39499304589707923 0.7577319587628866 0.04728789986091794 0.36082474226804123
163 0.44089012517385257 0.768041237113402 0.030598052851182195 0.25773195876288657
128 0.4881780250347705 0.7525773195876289 0.04450625869262865 0.061855670103092786
145 0.5361613351877608 0.7164948453608248 0.02364394993045897 0.36082474226804123
100 0.6286509040333796 0.5721649484536082 0.06119610570236439 0.44329896907216493
126 0.7433936022253129 0.5927835051546392 0.08484005563282336 0.36082474226804123
105 0.8004172461752433 0.7061855670103092 0.020862308762169678 0.36082474226804123
155 0.8428372739916551 0.7422680412371134 0.04728789986091794 0.3711340206185567
163 0.8887343532684283 0.7577319587628866 0.030598052851182195 0.25773195876288657
128 0.9367176634214186 0.7422680412371134 0.043115438108484005 0.061855670103092786
145 0.9847009735744089 0.7061855670103092 0.025034770514603615 0.36082474226804123
