163 0.01677018633540373 0.49382716049382713 0.03354037267080746 0.4691358024691358
20 0.055279503105590065 0.47530864197530864 0.02360248447204969 0.9259259259259258
117 0.09875776397515529 0.47530864197530864 0.040993788819875775 0.9259259259259258
172 0.15590062111801242 0.5061728395061729 0.0484472049689441 0.4691358024691358
56 0.20745341614906834 0.19135802469135801 0.03975155279503106 0.38271604938271603
145 0.20496894409937888 0.7407407407407407 0.02236024844720497 0.4444444444444444
164 0.26211180124223604 0.4691358024691358 0.0422360248447205 0.9135802469135802
39 0.30434782608695654 0.48148148148148145 0.02236024844720497 0.9382716049382716
65 0.3869565217391305 0.49382716049382713 0.06832298136645963 0.49382716049382713
163 0.4745341614906832 0.5061728395061729 0.03229813664596273 0.4444444444444444
20 0.5142857142857143 0.48765432098765427 0.02236024844720497 0.9259259259259258
117 0.5571428571428572 0.48148148148148145 0.040993788819875775 0.9135802469135802
172 0.613664596273292 0.5185185185185185 0.04720496894409938 0.4691358024691358
56 0.6652173913043479 0.20987654320987653 0.03850931677018634 0.3950617283950617
195 0.6639751552795031 0.7469135802469136 0.03354037267080746 0.43209876543209874
164 0.7192546583850932 0.48148148148148145 0.03975155279503106 0.9135802469135802
39 0.760248447204969 0.48765432098765427 0.02236024844720497 0.9259259259259258
135 0.853416149068323 0.5 0.06708074534161491 0.9506172839506173
82 0.9664596273291925 0.4135802469135802 0.062111801242236024 0.7530864197530864
