20 0.016129032258064516 0.4842105263157895 0.03225806451612903 0.7999999999999999
48 0.08976157082748948 0.4263157894736842 0.0729312762973352 0.6
65 0.17601683029453014 0.5157894736842105 0.07433380084151472 0.42105263157894735
7 0.2769985974754558 0.4105263157894737 0.08555399719495091 0.5894736842105263
148 0.29453015427769985 0.02631578947368421 0.05049088359046283 0.05263157894736842
39 0.35133239831697055 0.49473684210526314 0.03225806451612903 0.7999999999999999
191 0.43057503506311356 0.4842105263157895 0.056100981767180924 0.42105263157894735
12 0.52945301542777 0.42105263157894735 0.07433380084151472 0.6105263157894737
113 0.5890603085553997 0.7157894736842105 0.033660589060308554 0.37894736842105264
211 0.6283309957924264 0.8368421052631578 0.030855539971949508 0.28421052631578947
20 0.6788218793828892 0.4789473684210526 0.033660589060308554 0.7894736842105263
76 0.7265077138849929 0.4052631578947368 0.047685834502103785 0.6421052631578947
39 0.7819074333800842 0.49473684210526314 0.03225806451612903 0.7999999999999999
191 0.8632538569424965 0.4842105263157895 0.05750350631136045 0.42105263157894735
30 0.9600280504908836 0.4105263157894737 0.07433380084151472 0.5894736842105263
