210 0.031067961165048542 0.47023809523809523 0.062135922330097085 0.44047619047619047
84 0.15048543689320387 0.4464285714285714 0.1029126213592233 0.22619047619047616
4 0.26990291262135924 0.4464285714285714 0.05436893203883495 0.8928571428571428
210 0.3378640776699029 0.47023809523809523 0.062135922330097085 0.44047619047619047
211 0.40970873786407763 0.7321428571428571 0.05048543689320388 0.41666666666666663
72 0.4766990291262136 0.738095238095238 0.02524271844660194 0.26190476190476186
119 0.6145631067961165 0.6607142857142857 0.12233009708737863 0.10714285714285714
72 0.7320388349514563 0.75 0.02330097087378641 0.23809523809523808
210 0.8262135922330097 0.4880952380952381 0.05631067961165048 0.45238095238095233
126 0.8980582524271844 0.8273809523809523 0.07184466019417475 0.2976190476190476
5 0.9689320388349514 0.47023809523809523 0.05436893203883495 0.869047619047619
