84 0.01195219123505976 0.49339933993399343 0.02390438247011952 0.07590759075907591
105 0.04271801682160248 0.8399339933993399 0.006640106241699867 0.1419141914191419
84 0.05732625055334219 0.8547854785478548 0.01637892872952634 0.052805280528052806
16 0.07171314741035857 0.15841584158415842 0.015050907481186366 0.14521452145214522
182 0.0903054448871182 0.49339933993399343 0.04957945993802568 0.3927392739273927
145 0.0750332005312085 0.8366336633663366 0.005754758742806552 0.1419141914191419
72 0.09141212926073485 0.2260726072607261 0.003098716246126605 0.0429042904290429
72 0.0918548030101815 0.9026402640264026 0.003098716246126605 0.0429042904290429
112 0.1018149623727313 0.8531353135313532 0.011509517485613104 0.17491749174917492
17 0.10624169986719788 0.1551155115511551 0.019477644975652943 0.14521452145214522
84 0.11907923860115095 0.8531353135313532 0.016821602478972998 0.056105610561056105
145 0.13678618857901725 0.8366336633663366 0.005312084993359894 0.1419141914191419
201 0.16179725542275344 0.5264026402640264 0.0199203187250996 0.20132013201320131
20 0.20163789287295264 0.4966996699669967 0.02080566622399292 0.9933993399339934
204 0.21890216910137228 0.49504950495049505 0.003098716246126605 0.27722772277227725
89 0.23749446657813192 0.48514851485148514 0.025232403718459497 0.2706270627062706
105 0.24900398406374502 0.5973597359735974 0.006640106241699867 0.14521452145214522
112 0.2587428065515715 0.6138613861386139 0.01195219123505976 0.1782178217821782
72 0.27622841965471445 0.6617161716171617 0.0035413899955732625 0.0429042904290429
168 0.28530323151837095 0.6155115511551155 0.01018149623727313 0.10231023102310231
204 0.29858344400177067 0.4966996699669967 0.003098716246126605 0.28052805280528054
195 0.3109783089862771 0.334983498349835 0.01195219123505976 0.1485148514851485
155 0.3421868083222665 0.49504950495049505 0.02390438247011952 0.1782178217821782
204 0.3705179282868526 0.49339933993399343 0.0035413899955732625 0.834983498349835
94 0.41876936697653827 0.4966996699669967 0.07436918990703852 0.023102310231023104
89 0.39486498450641877 0.24752475247524752 0.02478972996901284 0.2706270627062706
105 0.4068171757414785 0.3580858085808581 0.007082779991146525 0.1419141914191419
168 0.41766268260292166 0.6881188118811882 0.014608233731739709 0.1485148514851485
112 0.4167773351040283 0.37623762376237624 0.01195219123505976 0.1782178217821782
72 0.434041611332448 0.4240924092409241 0.003098716246126605 0.0429042904290429
188 0.44599380256750776 0.3547854785478548 0.012837538733953076 0.1485148514851485
204 0.46525011066843736 0.4966996699669967 0.0035413899955732625 0.834983498349835
195 0.47941567065073043 0.09075907590759076 0.011509517485613104 0.1485148514851485
39 0.5 0.49834983498349833 0.02080566622399292 0.9900990099009901
155 0.5427180168216025 0.49504950495049505 0.02390438247011952 0.1782178217821782
189 0.5761398849048252 0.46864686468646866 0.015493581230633024 0.21122112211221122
6 0.6024789729969013 0.46864686468646866 0.027445772465692783 0.21122112211221122
145 0.6206285967242142 0.5973597359735974 0.005312084993359894 0.13861386138613863
145 0.6350154935812307 0.6006600660066007 0.005754758742806552 0.13861386138613863
201 0.6560424966799469 0.5297029702970297 0.019477644975652943 0.20132013201320131
20 0.6766268260292164 0.4966996699669967 0.009296148738379814 0.26732673267326734
204 0.6881363435148296 0.49834983498349833 0.003098716246126605 0.27722772277227725
89 0.7071713147410359 0.4884488448844885 0.025232403718459497 0.2706270627062706
204 0.7262062859672421 0.5 0.003098716246126605 0.28052805280528054
195 0.7386011509517486 0.33663366336633666 0.01195219123505976 0.14521452145214522
168 0.7552014165559983 0.5033003300330033 0.015050907481186366 0.1485148514851485
128 0.7762284196547145 0.35313531353135313 0.01814962372731297 0.019801980198019802
195 0.7959274015050908 0.33663366336633666 0.011509517485613104 0.14521452145214522
155 0.812970340858787 0.35973597359735976 0.01637892872952634 0.1254125412541254
195 0.8306772908366534 0.33663366336633666 0.01195219123505976 0.14521452145214522
83 0.8435148295706064 0.35973597359735976 0.01018149623727313 0.10561056105610561
155 0.8740593182824259 0.49834983498349833 0.02434705621956618 0.1782178217821782
204 0.9019477644975653 0.5 0.003098716246126605 0.28052805280528054
7 0.9220894200973883 0.47194719471947194 0.0283311199645861 0.20462046204620463
89 0.9477644975652944 0.49174917491749176 0.025675077467906152 0.2706270627062706
204 0.9665781319167773 0.5 0.003098716246126605 0.28052805280528054
93 0.9796370075254538 0.3415841584158416 0.01239486498450642 0.1419141914191419
39 0.9946879150066401 0.5016501650165016 0.008853474988933156 0.2706270627062706
