95 0.028004667444574093 0.6428571428571428 0.05600933488914819 0.47619047619047616
145 0.07059509918319719 0.8174603174603174 0.012835472578763127 0.3333333333333333
195 0.10910151691948657 0.8095238095238095 0.03150525087514586 0.3492063492063492
20 0.15227537922987164 0.5674603174603174 0.02217036172695449 0.6428571428571428
209 0.20303383897316218 0.6388888888888888 0.053675612602100346 0.46825396825396826
39 0.2555425904317386 0.5714285714285714 0.02333722287047841 0.6507936507936507
84 0.3407234539089848 0.5674603174603174 0.06301050175029171 0.18253968253968253
211 0.44865810968494746 0.5 0.07117852975495916 0.5079365079365079
20 0.5029171528588098 0.5674603174603174 0.02333722287047841 0.6428571428571428
204 0.5355892648774795 0.5674603174603174 0.007001166861143523 0.6746031746031745
209 0.5816802800466744 0.6388888888888888 0.052508751458576426 0.46825396825396826
204 0.6289381563593932 0.5714285714285714 0.007001166861143523 0.6666666666666666
195 0.6616102683780629 0.17857142857142855 0.030338389731621934 0.3571428571428571
17 0.7100350058343057 0.1865079365079365 0.050175029171528586 0.3412698412698413
128 0.7695449241540256 0.21825396825396826 0.0455075845974329 0.03968253968253968
195 0.8203033838973162 0.18253968253968253 0.030338389731621934 0.3492063492063492
155 0.865810968494749 0.23015873015873015 0.04200700116686114 0.30158730158730157
195 0.9113185530921819 0.18253968253968253 0.030338389731621934 0.3492063492063492
83 0.9457409568261376 0.23412698412698413 0.026837806301050173 0.24603174603174602
39 0.9859976662777129 0.5753968253968254 0.02333722287047841 0.6428571428571428
