163 0.014568158168574402 0.6010101010101011 0.029136316337148804 0.37373737373737376
158 0.04422476586888658 0.3282828282828283 0.011446409989594173 0.21212121212121213
20 0.07700312174817898 0.5909090909090909 0.022892819979188347 0.7575757575757577
89 0.11810613943808534 0.5757575757575758 0.05515088449531738 0.7676767676767677
20 0.16285119667013528 0.5757575757575758 0.02393340270551509 0.7474747474747475
212 0.19614984391259108 0.5757575757575758 0.03225806451612904 0.7272727272727273
39 0.2320499479708637 0.5808080808080809 0.022892819979188347 0.7575757575757577
72 0.2580645161290323 0.8232323232323233 0.012486992715920917 0.21212121212121213
89 0.3022892819979189 0.5757575757575758 0.05515088449531738 0.7676767676767677
148 0.36316337148803335 0.015151515151515152 0.149843912591051 0.030303030303030304
20 0.34599375650364206 0.5808080808080809 0.02393340270551509 0.7575757575757577
212 0.37877211238293446 0.5757575757575758 0.03121748178980229 0.7272727272727273
39 0.41415192507804377 0.5909090909090909 0.022892819979188347 0.7575757575757577
39 0.4516129032258065 0.5909090909090909 0.022892819979188347 0.7575757575757577
84 0.5104058272632674 0.5808080808080809 0.05515088449531738 0.19191919191919193
149 0.5697190426638918 0.7020202020202021 0.04682622268470344 0.5555555555555556
20 0.6186264308012488 0.5808080808080809 0.02393340270551509 0.7575757575757577
212 0.6514047866805411 0.5757575757575758 0.03121748178980229 0.7272727272727273
72 0.68054110301769 0.8232323232323233 0.012486992715920917 0.21212121212121213
212 0.72684703433923 0.5757575757575758 0.03225806451612904 0.7272727272727273
148 0.7377731529656608 0.14141414141414144 0.03746097814776275 0.04040404040404041
39 0.761706555671176 0.5909090909090909 0.022892819979188347 0.7575757575757577
163 0.8048907388137357 0.6010101010101011 0.028095733610822064 0.37373737373737376
20 0.8433922996878253 0.5808080808080809 0.02393340270551509 0.7575757575757577
212 0.8772112382934444 0.5757575757575758 0.03121748178980229 0.7272727272727273
72 0.9058272632674298 0.8232323232323233 0.01352757544224766 0.21212121212121213
212 0.9521331945889699 0.5757575757575758 0.03121748178980229 0.7272727272727273
148 0.9630593132154007 0.14141414141414144 0.036420395421436005 0.04040404040404041
39 0.9864724245577524 0.5909090909090909 0.022892819979188347 0.7575757575757577
