14 0.02403846153846154 0.45 0.04807692307692308 0.21333333333333335
20 0.05819838056680162 0.48500000000000004 0.009109311740890687 0.26333333333333336
109 0.08704453441295547 0.49500000000000005 0.03744939271255061 0.13
39 0.11589068825910931 0.48500000000000004 0.009109311740890687 0.26333333333333336
74 0.14752024291497975 0.4766666666666667 0.023785425101214574 0.17333333333333334
14 0.19483805668016194 0.45333333333333337 0.04757085020242915 0.21333333333333335
10 0.24291497975708504 0.4516666666666667 0.03340080971659919 0.21666666666666667
20 0.2702429149797571 0.48833333333333334 0.009109311740890687 0.26333333333333336
35 0.29478744939271256 0.46 0.02783400809716599 0.2
211 0.31958502024291496 0.5916666666666667 0.013663967611336033 0.14333333333333334
72 0.3426113360323887 0.5683333333333334 0.006072874493927126 0.07
101 0.3742408906882591 0.4566666666666667 0.019736842105263157 0.21333333333333335
39 0.396002024291498 0.4916666666666667 0.00860323886639676 0.2566666666666667
84 0.4324392712550607 0.49000000000000005 0.026821862348178137 0.07333333333333333
14 0.4843117408906883 0.4566666666666667 0.04757085020242915 0.21333333333333335
20 0.5182186234817814 0.49000000000000005 0.009109311740890687 0.26
109 0.5470647773279352 0.5016666666666667 0.03744939271255061 0.13
39 0.5759109311740891 0.4916666666666667 0.009109311740890687 0.26333333333333336
74 0.6075404858299596 0.48500000000000004 0.023785425101214574 0.17666666666666667
4 0.6510627530364372 0.49500000000000005 0.013663967611336033 0.9900000000000001
112 0.6652327935222672 0.8533333333333334 0.012651821862348178 0.16666666666666669
61 0.6854757085020243 0.49500000000000005 0.04200404858299595 0.39
84 0.6854757085020243 0.8533333333333334 0.01771255060728745 0.04666666666666667
130 0.6849696356275303 0.17333333333333334 0.013663967611336033 0.09333333333333334
145 0.7049595141700405 0.8333333333333334 0.005060728744939271 0.13333333333333333
14 0.743421052631579 0.4566666666666667 0.04757085020242915 0.21333333333333335
10 0.791244939271255 0.4566666666666667 0.03289473684210526 0.22
188 0.819585020242915 0.33333333333333337 0.013663967611336033 0.14
112 0.8314777327935223 0.45 0.00708502024291498 0.09333333333333334
20 0.8504554655870445 0.49500000000000005 0.00860323886639676 0.26333333333333336
35 0.875 0.4666666666666667 0.02834008097165992 0.2
211 0.8995445344129555 0.5983333333333334 0.013663967611336033 0.14333333333333334
72 0.9225708502024291 0.5750000000000001 0.006072874493927126 0.07
101 0.9547064777327935 0.465 0.019736842105263157 0.21666666666666667
39 0.9764676113360324 0.5 0.00860323886639676 0.26
5 0.9921558704453441 0.49833333333333335 0.013663967611336033 0.9900000000000001
