20 0.020522388059701493 0.5287356321839081 0.041044776119402986 0.8735632183908046
49 0.13899253731343283 0.45977011494252873 0.14365671641791045 0.6666666666666666
58 0.23600746268656717 0.5344827586206896 0.05037313432835821 0.8850574712643678
7 0.3199626865671642 0.4482758620689655 0.11380597014925373 0.6436781609195402
148 0.3423507462686567 0.028735632183908046 0.06902985074626866 0.05747126436781609
39 0.417910447761194 0.5344827586206896 0.041044776119402986 0.8620689655172413
191 0.523320895522388 0.5229885057471264 0.07649253731343283 0.4482758620689655
30 0.6548507462686567 0.4425287356321839 0.09701492537313433 0.6551724137931034
158 0.7416044776119403 0.22988505747126436 0.020522388059701493 0.25287356321839083
4 0.8451492537313433 0.5229885057471264 0.033582089552238806 0.8620689655172413
189 0.8992537313432836 0.4425287356321839 0.055970149253731345 0.6781609195402298
145 0.9748134328358209 0.43103448275862066 0.04291044776119403 0.6551724137931034
