34 0.0381791483113069 0.5344827586206896 0.0763582966226138 0.7701149425287356
20 0.1027900146842878 0.5459770114942528 0.026431718061674006 0.8620689655172413
168 0.14831130690161526 0.5804597701149425 0.041116005873715125 0.40229885057471265
72 0.18869309838472834 0.7931034482758621 0.013215859030837003 0.25287356321839083
186 0.2599118942731277 0.5057471264367817 0.032305433186490456 0.5517241379310345
39 0.2988252569750367 0.5402298850574713 0.024963289280469897 0.8505747126436781
84 0.395007342143906 0.5402298850574713 0.07342143906020558 0.22988505747126436
20 0.4911894273127753 0.5402298850574713 0.024963289280469897 0.8505747126436781
168 0.5359765051395007 0.5689655172413793 0.041116005873715125 0.40229885057471265
128 0.6299559471365639 0.5402298850574713 0.06754772393538913 0.06896551724137931
186 0.7173274596182084 0.4942528735632184 0.03083700440528634 0.5517241379310345
39 0.7562408223201175 0.5402298850574713 0.026431718061674006 0.8505747126436781
75 0.8002936857562408 0.20689655172413793 0.0381791483113069 0.41379310344827586
128 0.8502202643171806 0.25862068965517243 0.04405286343612334 0.05747126436781609
195 0.8994126284875184 0.21839080459770116 0.033773861967694566 0.3908045977011494
186 0.9412628487518355 0.4942528735632184 0.032305433186490456 0.5517241379310345
195 0.9809104258443465 0.21839080459770116 0.032305433186490456 0.3908045977011494
