50 0.02169491525423729 0.42783505154639173 0.04338983050847458 0.5876288659793815
84 0.06779661016949153 0.4845360824742268 0.03525423728813559 0.20618556701030927
23 0.10813559322033899 0.4896907216494845 0.015593220338983051 0.979381443298969
20 0.13016949152542373 0.4845360824742268 0.016271186440677966 0.7835051546391752
205 0.15830508474576271 0.4948453608247423 0.03322033898305085 0.41237113402061853
72 0.18305084745762712 0.7216494845360825 0.008135593220338983 0.2268041237113402
205 0.22 0.4896907216494845 0.03322033898305085 0.4020618556701031
158 0.24711864406779663 0.21649484536082475 0.007457627118644068 0.2268041237113402
39 0.2620338983050848 0.4742268041237113 0.015593220338983051 0.7835051546391752
108 0.29627118644067796 0.5 0.025762711864406783 0.422680412371134
20 0.3291525423728814 0.4639175257731959 0.015593220338983051 0.7835051546391752
47 0.3640677966101695 0.4020618556701031 0.03932203389830509 0.5979381443298969
145 0.3905084745762712 0.6804123711340206 0.013559322033898306 0.3711340206185567
58 0.412542372881356 0.4587628865979381 0.018305084745762715 0.7938144329896907
7 0.44305084745762713 0.3865979381443299 0.04135593220338983 0.5876288659793815
39 0.4783050847457627 0.4536082474226804 0.015593220338983051 0.7835051546391752
191 0.5176271186440679 0.4536082474226804 0.027796610169491528 0.41237113402061853
47 0.5711864406779661 0.38144329896907214 0.03864406779661017 0.5979381443298969
158 0.6016949152542374 0.17525773195876287 0.007457627118644068 0.2268041237113402
71 0.6267796610169492 0.4742268041237113 0.007457627118644068 0.41237113402061853
163 0.6545762711864407 0.4587628865979381 0.019661016949152545 0.4020618556701031
158 0.6742372881355932 0.17525773195876287 0.007457627118644068 0.2268041237113402
20 0.6928813559322035 0.4329896907216495 0.014915254237288136 0.7835051546391752
210 0.7135593220338984 0.4536082474226804 0.023728813559322035 0.3917525773195876
158 0.7352542372881357 0.17525773195876287 0.007457627118644068 0.2268041237113402
20 0.756271186440678 0.4329896907216495 0.015593220338983051 0.7835051546391752
205 0.7840677966101696 0.4484536082474227 0.03322033898305085 0.4020618556701031
39 0.8108474576271187 0.4329896907216495 0.016271186440677966 0.7835051546391752
72 0.828135593220339 0.6701030927835051 0.008813559322033898 0.2268041237113402
205 0.8647457627118644 0.44329896907216493 0.03322033898305085 0.41237113402061853
148 0.8694915254237289 0.10824742268041238 0.018305084745762715 0.05154639175257732
158 0.8915254237288136 0.16494845360824742 0.008135593220338983 0.2268041237113402
39 0.9067796610169492 0.422680412371134 0.015593220338983051 0.7835051546391752
84 0.945084745762712 0.41237113402061853 0.03525423728813559 0.20618556701030927
211 0.9864406779661018 0.33505154639175255 0.02440677966101695 0.6082474226804123
