47 0.007255655142979087 0.8757763975155279 0.014511310285958173 0.22360248447204967
110 0.006402048655569783 0.3913043478260869 0.01195049082373026 0.5838509316770186
204 0.025181391378574478 0.38198757763975155 0.002560819462227913 0.45341614906832295
196 0.03883909517712335 0.40372670807453415 0.014511310285958173 0.23602484472049687
105 0.05185659411011524 0.5279503105590062 0.004694835680751174 0.22360248447204967
204 0.061246265471617586 0.38198757763975155 0.002134016218523261 0.45341614906832295
195 0.07319675629534785 0.20807453416149066 0.010670081092616305 0.21739130434782608
80 0.09603072983354674 0.3944099378881987 0.01365770379854887 0.24223602484472048
128 0.11545027742210841 0.23913043478260868 0.014084507042253521 0.03105590062111801
20 0.13124199743918055 0.22670807453416147 0.005548442168160478 0.2670807453416149
54 0.14084507042253522 0.23602484472049687 0.010243277848911651 0.14906832298136646
188 0.15428937259923176 0.19875776397515527 0.008962868117797696 0.22360248447204967
155 0.17136150234741784 0.21739130434782608 0.014084507042253521 0.19875776397515527
86 0.18886043533930857 0.2608695652173913 0.008962868117797696 0.19875776397515527
115 0.2052923602219377 0.18012422360248445 0.005121638924455826 0.21118012422360247
141 0.21382842509603073 0.21739130434782608 0.010243277848911651 0.14906832298136646
95 0.22556551429790866 0.24844720496894407 0.011523687580025609 0.21118012422360247
204 0.2396500213401622 0.20496894409937888 0.002134016218523261 0.3105590062111801
210 0.2494664959453692 0.22049689440993786 0.009816474605207 0.14285714285714285
204 0.2605633802816901 0.19875776397515527 0.002134016218523261 0.3105590062111801
126 0.2740076824583867 0.14906832298136646 0.015364916773367479 0.11180124223602483
155 0.29428083653435766 0.20496894409937888 0.014084507042253521 0.19875776397515527
116 0.3126333760136577 0.18322981366459626 0.010670081092616305 0.21739130434782608
153 0.3288518992744345 0.20807453416149066 0.013230900554844218 0.2795031055900621
105 0.34080239009816476 0.2515527950310559 0.0038412291933418697 0.15527950310559005
155 0.35616730687153225 0.20496894409937888 0.014938113529662827 0.19875776397515527
166 0.3760136577037986 0.24223602484472048 0.011096884336320957 0.21118012422360247
39 0.38689714041826717 0.20807453416149066 0.005548442168160478 0.2670807453416149
75 0.40695689287238584 0.3012422360248447 0.01579172001707213 0.3664596273291925
48 0.431924882629108 0.2981366459627329 0.02134016218523261 0.34782608695652173
47 0.4457959880495092 0.49689440993788814 0.014084507042253521 0.22360248447204967
122 0.47140418267178835 0.3447204968944099 0.022620571916346564 0.4161490683229813
47 0.4989329918907384 0.826086956521739 0.014511310285958173 0.22360248447204967
110 0.4980793854033291 0.3447204968944099 0.01195049082373026 0.577639751552795
204 0.5170721297481861 0.3385093167701863 0.002134016218523261 0.45341614906832295
101 0.5311566367904397 0.2888198757763975 0.014938113529662827 0.3664596273291925
204 0.5448143405889885 0.3354037267080745 0.002134016218523261 0.45962732919254656
195 0.5576184379001281 0.16459627329192544 0.010670081092616305 0.21739130434782608
80 0.5802390098164746 0.35403726708074534 0.013230900554844218 0.23602484472049687
128 0.5992317541613317 0.19875776397515527 0.01365770379854887 0.024844720496894408
20 0.6150234741784038 0.18944099378881987 0.005121638924455826 0.2670807453416149
54 0.6246265471617585 0.19254658385093165 0.009816474605207 0.14906832298136646
188 0.637430644472898 0.14906832298136646 0.008962868117797696 0.22360248447204967
155 0.6545027742210842 0.17701863354037267 0.014084507042253521 0.19254658385093165
86 0.6728553137003842 0.21739130434782608 0.009816474605207 0.21118012422360247
115 0.6897140418267179 0.13664596273291924 0.005121638924455826 0.21118012422360247
141 0.698250106700811 0.17391304347826086 0.010243277848911651 0.14906832298136646
95 0.7099871959026889 0.20496894409937888 0.011523687580025609 0.21118012422360247
204 0.72385830132309 0.15527950310559005 0.0017072129748186087 0.3105590062111801
210 0.7332479726845924 0.17391304347826086 0.009389671361502348 0.14906832298136646
204 0.7443448570209134 0.15838509316770186 0.0017072129748186087 0.3167701863354037
126 0.7577891591976099 0.09937888198757763 0.014938113529662827 0.11180124223602483
155 0.7778489116517285 0.16149068322981366 0.014084507042253521 0.19875776397515527
116 0.7966282543747333 0.13664596273291924 0.010670081092616305 0.21118012422360247
153 0.8126333760136577 0.15838509316770186 0.012804097311139566 0.2795031055900621
105 0.8241570635936833 0.19875776397515527 0.004268032437046522 0.16149068322981366
155 0.8390951771233461 0.15838509316770186 0.01365770379854887 0.19254658385093165
166 0.8578745198463509 0.19254658385093165 0.011096884336320957 0.19875776397515527
39 0.8683311993171149 0.15838509316770186 0.005548442168160478 0.2670807453416149
75 0.8883909517712335 0.2515527950310559 0.01579172001707213 0.3664596273291925
48 0.9139991463935127 0.2453416149068323 0.022620571916346564 0.3416149068322981
47 0.9291506615450278 0.44720496894409933 0.014511310285958173 0.22360248447204967
122 0.9551856594110115 0.2950310559006211 0.022193768672641914 0.4161490683229813
6 0.9884763124199745 0.2453416149068323 0.02134016218523261 0.35403726708074534
