205 0.0375 0.5297619047619048 0.075 0.44047619047619047
186 0.09605263157894736 0.44047619047619047 0.034210526315789476 0.6190476190476191
20 0.14276315789473684 0.4880952380952381 0.024999999999999998 0.9761904761904762
101 0.19473684210526315 0.40476190476190477 0.05526315789473684 0.6904761904761905
39 0.24407894736842103 0.4880952380952381 0.024999999999999998 0.9761904761904762
85 0.34407894736842104 0.494047619047619 0.07236842105263158 0.44047619047619047
53 0.45 0.5238095238095237 0.049999999999999996 0.45238095238095233
189 0.5013157894736842 0.6607142857142857 0.034210526315789476 0.46428571428571425
20 0.6052631578947368 0.4880952380952381 0.039473684210526314 0.9761904761904762
126 0.6611842105263158 0.494047619047619 0.07763157894736841 0.46428571428571425
141 0.7302631578947368 0.494047619047619 0.04736842105263158 0.4880952380952381
75 0.7875 0.40476190476190477 0.05394736842105263 0.6904761904761905
53 0.8796052631578947 0.5238095238095237 0.05131578947368421 0.45238095238095233
145 0.9302631578947368 0.6547619047619048 0.02631578947368421 0.45238095238095233
39 0.9782894736842105 0.494047619047619 0.038157894736842106 0.9642857142857142
