89 0.05102040816326531 0.4669811320754717 0.10204081632653061 0.7641509433962264
71 0.16233766233766234 0.5047169811320754 0.020408163265306124 0.40566037735849053
84 0.24397031539888683 0.49056603773584906 0.09833024118738405 0.20754716981132074
89 0.4035250463821892 0.4669811320754717 0.10204081632653061 0.7641509433962264
148 0.4230055658627087 0.02830188679245283 0.05194805194805195 0.03773584905660377
204 0.47217068645640076 0.49528301886792453 0.00927643784786642 0.7830188679245282
20 0.5231910946196661 0.49056603773584906 0.03339517625231911 0.7547169811320754
148 0.6187384044526901 0.02830188679245283 0.13543599257884972 0.05660377358490566
50 0.6196660482374768 0.4150943396226415 0.12244897959183673 0.5660377358490566
58 0.7263450834879407 0.49528301886792453 0.061224489795918366 0.7830188679245282
0 0.8191094619666048 0.41981132075471694 0.09833024118738405 0.5566037735849056
101 0.9063079777365491 0.7688679245283019 0.05009276437847866 0.4245283018867924
39 0.9795918367346939 0.49528301886792453 0.03339517625231911 0.7452830188679245
