101 0.02831715210355987 0.4025974025974026 0.05663430420711974 0.7012987012987013
20 0.08414239482200647 0.49350649350649356 0.02912621359223301 0.9610389610389611
145 0.13673139158576053 0.4220779220779221 0.04045307443365696 0.6623376623376623
71 0.21440129449838188 0.525974025974026 0.014563106796116505 0.4285714285714286
211 0.29692556634304207 0.4220779220779221 0.05339805825242719 0.6883116883116883
39 0.34870550161812297 0.49350649350649356 0.027508090614886734 0.9610389610389611
84 0.45226537216828483 0.48701298701298706 0.07928802588996764 0.24675324675324678
20 0.5598705501618123 0.48701298701298706 0.02912621359223301 0.9740259740259741
145 0.6116504854368933 0.4220779220779221 0.03883495145631068 0.6623376623376623
71 0.6909385113268609 0.525974025974026 0.012944983818770227 0.4285714285714286
211 0.772653721682848 0.4155844155844156 0.05339805825242719 0.6753246753246753
71 0.8519417475728156 0.525974025974026 0.014563106796116505 0.4285714285714286
211 0.9320388349514563 0.4220779220779221 0.05177993527508091 0.6883116883116883
39 0.9830097087378641 0.48701298701298706 0.027508090614886734 0.9740259740259741
