117 0.027200000000000002 0.475609756097561 0.054400000000000004 0.926829268292683
172 0.1024 0.5182926829268293 0.06720000000000001 0.475609756097561
145 0.1696 0.75 0.032 0.45121951219512196
164 0.23600000000000002 0.48170731707317077 0.0528 0.9146341463414634
65 0.3544 0.5 0.0848 0.4878048780487805
117 0.47440000000000004 0.475609756097561 0.0528 0.9024390243902439
172 0.548 0.5121951219512195 0.0656 0.4634146341463415
195 0.6144000000000001 0.7439024390243902 0.041600000000000005 0.43902439024390244
164 0.6816 0.475609756097561 0.054400000000000004 0.9024390243902439
84 0.8144 0.475609756097561 0.0864 0.24390243902439024
82 0.9576 0.36585365853658536 0.0784 0.7317073170731707
