50 0.04918032786885246 0.4583333333333333 0.09836065573770492 0.625
84 0.1885245901639344 0.5416666666666666 0.07898658718330849 0.22916666666666666
148 0.3256333830104322 0.041666666666666664 0.10879284649776454 0.0625
50 0.32488822652757077 0.4583333333333333 0.09836065573770492 0.625
58 0.4120715350223547 0.5520833333333333 0.04918032786885246 0.8541666666666666
0 0.4858420268256334 0.46875 0.07749627421758569 0.6041666666666666
72 0.5774962742175856 0.796875 0.019374068554396422 0.23958333333333331
41 0.702682563338301 0.46354166666666663 0.07600596125186289 0.65625
178 0.8293591654247392 0.5520833333333333 0.07600596125186289 0.5208333333333333
148 0.9545454545454546 0.03125 0.08494783904619971 0.0625
41 0.9538002980625931 0.46875 0.07749627421758569 0.6458333333333333
