188 0.050445103857566766 0.4431818181818182 0.10089020771513353 0.6818181818181819
20 0.16023738872403562 0.5340909090909091 0.05341246290801187 0.8409090909090909
207 0.2626112759643917 0.5625 0.11572700296735905 0.42045454545454547
148 0.2744807121661721 0.20454545454545456 0.09792284866468844 0.045454545454545456
39 0.3649851632047478 0.5227272727272727 0.05341246290801187 0.8409090909090909
84 0.526706231454006 0.5227272727272727 0.1513353115727003 0.2272727272727273
128 0.7744807121661721 0.5056818181818182 0.1483679525222552 0.05681818181818182
94 0.940652818991098 0.4715909090909091 0.10682492581602374 0.03409090909090909
195 0.9376854599406529 0.7784090909090909 0.0712166172106825 0.39772727272727276
145 0.9391691394658754 0.19318181818181818 0.050445103857566766 0.38636363636363635
