155 0.01677018633540373 0.5366379310344828 0.03354037267080746 0.23706896551724138
177 0.09006211180124224 0.5086206896551724 0.07453416149068323 0.3706896551724138
154 0.10931677018633541 0.540948275862069 0.027329192546583853 0.1853448275862069
163 0.1388198757763975 0.5387931034482758 0.01925465838509317 0.1810344827586207
20 0.1751552795031056 0.5344827586206896 0.02484472049689441 0.8620689655172413
110 0.2236024844720497 0.5344827586206896 0.04596273291925466 0.8017241379310345
3 0.24161490683229814 0.8642241379310345 0.02360248447204969 0.1853448275862069
163 0.2593167701863354 0.9461206896551724 0.009316770186335404 0.09051724137931035
12 0.3015527950310559 0.48275862068965514 0.04409937888198758 0.29310344827586204
195 0.33664596273291925 0.32112068965517243 0.016149068322981366 0.1939655172413793
20 0.3593167701863354 0.5323275862068966 0.011801242236024845 0.34913793103448276
89 0.3875776397515528 0.5172413793103449 0.034782608695652174 0.35344827586206895
20 0.4177018633540373 0.5301724137931034 0.011801242236024845 0.35344827586206895
168 0.43819875776397516 0.5323275862068966 0.020496894409937887 0.1939655172413793
72 0.46925465838509317 0.6206896551724138 0.006832298136645963 0.07758620689655173
188 0.5015527950310559 0.4870689655172414 0.02422360248447205 0.27586206896551724
39 0.5270186335403727 0.5280172413793104 0.011801242236024845 0.34913793103448276
72 0.55527950310559 0.6185344827586207 0.006211180124223603 0.08189655172413793
168 0.5826086956521739 0.5301724137931034 0.01987577639751553 0.1896551724137931
25 0.6130434782608696 0.3146551724137931 0.028571428571428574 0.1810344827586207
95 0.65 0.5603448275862069 0.029192546583850933 0.25862068965517243
20 0.6773291925465839 0.5237068965517241 0.011801242236024845 0.34913793103448276
188 0.7034161490683231 0.4849137931034483 0.02422360248447205 0.27155172413793105
39 0.7288819875776398 0.5237068965517241 0.011801242236024845 0.34913793103448276
39 0.7487577639751553 0.521551724137931 0.011801242236024845 0.35344827586206895
168 0.7698757763975156 0.5258620689655172 0.020496894409937887 0.1896551724137931
75 0.7962732919254659 0.47844827586206895 0.02981366459627329 0.28448275862068967
168 0.8201863354037268 0.5280172413793104 0.020496894409937887 0.1939655172413793
75 0.8590062111801242 0.48060344827586204 0.02981366459627329 0.28879310344827586
188 0.8881987577639752 0.48275862068965514 0.02484472049689441 0.27586206896551724
39 0.9195652173913044 0.5172413793103449 0.02546583850931677 0.8620689655172413
145 0.9518633540372671 0.09913793103448276 0.008074534161490683 0.1810344827586207
176 0.9704968944099379 0.1271551724137931 0.013043478260869566 0.2543103448275862
195 0.9906832298136646 0.09913793103448276 0.016149068322981366 0.1896551724137931
