200 0.024444444444444446 0.49107142857142855 0.04888888888888889 0.4464285714285714
201 0.07444444444444444 0.7589285714285714 0.03777777777777778 0.33928571428571425
72 0.1111111111111111 0.7232142857142857 0.022222222222222223 0.26785714285714285
205 0.21 0.5 0.07333333333333333 0.46428571428571425
201 0.27 0.7946428571428571 0.03777777777777778 0.33928571428571425
108 0.37333333333333335 0.4196428571428571 0.08 0.625
113 0.48333333333333334 0.3571428571428571 0.06 0.7142857142857142
56 0.5522222222222222 0.21428571428571427 0.04666666666666667 0.39285714285714285
72 0.6011111111111112 0.7410714285714285 0.02 0.26785714285714285
53 0.6955555555555556 0.5089285714285714 0.057777777777777775 0.4821428571428571
201 0.7533333333333333 0.7857142857142857 0.04 0.3571428571428571
108 0.8577777777777778 0.42857142857142855 0.08 0.6428571428571428
113 0.9666666666666667 0.3571428571428571 0.057777777777777775 0.7142857142857142
