3 0.03271028037383178 0.47413793103448276 0.06542056074766356 0.6724137931034483
84 0.13644859813084112 0.49137931034482757 0.059813084112149535 0.25862068965517243
0 0.2411214953271028 0.48275862068965514 0.07102803738317758 0.6551724137931034
4 0.30280373831775703 0.5344827586206896 0.026168224299065422 0.8275862068965517
45 0.36542056074766355 0.49137931034482757 0.06542056074766356 0.6724137931034483
5 0.41869158878504675 0.5344827586206896 0.022429906542056077 0.8275862068965517
176 0.4560747663551402 0.5086206896551724 0.026168224299065422 0.8103448275862069
11 0.5186915887850467 0.46551724137931033 0.07289719626168224 0.6896551724137931
0 0.5841121495327103 0.5 0.07289719626168224 0.6551724137931034
4 0.6457943925233645 0.5517241379310345 0.024299065420560748 0.8275862068965517
186 0.6850467289719626 0.5258620689655172 0.028037383177570093 0.5689655172413793
5 0.7242990654205608 0.5344827586206896 0.024299065420560748 0.8275862068965517
174 0.8018691588785047 0.5258620689655172 0.07102803738317758 0.25862068965517243
113 0.8953271028037384 0.47413793103448276 0.048598130841121495 0.7068965517241379
4 0.9383177570093458 0.25 0.014953271028037384 0.5
195 0.9654205607476636 0.22413793103448276 0.028037383177570093 0.41379310344827586
5 0.9897196261682243 0.24137931034482757 0.013084112149532711 0.48275862068965514
