84 0.029582366589327145 0.5601851851851851 0.05916473317865429 0.08333333333333333
128 0.12761020881670532 0.5578703703703703 0.060324825986078884 0.023148148148148147
94 0.3375870069605568 0.5532407407407407 0.33642691415313225 0.023148148148148147
20 0.18213457076566125 0.2847222222222222 0.02088167053364269 0.3472222222222222
177 0.3080046403712297 0.24537037037037035 0.22389791183294663 0.4907407407407407
128 0.32946635730858465 0.27546296296296297 0.060324825986078884 0.023148148148148147
48 0.33932714617169374 0.7824074074074073 0.05916473317865429 0.25925925925925924
145 0.3973317865429234 0.24305555555555555 0.02668213457076566 0.2638888888888889
39 0.4338747099767981 0.27546296296296297 0.02088167053364269 0.3472222222222222
126 0.47041763341067283 0.16898148148148148 0.042923433874709975 0.10648148148148148
22 0.5707656612529002 0.9074074074074073 0.05568445475638051 0.16666666666666666
110 0.570185614849188 0.5462962962962963 0.031322505800464036 0.4351851851851852
153 0.648491879350348 0.5416666666666666 0.05104408352668213 0.35185185185185186
8 0.7157772621809745 0.5138888888888888 0.048723897911832945 0.25925925925925924
153 0.775522041763341 0.673611111111111 0.03596287703016241 0.20833333333333331
153 0.8439675174013921 0.5347222222222222 0.052204176334106726 0.35648148148148145
77 0.8596287703016241 0.32175925925925924 0.01160092807424594 0.041666666666666664
143 0.9193735498839907 0.5555555555555556 0.06380510440835266 0.17592592592592593
126 0.9767981438515081 0.43287037037037035 0.04176334106728538 0.10648148148148148
