12 0.032231404958677684 0.5072463768115942 0.06446280991735537 0.5797101449275363
158 0.08264462809917356 0.3333333333333333 0.013223140495867768 0.2028985507246377
84 0.14545454545454545 0.5289855072463768 0.05289256198347107 0.21739130434782608
23 0.2140495867768595 0.5507246376811594 0.028099173553719006 0.7246376811594203
20 0.24462809917355371 0.5579710144927537 0.023140495867768594 0.6811594202898551
207 0.28512396694214875 0.5797101449275363 0.04462809917355372 0.4057971014492754
155 0.36446280991735536 0.5217391304347826 0.0512396694214876 0.463768115942029
53 0.4421487603305785 0.5869565217391305 0.04132231404958678 0.391304347826087
209 0.4909090909090909 0.6521739130434783 0.0396694214876033 0.5217391304347826
72 0.5247933884297521 0.7681159420289855 0.01487603305785124 0.2028985507246377
209 0.5818181818181818 0.644927536231884 0.0396694214876033 0.5072463768115942
39 0.6272727272727272 0.5434782608695652 0.024793388429752067 0.6811594202898551
204 0.6760330578512397 0.4855072463768116 0.009917355371900825 0.9710144927536232
53 0.737190082644628 0.5652173913043478 0.04297520661157025 0.37681159420289856
108 0.8231404958677686 0.5217391304347826 0.05950413223140496 0.5217391304347826
14 0.9206611570247933 0.4782608695652174 0.07603305785123966 0.5797101449275363
24 0.9834710743801652 0.5289855072463768 0.026446280991735537 0.7391304347826088
