11 0.055314533622559656 0.47752808988764045 0.11062906724511931 0.6404494382022472
191 0.23101952277657267 0.5617977528089888 0.08459869848156182 0.449438202247191
15 0.38503253796095444 0.47752808988764045 0.07158351409978309 0.6404494382022472
72 0.44685466377440347 0.8089887640449438 0.026030368763557486 0.24719101123595505
101 0.5672451193058569 0.4606741573033708 0.08026030368763558 0.6741573033707865
128 0.6681127982646421 0.2191011235955056 0.06941431670281996 0.056179775280898875
145 0.7603036876355749 0.20786516853932585 0.0455531453362256 0.4157303370786517
20 0.8318872017353579 0.5449438202247191 0.049891540130151846 0.8426966292134831
54 0.9002169197396963 0.5786516853932584 0.07809110629067245 0.4382022471910112
39 0.9685466377440347 0.5449438202247191 0.05422993492407809 0.8651685393258427
