116 0.03630705394190872 0.4076086956521739 0.07261410788381743 0.6413043478260869
71 0.1338174273858921 0.5271739130434783 0.022821576763485476 0.42391304347826086
4 0.23340248962655602 0.5163043478260869 0.06016597510373444 0.9239130434782609
211 0.3112033195020747 0.4293478260869565 0.07883817427385892 0.6413043478260869
72 0.3744813278008299 0.7663043478260869 0.026970954356846474 0.22826086956521738
145 0.43257261410788383 0.42391304347826086 0.04771784232365145 0.6304347826086957
5 0.5103734439834025 0.5054347826086957 0.058091286307053944 0.9239130434782609
167 0.6773858921161826 0.5108695652173912 0.13485477178423236 0.32608695652173914
35 0.8713692946058091 0.42391304347826086 0.09958506224066391 0.6304347826086957
195 0.9678423236514523 0.20108695652173914 0.056016597510373446 0.40217391304347827
