84 0.026984126984126985 0.35815602836879434 0.05396825396825397 0.1347517730496454
20 0.08148148148148149 0.3652482269503546 0.01904761904761905 0.5319148936170213
54 0.11005291005291006 0.8971631205673759 0.025396825396825397 0.1631205673758865
108 0.14126984126984127 0.8971631205673759 0.02433862433862434 0.1773049645390071
6 0.18042328042328043 0.8546099290780141 0.03703703703703704 0.2624113475177305
61 0.22804232804232805 0.36170212765957444 0.0687830687830688 0.6666666666666666
30 0.2201058201058201 0.8475177304964538 0.03597883597883598 0.24822695035460993
126 0.26243386243386246 0.8120567375886525 0.03597883597883598 0.12056737588652482
128 0.30634920634920637 0.7836879432624113 0.022222222222222223 0.02127659574468085
145 0.3460317460317461 0.7907801418439716 0.010582010582010583 0.1773049645390071
6 0.40740740740740744 0.3049645390070922 0.05502645502645503 0.41134751773049644
54 0.45291005291005293 0.5673758865248226 0.025396825396825397 0.1702127659574468
105 0.4470899470899471 0.1524822695035461 0.011640211640211642 0.24822695035460993
112 0.4698412698412699 0.17375886524822695 0.025396825396825397 0.3475177304964539
39 0.4936507936507937 0.35106382978723405 0.020105820105820106 0.5319148936170213
65 0.5492063492063493 0.3652482269503546 0.05502645502645503 0.2765957446808511
20 0.5994708994708995 0.3546099290780142 0.01798941798941799 0.524822695035461
50 0.6470899470899472 0.3049645390070922 0.06243386243386244 0.3971631205673759
126 0.7052910052910053 0.5673758865248226 0.039153439153439155 0.1702127659574468
72 0.7365079365079366 0.648936170212766 0.008465608465608466 0.09219858156028368
149 0.7793650793650794 0.6063829787234042 0.028571428571428574 0.23404255319148937
128 0.8444444444444446 0.3475177304964539 0.05502645502645503 0.0425531914893617
41 0.9095238095238096 0.30141843971631205 0.041269841269841276 0.40425531914893614
105 0.9423280423280423 0.5212765957446809 0.011640211640211642 0.24822695035460993
112 0.9645502645502646 0.5602836879432624 0.022222222222222223 0.3120567375886525
39 0.9883597883597884 0.3546099290780142 0.01904761904761905 0.5390070921985816
