10 0.05402930402930403 0.3895348837209302 0.10805860805860806 0.6627906976744186
145 0.13553113553113552 0.6395348837209303 0.03663003663003663 0.46511627906976744
84 0.2875457875457875 0.4825581395348837 0.0989010989010989 0.2441860465116279
41 0.44505494505494503 0.4011627906976744 0.0695970695970696 0.7325581395348837
149 0.5247252747252747 0.5697674418604651 0.07142857142857142 0.6744186046511628
80 0.6025641025641025 0.47674418604651164 0.06227106227106227 0.4883720930232558
4 0.739010989010989 0.4825581395348837 0.020146520146520148 0.9651162790697674
208 0.7857142857142857 0.47674418604651164 0.06227106227106227 0.8604651162790697
72 0.847985347985348 0.75 0.018315018315018316 0.26744186046511625
212 0.9322344322344323 0.4883720930232558 0.06593406593406594 0.8604651162790697
5 0.9853479853479854 0.4883720930232558 0.021978021978021976 0.9767441860465116
