160 0.029300567107750475 0.5277777777777778 0.05860113421550095 0.8703703703703703
20 0.08128544423440454 0.48148148148148145 0.030245746691871456 0.8518518518518519
186 0.1228733459357278 0.45370370370370366 0.026465028355387523 0.611111111111111
39 0.16351606805293006 0.4907407407407407 0.02835538752362949 0.8703703703703703
128 0.23629489603024575 0.4444444444444444 0.06427221172022685 0.1111111111111111
186 0.3175803402646503 0.45370370370370366 0.030245746691871456 0.611111111111111
84 0.3998109640831758 0.42592592592592593 0.062381852551984876 0.2962962962962963
196 0.4952741020793951 0.5 0.04914933837429112 0.5185185185185185
20 0.5500945179584121 0.45370370370370366 0.030245746691871456 0.9074074074074073
160 0.6096408317580341 0.4907407407407407 0.062381852551984876 0.8703703703703703
20 0.6606805293005671 0.45370370370370366 0.02835538752362949 0.8703703703703703
186 0.7022684310018904 0.42592592592592593 0.03213610586011342 0.6296296296296295
158 0.7362948960302458 0.17592592592592593 0.017013232514177693 0.31481481481481477
39 0.7646502835538752 0.4444444444444444 0.03213610586011342 0.8888888888888888
128 0.8374291115311909 0.41666666666666663 0.06427221172022685 0.12962962962962962
186 0.9168241965973535 0.41666666666666663 0.030245746691871456 0.6481481481481481
158 0.9527410207939508 0.16666666666666666 0.015122873345935728 0.2962962962962963
39 0.9810964083175804 0.4444444444444444 0.030245746691871456 0.8888888888888888
