64 0.018377693282636248 0.49230769230769234 0.036755386565272496 0.5538461538461539
145 0.05386565272496831 0.6615384615384616 0.021546261089987324 0.5230769230769231
84 0.1356147021546261 0.4538461538461539 0.06083650190114068 0.2923076923076923
64 0.21863117870722432 0.5 0.036755386565272496 0.5384615384615385
189 0.25285171102661597 0.6692307692307693 0.02915082382762991 0.5384615384615385
84 0.3371356147021546 0.46153846153846156 0.06083650190114068 0.3076923076923077
119 0.45373891001267425 0.7000000000000001 0.09378960709759188 0.13846153846153847
84 0.5703422053231939 0.46923076923076923 0.06337135614702154 0.2923076923076923
64 0.6552598225602028 0.5230769230769231 0.03802281368821293 0.5538461538461539
195 0.6913814955640051 0.6846153846153846 0.02915082382762991 0.5384615384615385
163 0.7230671736375158 0.7769230769230769 0.02915082382762991 0.35384615384615387
128 0.7661596958174904 0.7615384615384616 0.03929024081115336 0.07692307692307693
145 0.8111533586818758 0.7000000000000001 0.020278833967046894 0.5384615384615385
84 0.8916349809885931 0.48461538461538467 0.062103929024081114 0.2923076923076923
211 0.9771863117870722 0.4076923076923077 0.04055766793409379 0.8153846153846154
