188 0.029725609756097563 0.2807017543859649 0.059451219512195126 0.5438596491228069
71 0.10060975609756098 0.37280701754385964 0.01524390243902439 0.3771929824561403
50 0.22179878048780488 0.2894736842105263 0.09603658536585366 0.5263157894736842
41 0.2934451219512195 0.6096491228070176 0.053353658536585365 0.3771929824561403
211 0.33689024390243905 0.8464912280701754 0.03048780487804878 0.27192982456140347
167 0.4893292682926829 0.35964912280701755 0.10975609756097561 0.22807017543859648
13 0.6600609756097561 0.27192982456140347 0.07621951219512195 0.5438596491228069
191 0.7850609756097561 0.35526315789473684 0.06402439024390244 0.35964912280701755
41 0.9153963414634146 0.2807017543859649 0.07774390243902439 0.5438596491228069
211 0.975609756097561 0.6096491228070176 0.042682926829268296 0.3771929824561403
