13 0.044347826086956525 0.4658119658119659 0.08869565217391305 0.5384615384615385
168 0.10782608695652174 0.8547008547008548 0.03826086956521739 0.25641025641025644
20 0.17043478260869566 0.5512820512820513 0.03130434782608696 0.6752136752136753
89 0.24869565217391304 0.5256410256410257 0.09739130434782609 0.6923076923076924
39 0.32 0.5470085470085471 0.034782608695652174 0.6837606837606838
84 0.46521739130434786 0.5470085470085471 0.09217391304347826 0.18803418803418806
89 0.6286956521739131 0.5299145299145299 0.09565217391304348 0.6837606837606838
128 0.7173913043478262 0.2136752136752137 0.06782608695652174 0.05128205128205129
145 0.7947826086956522 0.17521367521367523 0.020869565217391306 0.35042735042735046
20 0.8591304347826088 0.5555555555555556 0.03130434782608696 0.6837606837606838
168 0.9173913043478261 0.5641025641025642 0.05739130434782609 0.3760683760683761
39 0.98 0.5555555555555556 0.03304347826086956 0.6837606837606838
