209 0.03870967741935484 0.6037735849056604 0.07741935483870968 0.6792452830188679
158 0.11612903225806452 0.18867924528301885 0.025806451612903226 0.3018867924528302
84 0.23870967741935484 0.4245283018867924 0.1032258064516129 0.2830188679245283
209 0.3967741935483871 0.6037735849056604 0.07741935483870968 0.6792452830188679
128 0.5451612903225806 0.4528301886792453 0.1032258064516129 0.11320754716981132
89 0.6806451612903226 0.4811320754716981 0.08387096774193549 0.9622641509433962
145 0.7483870967741936 0.6886792452830188 0.025806451612903226 0.43396226415094336
20 0.8 0.4716981132075472 0.05161290322580645 0.8679245283018867
207 0.8806451612903226 0.5094339622641509 0.09032258064516129 0.5283018867924528
39 0.9693548387096774 0.4716981132075472 0.04838709677419355 0.9056603773584906
