50 0.02815013404825737 0.4081632653061224 0.05630026809651474 0.5918367346938775
205 0.06970509383378017 0.770408163265306 0.032171581769437 0.25510204081632654
84 0.1260053619302949 0.4693877551020408 0.04647006255585344 0.2040816326530612
23 0.17917783735478104 0.4846938775510204 0.020554066130473638 0.9693877551020408
205 0.22028596961572833 0.4948979591836734 0.043789097408400354 0.39795918367346933
158 0.25692582663092045 0.21428571428571427 0.009830205540661304 0.22448979591836732
108 0.2957998212689902 0.5051020408163265 0.03395889186773905 0.4183673469387755
6 0.3529937444146559 0.4081632653061224 0.04647006255585344 0.6122448979591836
25 0.40214477211796246 0.17857142857142855 0.032171581769437 0.3571428571428571
71 0.4445933869526363 0.5102040816326531 0.009830205540661304 0.4081632653061224
205 0.4932975871313673 0.4948979591836734 0.044682752457551385 0.39795918367346933
112 0.5263628239499553 0.7448979591836734 0.019660411081322608 0.4693877551020408
84 0.5746201966041108 0.4744897959183673 0.04647006255585344 0.19387755102040816
205 0.6362823949955317 0.4846938775510204 0.04289544235924933 0.39795918367346933
112 0.6693476318141197 0.7397959183673469 0.021447721179624665 0.4591836734693877
158 0.6724754244861484 0.2193877551020408 0.009830205540661304 0.21428571428571427
72 0.6952636282394995 0.7142857142857142 0.010723860589812333 0.22448979591836732
145 0.7470956210902592 0.40306122448979587 0.017873100983020553 0.5816326530612245
122 0.805183199285076 0.4897959183673469 0.04825737265415549 0.6938775510204082
112 0.8471849865951743 0.5102040816326531 0.03395889186773905 0.7346938775510203
122 0.8990169794459338 0.4897959183673469 0.04825737265415549 0.6938775510204082
130 0.953083109919571 0.5051020408163265 0.03306523681858802 0.39795918367346933
24 0.9874888293118856 0.47959183673469385 0.021447721179624665 0.9591836734693877
