105 0.012558139534883722 0.47916666666666663 0.025116279069767444 0.625
20 0.04558139534883721 0.546875 0.02046511627906977 0.8229166666666666
50 0.09069767441860466 0.484375 0.06418604651162792 0.6145833333333333
39 0.1386046511627907 0.546875 0.02046511627906977 0.8020833333333333
178 0.19674418604651164 0.5416666666666666 0.060465116279069774 0.6875
159 0.29255813953488374 0.4895833333333333 0.08651162790697675 0.9791666666666666
54 0.36093023255813955 0.7552083333333333 0.026046511627906978 0.23958333333333331
50 0.432093023255814 0.47916666666666663 0.06418604651162792 0.625
54 0.486046511627907 0.7552083333333333 0.025116279069767444 0.23958333333333331
178 0.5413953488372093 0.546875 0.061395348837209304 0.6979166666666666
159 0.638139534883721 0.4895833333333333 0.08744186046511629 0.9791666666666666
54 0.7051162790697675 0.7604166666666666 0.026046511627906978 0.22916666666666666
14 0.7790697674418605 0.484375 0.06976744186046512 0.6145833333333333
54 0.8302325581395349 0.765625 0.026976744186046512 0.23958333333333331
84 0.8874418604651163 0.546875 0.04837209302325582 0.19791666666666666
14 0.9632558139534885 0.484375 0.06976744186046512 0.6145833333333333
