11 0.027829313543599257 0.4713114754098361 0.055658627087198514 0.5
105 0.0640074211502783 0.8032786885245902 0.014842300556586271 0.36065573770491804
71 0.08858998144712431 0.5573770491803279 0.012059369202226345 0.36065573770491804
47 0.150278293135436 0.4877049180327869 0.055658627087198514 0.5163934426229508
167 0.24118738404452691 0.5532786885245902 0.0686456400742115 0.2377049180327869
35 0.33163265306122447 0.4877049180327869 0.05473098330241188 0.5
195 0.3803339517625232 0.19262295081967215 0.02411873840445269 0.36885245901639346
155 0.4160482374768089 0.24590163934426232 0.03432282003710575 0.3114754098360656
101 0.45269016697588127 0.18852459016393444 0.025974025974025976 0.3770491803278689
72 0.514378478664193 0.7418032786885246 0.010204081632653062 0.1557377049180328
105 0.5556586270871985 0.5081967213114754 0.020408163265306124 0.5081967213114754
84 0.6210575139146568 0.569672131147541 0.05102040816326531 0.18852459016393444
145 0.6938775510204082 0.5040983606557378 0.020408163265306124 0.5
72 0.7416512059369202 0.75 0.010204081632653062 0.1557377049180328
119 0.8242115027829313 0.7213114754098361 0.08070500927643785 0.09836065573770492
72 0.9090909090909091 0.7581967213114754 0.00927643784786642 0.1557377049180328
17 0.9670686456400742 0.5163934426229508 0.06215213358070501 0.5081967213114754
