54 0.03932584269662922 0.46875 0.07865168539325844 0.23750000000000002
20 0.12696629213483146 0.45937500000000003 0.038202247191011236 0.46875
22 0.250561797752809 0.40937500000000004 0.18202247191011237 0.35625
39 0.3674157303370787 0.4625 0.04269662921348315 0.4625
100 0.49101123595505625 0.45625000000000004 0.11460674157303372 0.2625
94 0.7887640449438202 0.45937500000000003 0.41348314606741576 0.03125
126 0.6438202247191012 0.83125 0.11910112359550563 0.23750000000000002
126 0.7842696629213484 0.11875000000000001 0.12134831460674159 0.23750000000000002
155 0.802247191011236 0.8250000000000001 0.11685393258426967 0.325
145 0.9415730337078653 0.7781250000000001 0.05393258426966292 0.35625
