117 0.03095684803001876 0.49382716049382713 0.06191369606003752 0.9135802469135802
172 0.11632270168855535 0.5185185185185185 0.075046904315197 0.4691358024691358
190 0.12195121951219512 0.12345679012345678 0.04878048780487805 0.12345679012345678
145 0.19230769230769232 0.7592592592592592 0.03189493433395872 0.43209876543209874
164 0.2682926829268293 0.48765432098765427 0.0600375234521576 0.9259259259259258
65 0.4090056285178236 0.5061728395061729 0.0975609756097561 0.49382716049382713
117 0.5440900562851783 0.48148148148148145 0.0600375234521576 0.9135802469135802
172 0.6332082551594747 0.5061728395061729 0.07692307692307693 0.4691358024691358
190 0.6360225140712945 0.10493827160493827 0.04878048780487805 0.1111111111111111
195 0.7101313320825516 0.7345679012345678 0.04690431519699812 0.43209876543209874
164 0.7889305816135085 0.4629629629629629 0.06191369606003752 0.9259259259259258
84 0.9474671669793621 0.4629629629629629 0.0975609756097561 0.2345679012345679
