25 0.06813627254509018 0.5 0.13627254509018036 0.9117647058823529
104 0.17334669338677353 0.6323529411764706 0.04609218436873747 0.11764705882352941
53 0.2444889779559118 0.6397058823529411 0.07615230460921843 0.6617647058823529
75 0.33466933867735466 0.5 0.08817635270541081 0.9411764705882353
126 0.45891783567134264 0.625 0.13627254509018036 0.6323529411764706
105 0.5621242484969939 0.47058823529411764 0.038076152304609215 0.9411764705882353
168 0.6232464929859719 0.6470588235294118 0.05611222444889779 0.6470588235294118
168 0.691382765531062 0.6470588235294118 0.05611222444889779 0.6470588235294118
105 0.75250501002004 0.4852941176470588 0.038076152304609215 0.9411764705882353
57 0.8236472945891783 0.5147058823529411 0.08416833667334668 0.9117647058823529
115 0.8977955911823646 0.5 0.03607214428857715 0.9117647058823529
80 0.9619238476953907 0.6397058823529411 0.06813627254509018 0.6323529411764706
