117 0.006806930693069307 0.5182926829268293 0.013613861386138614 0.9146341463414634
59 0.02599009900990099 0.5060975609756098 0.017326732673267328 0.9390243902439025
164 0.04558580858085809 0.5121951219512195 0.014438943894389438 0.9024390243902439
178 0.07941419141914191 0.5060975609756098 0.01608910891089109 0.6463414634146342
117 0.11221122112211221 0.5060975609756098 0.013201320132013201 0.9146341463414634
160 0.13304455445544555 0.5060975609756098 0.019389438943894388 0.9390243902439025
164 0.15449669966996699 0.49390243902439024 0.014438943894389438 0.9146341463414634
178 0.1879125412541254 0.49390243902439024 0.016914191419141914 0.6463414634146342
117 0.22112211221122113 0.4878048780487805 0.014026402640264026 0.9024390243902439
160 0.24195544554455445 0.49390243902439024 0.019389438943894388 0.9390243902439025
158 0.2566006600660066 0.17682926829268295 0.0049504950495049506 0.25609756097560976
164 0.2706270627062706 0.4878048780487805 0.014026402640264026 0.9024390243902439
74 0.30363036303630364 0.5182926829268293 0.02145214521452145 0.475609756097561
117 0.3364273927392739 0.48170731707317077 0.013613861386138614 0.9146341463414634
54 0.3554042904290429 0.5365853658536586 0.015264026402640265 0.4634146341463415
145 0.3721122112211221 0.7560975609756098 0.00825082508250825 0.43902439024390244
164 0.3896452145214522 0.48170731707317077 0.014438943894389438 0.9146341463414634
74 0.42326732673267325 0.524390243902439 0.02145214521452145 0.4878048780487805
67 0.45853960396039606 0.4024390243902439 0.021864686468646866 0.12195121951219512
74 0.4958745874587459 0.5182926829268293 0.022277227722772276 0.475609756097561
117 0.5290841584158416 0.4878048780487805 0.014438943894389438 0.9024390243902439
54 0.5474422442244224 0.5426829268292683 0.01485148514851485 0.475609756097561
113 0.5616749174917491 0.7439024390243902 0.009488448844884489 0.43902439024390244
164 0.576526402640264 0.49390243902439024 0.013613861386138614 0.9146341463414634
178 0.6101485148514851 0.48170731707317077 0.0165016501650165 0.6463414634146342
117 0.6435643564356436 0.49390243902439024 0.014026402640264026 0.9146341463414634
201 0.665016501650165 0.6158536585365854 0.019801980198019802 0.6707317073170732
164 0.6866749174917491 0.475609756097561 0.014438943894389438 0.9024390243902439
74 0.720503300330033 0.5121951219512195 0.021864686468646866 0.4878048780487805
117 0.7530940594059407 0.475609756097561 0.013613861386138614 0.9024390243902439
54 0.7710396039603961 0.524390243902439 0.01485148514851485 0.4634146341463415
145 0.7873349834983498 0.7439024390243902 0.007838283828382838 0.43902439024390244
164 0.8044554455445545 0.4634146341463415 0.014026402640264026 0.926829268292683
74 0.8378712871287128 0.49390243902439024 0.022277227722772276 0.475609756097561
67 0.8743811881188119 0.3780487804878049 0.02268976897689769 0.12195121951219512
74 0.9113036303630363 0.49390243902439024 0.02145214521452145 0.475609756097561
117 0.9441006600660066 0.4573170731707317 0.013613861386138614 0.9146341463414634
54 0.9622524752475248 0.5060975609756098 0.015264026402640265 0.475609756097561
130 0.9764851485148515 0.7926829268292683 0.009900990099009901 0.29268292682926833
164 0.9921617161716172 0.45121951219512196 0.014026402640264026 0.9024390243902439
