110 0.019445924347362812 0.551948051948052 0.038891848694725624 0.8095238095238095
211 0.03116675546084177 0.8939393939393939 0.015450186467767713 0.19480519480519481
163 0.04954714970697922 0.18181818181818182 0.011720831113478955 0.12987012987012986
94 0.12200319659030368 0.5606060606060606 0.09909429941395843 0.030303030303030304
14 0.09376664890783164 0.2748917748917749 0.038359083644112946 0.26406926406926406
168 0.0881726158763985 0.8939393939393939 0.01758124667021843 0.19480519480519481
195 0.10895045285029302 0.70995670995671 0.013319126265316995 0.19047619047619047
20 0.12440063931806072 0.31385281385281383 0.010122535961640916 0.35064935064935066
128 0.1315929675013319 0.7337662337662337 0.021310602024507193 0.021645021645021644
168 0.14198188598827916 0.3181818181818182 0.01758124667021843 0.19480519480519481
116 0.15370271710175812 0.70995670995671 0.014384656366542355 0.19047619047619047
39 0.1616941928609483 0.31385281385281383 0.010122535961640916 0.35064935064935066
84 0.2056473095364944 0.5562770562770563 0.02876931273308471 0.09956709956709957
110 0.2565263718700053 0.5541125541125541 0.038891848694725624 0.8138528138528138
211 0.26931273308470965 0.8939393939393939 0.015450186467767713 0.19480519480519481
163 0.28742674480554076 0.18614718614718614 0.011188066062866275 0.12987012987012986
94 0.3593500266382525 0.5606060606060606 0.09856153436334576 0.030303030303030304
14 0.33137986148108683 0.2748917748917749 0.038359083644112946 0.26406926406926406
168 0.35828449653702715 0.8073593073593074 0.01758124667021843 0.19480519480519481
20 0.3620138518913159 0.3116883116883117 0.010122535961640916 0.354978354978355
168 0.37959509856153434 0.31385281385281383 0.01758124667021843 0.19480519480519481
39 0.3993074054342035 0.30952380952380953 0.010122535961640916 0.35064935064935066
94 0.4315396909962706 0.5562770562770563 0.02557272242940863 0.030303030303030304
116 0.4310069259456579 0.7619047619047619 0.021310602024507193 0.27705627705627706
145 0.4315396909962706 0.27056277056277056 0.010655301012253596 0.26406926406926406
75 0.46350559403303143 0.512987012987013 0.02557272242940863 0.29004329004329005
168 0.4842834310069259 0.5606060606060606 0.018114011720831113 0.19480519480519481
116 0.503196590303676 0.341991341991342 0.014384656366542355 0.19047619047619047
84 0.5434203516249334 0.551948051948052 0.02876931273308471 0.09956709956709957
94 0.6331912626531699 0.551948051948052 0.10921683537559936 0.030303030303030304
116 0.5897709110282365 0.8398268398268398 0.021310602024507193 0.27705627705627706
14 0.6052210974960043 0.2683982683982684 0.038359083644112946 0.2683982683982684
168 0.6110815130527437 0.8852813852813853 0.018114011720831113 0.19480519480519481
145 0.6315929675013319 0.7056277056277056 0.005860415556739477 0.18181818181818182
20 0.6358550879062334 0.3051948051948052 0.010122535961640916 0.35064935064935066
128 0.6539690996270644 0.7251082251082251 0.02077783697389451 0.021645021645021644
168 0.6537027171017581 0.30735930735930733 0.018114011720831113 0.19047619047619047
39 0.6731486414491209 0.30303030303030304 0.010122535961640916 0.354978354978355
116 0.6766116142781033 0.7012987012987013 0.014917421417155033 0.19047619047619047
128 0.7197655833777303 0.5454545454545454 0.02663825253063399 0.025974025974025976
110 0.7685135855087906 0.5411255411255411 0.038891848694725624 0.8138528138528138
211 0.7810335641981886 0.8809523809523809 0.015982951518380393 0.19480519480519481
163 0.798614810868407 0.16883116883116883 0.011720831113478955 0.12987012987012986
168 0.8311134789557805 0.3008658008658009 0.018114011720831113 0.19480519480519481
94 0.8415023974427277 0.5454545454545454 0.038891848694725624 0.025974025974025976
116 0.8412360149174214 0.7532467532467533 0.021310602024507193 0.27705627705627706
116 0.8500266382525306 0.09740259740259741 0.014384656366542355 0.19480519480519481
75 0.8803942461374533 0.5 0.026105487480021308 0.29004329004329005
94 0.949920085242408 0.5411255411255411 0.09802876931273308 0.03463203463203463
14 0.9219499200852423 0.25757575757575757 0.03782631859350027 0.26406926406926406
168 0.9488545551411827 0.7943722943722944 0.018114011720831113 0.19480519480519481
20 0.9525839104954714 0.2943722943722944 0.010655301012253596 0.354978354978355
168 0.9701651571656899 0.29653679653679654 0.017048481619605753 0.19480519480519481
39 0.9893446989877464 0.29004329004329005 0.010655301012253596 0.354978354978355
