53 0.0397489539748954 0.50625 0.0794979079497908 0.48750000000000004
149 0.14435146443514643 0.61875 0.09623430962343095 0.6875
141 0.2405857740585774 0.5125000000000001 0.07531380753138074 0.5
105 0.3138075313807531 0.40625 0.04184100418410042 0.6875
130 0.3713389121338912 0.51875 0.07740585774058577 0.48750000000000004
186 0.4497907949790795 0.45 0.04184100418410042 0.6000000000000001
149 0.5366108786610878 0.625 0.09414225941422594 0.7000000000000001
108 0.6621338912133891 0.51875 0.07740585774058577 0.5125000000000001
57 0.7771966527196652 0.38125000000000003 0.07740585774058577 0.7625000000000001
3 0.8870292887029287 0.40625 0.10878661087866108 0.7125
130 0.9717573221757322 0.21250000000000002 0.048117154811715475 0.30000000000000004
