23 0.024177949709864605 0.5 0.04835589941972921 0.9405940594059407
53 0.097678916827853 0.5198019801980198 0.07156673114119923 0.38613861386138615
59 0.16924564796905223 0.7574257425742574 0.05222437137330754 0.44554455445544555
71 0.25338491295938104 0.5198019801980198 0.019342359767891684 0.40594059405940597
145 0.33945841392649906 0.4207920792079208 0.04448742746615087 0.5643564356435644
122 0.46518375241779497 0.4900990099009901 0.10251450676982592 0.6831683168316832
204 0.562862669245648 0.4801980198019802 0.01160541586073501 0.7425742574257426
59 0.6237911025145068 0.48514851485148514 0.08317214700193423 0.7722772277227723
204 0.7001934235976789 0.4900990099009901 0.01160541586073501 0.7425742574257426
122 0.7988394584139265 0.4801980198019802 0.10444874274661509 0.6831683168316832
168 0.9090909090909091 0.5 0.058027079303675046 0.38613861386138615
24 0.9729206963249516 0.4752475247524752 0.04642166344294004 0.9504950495049505
