155 0.02716297786720322 0.4861660079051383 0.05432595573440644 0.2134387351778656
6 0.09808853118712274 0.45454545454545453 0.061368209255533206 0.25296442687747034
145 0.14084507042253522 0.6106719367588932 0.012072434607645876 0.16996047430830039
211 0.17354124748490948 0.6106719367588932 0.02917505030181087 0.17786561264822134
20 0.210261569416499 0.49011857707509876 0.02012072434607646 0.32411067193675885
204 0.23742454728370224 0.49011857707509876 0.006036217303822938 0.3320158102766798
89 0.2801810865191147 0.48221343873517786 0.057344064386317915 0.32411067193675885
204 0.323943661971831 0.49209486166007904 0.006036217303822938 0.3359683794466403
195 0.35211267605633806 0.2964426877470355 0.026156941649899398 0.17391304347826086
168 0.39034205231388336 0.4960474308300395 0.03420523138832998 0.17786561264822134
128 0.43863179074446684 0.3201581027667984 0.04024144869215292 0.023715415019762844
195 0.48340040241448695 0.30039525691699603 0.02716297786720322 0.17391304347826086
155 0.523138832997988 0.32411067193675885 0.03822937625754527 0.15019762845849802
195 0.5613682092555332 0.30039525691699603 0.026156941649899398 0.17391304347826086
83 0.5900402414486922 0.32806324110671936 0.02313883299798793 0.12648221343873517
155 0.6609657947686117 0.4960474308300395 0.05432595573440644 0.21739130434782608
204 0.7233400402414487 0.4960474308300395 0.006036217303822938 0.3359683794466403
7 0.7696177062374246 0.4644268774703557 0.06438631790744467 0.24110671936758893
89 0.8279678068410463 0.4861660079051383 0.05633802816901409 0.32411067193675885
204 0.8707243460764589 0.4980237154150197 0.007042253521126762 0.3320158102766798
93 0.8998993963782697 0.3043478260869565 0.02917505030181087 0.1660079051383399
39 0.9351106639839035 0.4980237154150197 0.019114688128772636 0.32411067193675885
39 0.9758551307847083 0.4960474308300395 0.044265593561368215 0.992094861660079
