140 0.02804642166344294 0.4807692307692307 0.05609284332688588 0.5
145 0.08220502901353965 0.717948717948718 0.0367504835589942 0.4615384615384615
98 0.2011605415860735 0.4423076923076923 0.10444874274661509 0.8846153846153846
200 0.32011605415860733 0.4807692307692307 0.05609284332688588 0.5
195 0.3733075435203095 0.7307692307692307 0.05029013539651837 0.4615384615384615
98 0.49129593810444877 0.4487179487179487 0.10444874274661509 0.8717948717948718
200 0.6112185686653772 0.49358974358974356 0.05415860735009671 0.5
189 0.6653771760154739 0.7371794871794871 0.04642166344294004 0.47435897435897434
98 0.7833655705996132 0.4615384615384615 0.10444874274661509 0.8717948717948718
119 0.9342359767891683 0.6858974358974359 0.12379110251450677 0.11538461538461538
