13 0.04213938411669368 0.39047619047619053 0.08427876823338736 0.5904761904761905
163 0.10615883306320907 0.8095238095238096 0.03403565640194489 0.2666666666666667
20 0.15964343598055106 0.48571428571428577 0.03079416531604538 0.7428571428571429
101 0.22285251215559157 0.39047619047619053 0.06320907617504051 0.6095238095238096
148 0.22204213938411668 0.01904761904761905 0.04538087520259319 0.0380952380952381
39 0.2917341977309562 0.48571428571428577 0.02917341977309562 0.7428571428571429
72 0.36466774716369527 0.7047619047619048 0.01944894651539708 0.20952380952380956
163 0.47730956239870337 0.49523809523809526 0.050243111831442464 0.380952380952381
108 0.586709886547812 0.48571428571428577 0.07455429497568881 0.4571428571428572
148 0.7236628849270664 0.028571428571428574 0.1053484602917342 0.05714285714285715
35 0.7220421393841167 0.4190476190476191 0.09238249594813613 0.5523809523809524
58 0.8087520259319286 0.49523809523809526 0.05186385737439222 0.7809523809523811
35 0.8954619124797406 0.4190476190476191 0.09238249594813613 0.5523809523809524
211 0.9740680713128038 0.7761904761904762 0.04538087520259319 0.40952380952380957
