71 0.00343445907269605 0.5120481927710844 0.0068689181453921 0.5180722891566265
14 0.0549513451631368 0.39759036144578314 0.03663423010875787 0.7228915662650602
141 0.08786491127647394 0.5180722891566265 0.023468803663423007 0.5301204819277109
115 0.10789925586720091 0.3795180722891566 0.010875787063537493 0.7349397590361446
20 0.12392673153978247 0.49397590361445787 0.010875787063537493 0.963855421686747
48 0.15540927303949625 0.3855421686746988 0.031482541499713794 0.7228915662650602
72 0.1886090440755581 0.7891566265060241 0.007441327990841442 0.27710843373493976
49 0.2406983400114482 0.3855421686746988 0.046365197481396676 0.7228915662650602
39 0.2744705208929593 0.49397590361445787 0.010875787063537493 0.963855421686747
191 0.3148254149971379 0.4879518072289157 0.02404121350887235 0.5180722891566265
48 0.36748712077847734 0.3795180722891566 0.030910131654264452 0.710843373493976
132 0.4192902117916428 0.49397590361445787 0.02690326273611906 0.6024096385542169
20 0.46136233543216937 0.49397590361445787 0.01030337721808815 0.963855421686747
201 0.48626216370921577 0.5963855421686747 0.02461362335432169 0.710843373493976
72 0.5174585002862049 0.7771084337349398 0.0068689181453921 0.27710843373493976
200 0.5532341156267887 0.4879518072289157 0.022323983972524327 0.5180722891566265
39 0.5778477389811104 0.4819277108433735 0.010875787063537493 0.963855421686747
127 0.6282198053806525 0.4819277108433735 0.04178591871780194 0.3855421686746988
201 0.6854607899255867 0.5963855421686747 0.02461362335432169 0.710843373493976
20 0.711219232970807 0.4819277108433735 0.009730967372638809 0.963855421686747
200 0.733829421866056 0.4879518072289157 0.02289639381797367 0.5180722891566265
39 0.7587292501431024 0.49397590361445787 0.010875787063537493 0.9397590361445783
84 0.8039496279336004 0.47590361445783136 0.03033772180881511 0.27710843373493976
205 0.8589009730967372 0.4819277108433735 0.034917000572409845 0.5060240963855422
108 0.9135661133371493 0.4819277108433735 0.026330852890669717 0.6024096385542169
49 0.9762449914138522 0.3674698795180723 0.04522037779049799 0.710843373493976
