113 0.04197530864197531 0.45348837209302323 0.08395061728395062 0.627906976744186
148 0.03827160493827161 0.03488372093023256 0.06666666666666667 0.06976744186046512
20 0.12839506172839507 0.5406976744186046 0.044444444444444446 0.872093023255814
30 0.22098765432098766 0.45930232558139533 0.10617283950617283 0.6162790697674418
195 0.30864197530864196 0.25 0.05432098765432099 0.4069767441860465
58 0.40987654320987654 0.5406976744186046 0.07407407407407407 0.872093023255814
6 0.545679012345679 0.45930232558139533 0.12839506172839507 0.6395348837209303
39 0.645679012345679 0.5406976744186046 0.04197530864197531 0.8488372093023255
84 0.7999999999999999 0.5406976744186046 0.11851851851851852 0.22093023255813954
195 0.9592592592592593 0.47093023255813954 0.07160493827160494 0.5930232558139534
