95 0.04054054054054054 0.608433734939759 0.08108108108108109 0.6626506024096386
20 0.13513513513513514 0.5301204819277109 0.04954954954954955 0.7951807228915663
207 0.21058558558558557 0.5240963855421688 0.09234234234234234 0.46987951807228917
39 0.29617117117117114 0.45783132530120485 0.0472972972972973 0.9156626506024097
84 0.44144144144144143 0.47590361445783136 0.11711711711711711 0.22891566265060243
89 0.5596846846846847 0.5240963855421688 0.10135135135135136 0.9036144578313253
128 0.6351351351351351 0.28915662650602414 0.06306306306306306 0.07228915662650603
145 0.7387387387387387 0.2530120481927711 0.04054054054054054 0.4096385542168675
20 0.8108108108108109 0.5421686746987953 0.04954954954954955 0.8433734939759037
207 0.8862612612612613 0.5481927710843374 0.09234234234234234 0.46987951807228917
39 0.9707207207207207 0.4879518072289157 0.04954954954954955 0.9277108433734941
