155 0.028154327424400417 0.5595238095238095 0.056308654848800835 0.4206349206349206
6 0.12043795620437957 0.49206349206349204 0.06360792492179354 0.5079365079365079
195 0.16423357664233576 0.8015873015873015 0.028154327424400417 0.3492063492063492
211 0.1986444212721585 0.8055555555555555 0.03023983315954119 0.3571428571428571
20 0.2361835245046924 0.5634920634920635 0.01981230448383733 0.6507936507936507
204 0.264859228362878 0.5634920634920635 0.006256517205422315 0.6666666666666666
89 0.3096976016684046 0.5476190476190476 0.058394160583941604 0.6507936507936507
204 0.354014598540146 0.5674603174603174 0.0072992700729927005 0.6746031746031745
195 0.383733055265902 0.1746031746031746 0.027111574556830033 0.3492063492063492
168 0.4233576642335767 0.5833333333333333 0.035453597497393116 0.3571428571428571
128 0.4723670490093848 0.2222222222222222 0.04171011470281544 0.047619047619047616
195 0.5192909280500522 0.18253968253968253 0.027111574556830033 0.3492063492063492
155 0.559436913451512 0.23412698412698413 0.03858185610010428 0.2936507936507936
195 0.6006256517205423 0.18253968253968253 0.027111574556830033 0.3492063492063492
83 0.6308654848800834 0.24206349206349204 0.022940563086548488 0.24603174603174602
155 0.7022940563086548 0.5793650793650793 0.05526590198123045 0.42857142857142855
204 0.7685088633993744 0.5833333333333333 0.006256517205422315 0.6746031746031745
7 0.8164754953076121 0.5198412698412698 0.0667361835245047 0.4841269841269841
89 0.8759124087591241 0.5634920634920635 0.058394160583941604 0.6507936507936507
204 0.9207507820646507 0.5873015873015872 0.006256517205422315 0.6666666666666666
189 0.9515119916579771 0.19444444444444442 0.026068821689259645 0.3571428571428571
39 0.9880083420229406 0.5873015873015872 0.01981230448383733 0.6507936507936507
