101 0.037864077669902914 0.40094339622641506 0.07572815533980583 0.6132075471698113
71 0.13009708737864076 0.5094339622641509 0.019417475728155338 0.4150943396226415
148 0.2757281553398058 0.02830188679245283 0.13980582524271845 0.05660377358490566
52 0.27184466019417475 0.4150943396226415 0.11262135922330097 0.5660377358490566
58 0.38543689320388347 0.49056603773584906 0.06407766990291262 0.7924528301886792
0 0.48349514563106794 0.4150943396226415 0.10097087378640776 0.5660377358490566
101 0.5757281553398058 0.7688679245283019 0.05242718446601941 0.4245283018867924
167 0.7456310679611651 0.49056603773584906 0.13980582524271845 0.2641509433962264
148 0.9339805825242719 0.02830188679245283 0.12427184466019417 0.05660377358490566
35 0.9349514563106796 0.410377358490566 0.11067961165048543 0.5754716981132075
