160 0.01360741169658367 0.5904255319148936 0.02721482339316734 0.7127659574468085
20 0.03763752171395483 0.5851063829787234 0.010422698320787491 0.7872340425531915
50 0.06398378691372321 0.5053191489361702 0.034163288940359 0.5638297872340425
195 0.09177764910248987 0.2712765957446808 0.012159814707585407 0.3723404255319149
72 0.1068326577880718 0.8085106382978723 0.005211349160393746 0.23404255319148937
145 0.1372321945570353 0.5159574468085106 0.013896931094383322 0.5425531914893617
39 0.1548928778228141 0.5691489361702128 0.009843659525188187 0.7978723404255319
84 0.19166184134337 0.5638297872340425 0.027793862188766644 0.2127659574468085
50 0.2379849449913144 0.48936170212765956 0.034742327735958305 0.5744680851063829
93 0.2651997683844817 0.26063829787234044 0.013896931094383322 0.3723404255319149
53 0.2811233352634626 0.3191489361702128 0.014475969889982628 0.2553191489361702
155 0.30167921250723795 0.3031914893617021 0.019687319050376375 0.3723404255319149
195 0.3210770121598147 0.26063829787234044 0.013317892298784018 0.3723404255319149
128 0.35610885929357267 0.5638297872340425 0.026635784597568036 0.06382978723404255
50 0.4015634047481181 0.48404255319148937 0.03532136653155761 0.5638297872340425
93 0.42935726693688475 0.2553191489361702 0.013317892298784018 0.36170212765957444
89 0.4522292993630573 0.5585106382978723 0.022003474232773594 0.7340425531914894
102 0.45859872611464964 0.05319148936170213 0.011580775911986103 0.10638297872340426
195 0.4727851766068326 0.2553191489361702 0.013317892298784018 0.36170212765957444
20 0.49102489866821075 0.5585106382978723 0.010422698320787491 0.7978723404255319
50 0.5173711638679791 0.48404255319148937 0.03532136653155761 0.5638297872340425
195 0.5454545454545454 0.25 0.012738853503184712 0.3723404255319149
72 0.5613781123335263 0.7819148936170213 0.005211349160393746 0.22340425531914893
145 0.5920671685002895 0.49468085106382975 0.014475969889982628 0.5425531914893617
39 0.6103068905616675 0.5478723404255319 0.010422698320787491 0.7978723404255319
85 0.6473653734800231 0.5478723404255319 0.028951939779965255 0.3723404255319149
211 0.6867400115807759 0.48404255319148937 0.018529241459177764 0.5638297872340425
126 0.7359583092067168 0.5425531914893617 0.03126809496236248 0.3829787234042553
141 0.7634626519976838 0.5425531914893617 0.01910828025477707 0.40425531914893614
75 0.7860451650260567 0.46808510638297873 0.02142443543717429 0.5744680851063829
20 0.8126809496236247 0.5425531914893617 0.009843659525188187 0.7872340425531915
50 0.8378691372321945 0.46808510638297873 0.03358425014475969 0.5744680851063829
155 0.8830341632889402 0.5425531914893617 0.027793862188766644 0.5319148936170213
145 0.9195136074116965 0.4734042553191489 0.013896931094383322 0.5425531914893617
39 0.9368847712796756 0.5372340425531915 0.010422698320787491 0.7978723404255319
75 0.9539664157498552 0.22872340425531915 0.014475969889982628 0.39361702127659576
128 0.9727851766068326 0.28191489361702127 0.017371163867979152 0.05319148936170213
195 0.992472495657209 0.23404255319148937 0.012738853503184712 0.36170212765957444
