154 0.02209051724137931 0.5121951219512195 0.04418103448275862 0.4634146341463415
113 0.05980603448275862 0.7317073170731707 0.02478448275862069 0.43902439024390244
71 0.1050646551724138 0.5060975609756098 0.009698275862068966 0.475609756097561
47 0.17510775862068964 0.4024390243902439 0.061422413793103446 0.7073170731707318
211 0.21605603448275862 0.7560975609756098 0.029094827586206896 0.43902439024390244
191 0.2801724137931034 0.475609756097561 0.04310344827586207 0.4878048780487805
12 0.3577586206896552 0.3902439024390244 0.05818965517241379 0.7073170731707318
20 0.41325431034482757 0.475609756097561 0.02478448275862069 0.926829268292683
76 0.44935344827586204 0.38414634146341464 0.036637931034482756 0.7439024390243902
39 0.4908405172413793 0.48170731707317077 0.02478448275862069 0.9146341463414634
167 0.552801724137931 0.46951219512195125 0.06896551724137931 0.3536585365853659
47 0.6395474137931034 0.39634146341463417 0.061422413793103446 0.6951219512195123
211 0.6821120689655172 0.7439024390243902 0.030172413793103446 0.43902439024390244
191 0.7467672413793104 0.4634146341463415 0.04310344827586207 0.4878048780487805
12 0.8227370689655172 0.3902439024390244 0.05711206896551724 0.7073170731707318
113 0.869073275862069 0.7439024390243902 0.02478448275862069 0.43902439024390244
20 0.9078663793103449 0.4634146341463415 0.02478448275862069 0.926829268292683
76 0.9428879310344828 0.3780487804878049 0.036637931034482756 0.7317073170731707
39 0.9854525862068966 0.4634146341463415 0.02478448275862069 0.926829268292683
