64 0.035629453681710214 0.50625 0.07125890736342043 0.48750000000000004
104 0.10926365795724466 0.5 0.04750593824228029 0.07500000000000001
101 0.1971496437054632 0.36875 0.09026128266033255 0.7375
141 0.29572446555819476 0.5125000000000001 0.07363420427553445 0.47500000000000003
126 0.42161520190023755 0.5 0.14489311163895488 0.47500000000000003
141 0.5510688836104514 0.53125 0.07600950118764846 0.48750000000000004
186 0.6258907363420427 0.44375000000000003 0.045130641330166275 0.6375000000000001
101 0.7066508313539193 0.40625 0.08788598574821853 0.7375
80 0.8016627078384798 0.53125 0.06888361045130642 0.48750000000000004
186 0.8705463182897862 0.45 0.045130641330166275 0.625
209 0.9477434679334917 0.6375000000000001 0.09501187648456058 0.675
