50 0.0315442561205273 0.6000000000000001 0.0630885122410546 0.7250000000000001
190 0.03954802259887005 0.05 0.02448210922787194 0.1
128 0.11581920903954802 0.6875 0.047080979284369114 0.05
50 0.19868173258003766 0.59375 0.064030131826742 0.7125
190 0.20574387947269301 0.043750000000000004 0.027306967984934087 0.08750000000000001
155 0.2589453860640301 0.3875 0.03954802259887005 0.525
174 0.3385122410546139 0.68125 0.051789077212806026 0.4625
41 0.417608286252354 0.59375 0.04613935969868173 0.7625000000000001
191 0.49058380414312613 0.675 0.03766478342749529 0.5
6 0.5663841807909604 0.56875 0.04990583804143126 0.7625000000000001
56 0.6106403013182674 0.36875 0.021657250470809793 0.3125
183 0.6826741996233522 0.6687500000000001 0.047080979284369114 0.6125
47 0.7674199623352166 0.5750000000000001 0.054613935969868174 0.75
158 0.8069679849340866 0.325 0.013182674199623351 0.375
191 0.8667608286252354 0.65625 0.038606403013182675 0.5125000000000001
6 0.9425612052730696 0.55625 0.05084745762711864 0.7625000000000001
56 0.9872881355932203 0.35625 0.021657250470809793 0.3125
