3 0.03956043956043956 0.4491525423728814 0.07912087912087912 0.6949152542372882
160 0.12417582417582418 0.2288135593220339 0.046153846153846156 0.4576271186440678
4 0.1758241758241758 0.5 0.03076923076923077 0.8305084745762712
186 0.22087912087912087 0.5084745762711864 0.03296703296703297 0.576271186440678
158 0.26263736263736265 0.2711864406779661 0.01978021978021978 0.2711864406779661
5 0.2945054945054945 0.5254237288135594 0.03076923076923077 0.8135593220338984
84 0.38571428571428573 0.5 0.07252747252747253 0.2542372881355932
3 0.5065934065934066 0.4745762711864407 0.08131868131868132 0.6779661016949152
84 0.6318681318681318 0.5169491525423728 0.07252747252747253 0.288135593220339
3 0.7527472527472527 0.4915254237288136 0.08131868131868132 0.6779661016949152
160 0.8362637362637363 0.2796610169491525 0.046153846153846156 0.4576271186440678
4 0.8879120879120879 0.559322033898305 0.03076923076923077 0.8135593220338984
186 0.932967032967033 0.5423728813559322 0.03296703296703297 0.576271186440678
5 0.9813186813186813 0.559322033898305 0.02857142857142857 0.8135593220338984
