84 0.012223789374706159 0.5465116279069767 0.024447578749412318 0.08837209302325581
16 0.04113775270333803 0.5116279069767442 0.01927597555242125 0.26046511627906976
20 0.06135401974612129 0.5511627906976744 0.008932769158439116 0.3488372093023256
153 0.07992477668077104 0.5441860465116279 0.02162670427832628 0.35348837209302325
39 0.09802538787023977 0.5511627906976744 0.008932769158439116 0.3488372093023256
155 0.1243535496003761 0.5465116279069767 0.024917724494593323 0.2372093023255814
94 0.21180065820404323 0.541860465116279 0.13681241184767276 0.023255813953488372
20 0.14903620122237893 0.2813953488372093 0.008462623413258109 0.3488372093023256
177 0.1995768688293371 0.2441860465116279 0.09073812881993418 0.4883720930232558
128 0.20733427362482368 0.27674418604651163 0.023507287259050304 0.023255813953488372
48 0.21156558533145273 0.7767441860465116 0.023507287259050304 0.26046511627906976
145 0.23554301833568406 0.2441860465116279 0.011283497884344146 0.2651162790697674
39 0.24988246356370472 0.27674418604651163 0.008932769158439116 0.3488372093023256
126 0.26586741889985893 0.17209302325581394 0.017395392571697227 0.11162790697674418
22 0.30653502585801595 0.9093023255813953 0.023507287259050304 0.16279069767441862
110 0.30653502585801595 0.5395348837209302 0.014104372355430182 0.42790697674418604
150 0.33591913493182884 0.5046511627906977 0.0155148095909732 0.2744186046511628
153 0.3606017865538317 0.5372093023255814 0.02162670427832628 0.3488372093023256
206 0.3935119887165021 0.5511627906976744 0.019746121297602257 0.1813953488372093
150 0.42407146215326746 0.47674418604651164 0.016925246826516218 0.2744186046511628
148 0.42689233662435355 0.29069767441860467 0.016925246826516218 0.023255813953488372
153 0.4503996238834038 0.5348837209302325 0.02162670427832628 0.35348837209302325
206 0.48330982604607425 0.5465116279069767 0.019746121297602257 0.1813953488372093
126 0.5115185707569346 0.16744186046511628 0.015984955336154207 0.11162790697674418
113 0.5117536436295251 0.9069767441860465 0.01081335213916314 0.15813953488372093
182 0.5336154207804419 0.5395348837209302 0.02914903620122238 0.42790697674418604
128 0.5317348377997179 0.9348837209302325 0.015044663845792195 0.018604651162790697
128 0.5347907851433944 0.17209302325581394 0.0155148095909732 0.018604651162790697
145 0.5533615420780441 0.9046511627906977 0.008462623413258109 0.16279069767441862
145 0.5561824165491303 0.1372093023255814 0.008462623413258109 0.16279069767441862
94 0.62153267512929 0.5348837209302325 0.08838740009402915 0.018604651162790697
126 0.5919134931828867 0.8162790697674418 0.02632816173013634 0.1813953488372093
113 0.622002820874471 0.2302325581395349 0.016925246826516218 0.2744186046511628
155 0.6259990597085096 0.8 0.02397743300423131 0.24186046511627907
145 0.6553831687823225 0.7651162790697674 0.010343206393982134 0.2651162790697674
143 0.6927597555242124 0.5441860465116279 0.024917724494593323 0.18604651162790697
126 0.7162670427832628 0.4255813953488372 0.017395392571697227 0.10697674418604651
211 0.7157968970380818 0.6441860465116279 0.012693935119887164 0.16279069767441862
128 0.7397743300423131 0.4232558139534884 0.016455101081335213 0.018604651162790697
113 0.7595204513399153 0.3953488372093023 0.01081335213916314 0.15813953488372093
128 0.7799717912552891 0.4255813953488372 0.015044663845792195 0.013953488372093023
145 0.8018335684062059 0.3953488372093023 0.007992477668077104 0.15813953488372093
206 0.8288669487541137 0.5302325581395348 0.019746121297602257 0.18604651162790697
143 0.8615420780441937 0.5372093023255814 0.02397743300423131 0.1813953488372093
113 0.8815232722143864 0.3930232558139535 0.010343206393982134 0.16279069767441862
98 0.9080865068171132 0.5186046511627906 0.024917724494593323 0.3116279069767442
16 0.9377056887635167 0.4790697674418605 0.020216267042783263 0.26046511627906976
20 0.9579219558062999 0.513953488372093 0.008932769158439116 0.3488372093023256
153 0.9771979313587211 0.5116279069767442 0.021156558533145273 0.35348837209302325
39 0.9948283968030088 0.5116279069767442 0.008462623413258109 0.3441860465116279
