22 0.025941939468807906 0.46376811594202894 0.05188387893761581 0.2995169082125604
20 0.06331068560840025 0.5072463768115941 0.01173563928350834 0.3961352657004831
18 0.0923409512044472 0.46376811594202894 0.033971587399629403 0.2995169082125604
20 0.12353304508956146 0.5072463768115941 0.012353304508956147 0.3961352657004831
186 0.1436071649166152 0.49275362318840576 0.014206300185299569 0.2608695652173913
39 0.16306361951822113 0.5072463768115941 0.012353304508956147 0.3961352657004831
171 0.18066707844348365 0.6835748792270531 0.00926497838171711 0.24637681159420288
20 0.20043236565781347 0.5096618357487922 0.01173563928350834 0.3913043478260869
45 0.23378628783199507 0.466183574879227 0.035206917850525016 0.2946859903381642
163 0.2520074119827054 0.6835748792270531 0.013588634959851761 0.1400966183574879
39 0.2736256948733786 0.5096618357487922 0.012353304508956147 0.3913043478260869
39 0.2933909820877085 0.5096618357487922 0.012353304508956147 0.3913043478260869
84 0.3378628783199506 0.5048309178743962 0.033353922174181594 0.1111111111111111
110 0.3968499073502162 0.5024154589371981 0.04632489190858555 0.8985507246376812
94 0.6451513279802348 0.5120772946859903 0.4132180358245831 0.03864734299516908
204 0.44533662754786907 0.2077294685990338 0.0037059913526868438 0.40579710144927533
7 0.47374922791846824 0.16666666666666666 0.03953057442865967 0.2946859903381642
196 0.5021618282890674 0.3864734299516908 0.017294626312538607 0.15458937198067632
18 0.5336627547869055 0.16666666666666666 0.03458925262507721 0.2946859903381642
20 0.5648548486720198 0.21014492753623187 0.01173563928350834 0.3913043478260869
204 0.576899320568252 0.78743961352657 0.0037059913526868438 0.40579710144927533
186 0.5852378011117975 0.19082125603864733 0.014206300185299569 0.25603864734299514
196 0.6000617665225448 0.7946859903381642 0.0253242742433601 0.21739130434782608
39 0.6046942557134034 0.21014492753623187 0.012353304508956147 0.3913043478260869
206 0.6436071649166153 0.7777777777777778 0.02964793082149475 0.2608695652173913
206 0.6439159975293391 0.19806763285024154 0.029030265596046944 0.2608695652173913
7 0.6933292155651637 0.16666666666666666 0.04014823965410748 0.2946859903381642
200 0.6865348980852378 0.78743961352657 0.0253242742433601 0.21256038647342995
204 0.711550339715874 0.7850241545893719 0.0037059913526868438 0.40096618357487923
200 0.7208153180975911 0.38405797101449274 0.017294626312538607 0.1497584541062802
18 0.7554045707226683 0.16666666666666666 0.03458925262507721 0.2946859903381642
20 0.7862878319950587 0.20531400966183574 0.012353304508956147 0.3913043478260869
186 0.8063619518221125 0.18840579710144928 0.014206300185299569 0.2608695652173913
39 0.8264360716491662 0.20531400966183574 0.012353304508956147 0.3913043478260869
204 0.8434218653489809 0.20289855072463767 0.004323656578134652 0.40579710144927533
75 0.8820259419394688 0.4613526570048309 0.02964793082149475 0.32367149758454106
204 0.9067325509573811 0.5120772946859903 0.0037059913526868438 0.40579710144927533
204 0.91692402717727 0.5096618357487922 0.004323656578134652 0.4106280193236715
45 0.9481161210623843 0.466183574879227 0.03458925262507721 0.2946859903381642
163 0.9672637430512663 0.6835748792270531 0.013588634959851761 0.1400966183574879
204 0.9861025324274244 0.5120772946859903 0.004323656578134652 0.40579710144927533
204 0.996911673872761 0.5120772946859903 0.0037059913526868438 0.40579710144927533
