210 0.017051153460381142 0.50625 0.034102306920762285 0.4625
148 0.026078234704112337 0.09375 0.026078234704112337 0.0625
145 0.04914744232698094 0.75 0.01805416248746239 0.45
84 0.11033099297893681 0.4625 0.05215646940822467 0.25
20 0.16649949849548645 0.47500000000000003 0.022066198595787363 0.9500000000000001
145 0.19859578736208625 0.38125000000000003 0.022066198595787363 0.7125
128 0.26730190571715146 0.47500000000000003 0.05315947843530592 0.07500000000000001
210 0.3214643931795386 0.50625 0.033099297893681046 0.4625
148 0.3304914744232698 0.09375 0.02708124373119358 0.0625
195 0.354062186559679 0.7375 0.026078234704112337 0.45
205 0.40872617853560683 0.5 0.04914744232698094 0.5
195 0.4483450351053159 0.7375 0.02407221664994985 0.45
128 0.5125376128385155 0.46875 0.05215646940822467 0.0625
119 0.5887662988966901 0.6937500000000001 0.0641925777331996 0.1125
128 0.6730190571715146 0.47500000000000003 0.05215646940822467 0.07500000000000001
210 0.7276830491474423 0.50625 0.033099297893681046 0.4625
148 0.7367101303911735 0.1 0.02708124373119358 0.05
130 0.7602808425275828 0.8187500000000001 0.02407221664994985 0.3125
205 0.8099297893681043 0.49375 0.04914744232698094 0.48750000000000004
130 0.8505516549648947 0.8187500000000001 0.02407221664994985 0.3125
39 0.8771313941825476 0.47500000000000003 0.023069207622868605 0.9500000000000001
176 0.9062186559679037 0.48750000000000004 0.02106318956870612 0.9500000000000001
205 0.948345035105316 0.5 0.04914744232698094 0.5
145 0.9879638916750251 0.75 0.020060180541624874 0.45
