41 0.025119617224880382 0.3780487804878049 0.050239234449760764 0.6829268292682927
25 0.07894736842105263 0.7560975609756098 0.043062200956937795 0.43902439024390244
180 0.1513157894736842 0.5487804878048781 0.06339712918660287 0.8048780487804879
41 0.22787081339712917 0.36585365853658536 0.04665071770334928 0.7073170731707318
25 0.2781100478468899 0.75 0.04425837320574162 0.4268292682926829
128 0.3355263157894737 0.8292682926829269 0.039473684210526314 0.04878048780487805
145 0.3935406698564593 0.7560975609756098 0.021531100478468897 0.43902439024390244
180 0.4647129186602871 0.5548780487804879 0.06339712918660287 0.8170731707317074
119 0.5663875598086124 0.6646341463414634 0.07535885167464114 0.10975609756097561
180 0.6620813397129186 0.5426829268292683 0.061004784688995214 0.8170731707317074
41 0.7392344497607655 0.3597560975609756 0.04784688995215311 0.6951219512195123
195 0.7894736842105263 0.7317073170731707 0.028708133971291863 0.43902439024390244
180 0.8582535885167464 0.5304878048780488 0.06578947368421052 0.8170731707317074
41 0.937799043062201 0.3536585365853659 0.045454545454545456 0.7073170731707318
145 0.9868421052631579 0.7378048780487805 0.021531100478468897 0.4268292682926829
