6 0.04534005037783375 0.54 0.0906801007556675 0.84
56 0.1385390428211587 0.2 0.05037783375314861 0.4
104 0.2128463476070529 0.68 0.042821158690176324 0.08
0 0.3060453400503778 0.52 0.10327455919395466 0.8
6 0.42317380352644834 0.55 0.09571788413098237 0.8200000000000001
45 0.5403022670025189 0.54 0.10327455919395466 0.76
15 0.6322418136020151 0.53 0.04030226700251889 0.78
27 0.7267002518891688 0.54 0.10327455919395466 0.84
25 0.8513853904282116 0.53 0.10075566750629722 0.78
41 0.9596977329974811 0.53 0.07052896725440806 0.8200000000000001
