89 0.052256532066508314 0.45054945054945056 0.10451306413301663 0.8351648351648352
126 0.1496437054631829 0.2802197802197802 0.08551068883610452 0.2527472527472528
20 0.2470308788598575 0.4285714285714286 0.052256532066508314 0.8571428571428572
207 0.326603325415677 0.48901098901098905 0.09738717339667459 0.4285714285714286
39 0.4144893111638955 0.4395604395604396 0.0498812351543943 0.8351648351648352
72 0.48812351543942994 0.7252747252747254 0.026128266033254157 0.26373626373626374
89 0.6128266033254157 0.5054945054945056 0.10451306413301663 0.8131868131868133
126 0.7078384798099763 0.35714285714285715 0.09026128266033255 0.2527472527472528
20 0.8064133016627079 0.5164835164835165 0.0498812351543943 0.8351648351648352
209 0.8824228028503563 0.6758241758241759 0.09738717339667459 0.6043956043956045
39 0.9703087885985748 0.5494505494505495 0.0498812351543943 0.8351648351648352
