126 0.05128205128205128 0.5441176470588235 0.10256410256410256 0.5294117647058824
105 0.11965811965811966 0.7132352941176471 0.02393162393162393 0.5147058823529411
128 0.17094017094017094 0.7720588235294118 0.05128205128205128 0.07352941176470588
145 0.22905982905982905 0.7132352941176471 0.02735042735042735 0.5147058823529411
84 0.37094017094017095 0.5 0.08205128205128205 0.29411764705882354
113 0.5222222222222223 0.39705882352941174 0.05641025641025641 0.7941176470588235
105 0.5658119658119658 0.7132352941176471 0.020512820512820513 0.5147058823529411
126 0.6410256410256411 0.5367647058823529 0.10256410256410256 0.5147058823529411
105 0.7102564102564103 0.6985294117647058 0.02564102564102564 0.5147058823529411
155 0.8213675213675213 0.5 0.08376068376068375 0.7352941176470588
163 0.9393162393162393 0.5367647058823529 0.05299145299145299 0.5147058823529411
105 0.9837606837606837 0.6985294117647058 0.02564102564102564 0.5147058823529411
