41 0.04771784232365145 0.4090909090909091 0.0954356846473029 0.595959595959596
20 0.11514522821576763 0.7373737373737375 0.026970954356846474 0.4444444444444445
210 0.16182572614107885 0.7575757575757577 0.04564315352697095 0.24242424242424243
72 0.2095435684647303 0.888888888888889 0.016597510373443983 0.14141414141414144
210 0.27282157676348545 0.7676767676767677 0.04771784232365145 0.24242424242424243
148 0.2894190871369295 0.43939393939393945 0.056016597510373446 0.05050505050505051
39 0.31950207468879666 0.7575757575757577 0.024896265560165977 0.4444444444444445
84 0.4242738589211618 0.4747474747474748 0.10995850622406639 0.20202020202020204
65 0.5985477178423236 0.4747474747474748 0.13485477178423236 0.9494949494949496
52 0.7769709543568465 0.398989898989899 0.12240663900414937 0.5757575757575758
210 0.8630705394190872 0.7525252525252526 0.04564315352697095 0.25252525252525254
72 0.9118257261410788 0.8686868686868687 0.01867219917012448 0.14141414141414144
113 0.9719917012448133 0.6818181818181819 0.04771784232365145 0.3535353535353536
