94 0.09861325115562404 0.5093023255813953 0.19722650231124808 0.023255813953488372
20 0.010400616332819723 0.7790697674418604 0.014637904468412944 0.3488372093023256
149 0.03312788906009245 0.8255813953488372 0.030816640986132512 0.2558139534883721
155 0.08243451463790447 0.7767441860465116 0.038520801232665644 0.24186046511627907
93 0.07781201848998459 0.2116279069767442 0.02773497688751926 0.2651162790697674
149 0.11325115562403698 0.29069767441860467 0.029275808936825888 0.24651162790697673
145 0.12865947611710324 0.7372093023255814 0.01694915254237288 0.2651162790697674
39 0.15254237288135594 0.7744186046511627 0.01386748844375963 0.3488372093023256
195 0.17604006163328198 0.641860465116279 0.019260400616332822 0.16744186046511628
22 0.24191063174114022 0.872093023255814 0.040061633281972264 0.16279069767441862
110 0.24229583975346689 0.5046511627906977 0.022342064714946073 0.4325581395348837
204 0.28158705701078585 0.49534883720930234 0.003852080123266564 0.9906976744186047
131 0.3177966101694915 0.4744186046511628 0.03312788906009245 0.26046511627906976
158 0.3447611710323575 0.38372093023255816 0.00847457627118644 0.09767441860465116
160 0.3828967642526965 0.5 0.03389830508474576 0.3488372093023256
94 0.45223420647149465 0.2744186046511628 0.09707241910631742 0.018604651162790697
149 0.4152542372881356 0.1558139534883721 0.02157164869029276 0.15348837209302324
155 0.44838212634822805 0.12790697674418605 0.026194144838212637 0.14418604651162792
195 0.450693374422188 0.4255813953488372 0.020030816640986132 0.16279069767441862
145 0.4861325115562404 0.10465116279069767 0.01386748844375963 0.16279069767441862
204 0.5096302003081664 0.49767441860465117 0.003852080123266564 0.9860465116279069
195 0.5327426810477658 0.14186046511627906 0.019260400616332822 0.16279069767441862
75 0.5731895223420648 0.46744186046511627 0.029275808936825888 0.2744186046511628
48 0.6190292758089369 0.4604651162790698 0.03775038520801233 0.26046511627906976
186 0.6328967642526965 0.6302325581395348 0.00847457627118644 0.13488372093023254
105 0.6475346687211094 0.6674418604651162 0.006933744221879815 0.11627906976744186
122 0.6864406779661018 0.5023255813953489 0.040061633281972264 0.3069767441860465
126 0.7403697996918336 0.5023255813953489 0.04160246533127889 0.17674418604651163
22 0.7923728813559322 0.8604651162790697 0.039291217257318954 0.16744186046511628
110 0.7923728813559322 0.49302325581395345 0.022342064714946073 0.4372093023255814
160 0.8474576271186441 0.4906976744186046 0.03543913713405239 0.3488372093023256
149 0.8805855161787366 0.40930232558139534 0.02157164869029276 0.14883720930232558
75 0.9198767334360555 0.45348837209302323 0.029275808936825888 0.2744186046511628
48 0.9661016949152542 0.45348837209302323 0.038520801232665644 0.2651162790697674
186 0.979969183359014 0.6186046511627907 0.009244992295839754 0.13023255813953488
105 0.9946070878274268 0.6534883720930232 0.007704160246533128 0.11627906976744186
