201 0.027976190476190477 0.33955223880597013 0.055952380952380955 0.41044776119402987
71 0.08392857142857144 0.27611940298507465 0.010714285714285714 0.29850746268656714
14 0.16904761904761906 0.22014925373134328 0.08333333333333334 0.4253731343283582
145 0.22261904761904763 0.417910447761194 0.02142857142857143 0.26865671641791045
0 0.29464285714285715 0.7947761194029851 0.04404761904761905 0.27611940298507465
56 0.31488095238095243 0.26865671641791045 0.036904761904761905 0.2537313432835821
211 0.3380952380952381 0.8843283582089552 0.026190476190476195 0.20149253731343283
14 0.43214285714285716 0.21641791044776118 0.08333333333333334 0.417910447761194
195 0.48869047619047623 0.40671641791044777 0.029761904761904764 0.27611940298507465
167 0.5755952380952382 0.26492537313432835 0.07500000000000001 0.23134328358208955
0 0.6702380952380953 0.22014925373134328 0.05952380952380953 0.44029850746268656
145 0.7255952380952382 0.4253731343283582 0.02023809523809524 0.26865671641791045
0 0.7958333333333334 0.7947761194029851 0.04166666666666667 0.27611940298507465
56 0.8196428571428572 0.27238805970149255 0.036904761904761905 0.26119402985074625
211 0.8386904761904763 0.8843283582089552 0.027380952380952384 0.20149253731343283
0 0.9208333333333334 0.22388059701492538 0.05833333333333334 0.43283582089552236
195 0.9821428571428572 0.4141791044776119 0.030952380952380953 0.27611940298507465
