101 0.03578528827037773 0.41566265060240964 0.07157057654075547 0.6626506024096386
195 0.10139165009940357 0.21084337349397592 0.04373757455268389 0.42168674698795183
20 0.16202783300198806 0.5060240963855422 0.03379721669980119 0.9156626506024097
46 0.24155069582504968 0.42168674698795183 0.09741550695825049 0.674698795180723
48 0.3409542743538767 0.6626506024096386 0.06958250497017891 0.43373493975903615
117 0.41948310139165007 0.5180722891566265 0.03578528827037773 0.9156626506024097
7 0.5328031809145128 0.43373493975903615 0.11133200795228627 0.6506024096385542
164 0.6421471172962226 0.5240963855421688 0.03578528827037773 0.9036144578313253
39 0.7007952286282305 0.5180722891566265 0.03379721669980119 0.8915662650602411
84 0.8270377733598409 0.5240963855421688 0.09542743538767395 0.22891566265060243
211 0.9642147117296221 0.46385542168674704 0.0636182902584493 0.6385542168674699
