84 0.02112676056338028 0.3457446808510638 0.04225352112676056 0.1595744680851064
205 0.08322663252240717 0.8723404255319148 0.02816901408450704 0.1702127659574468
159 0.12483994878361075 0.35106382978723405 0.07042253521126761 0.7021276595744681
108 0.11779769526248399 0.8563829787234042 0.030729833546734954 0.24468085106382978
49 0.16389244558258642 0.8404255319148936 0.040973111395646605 0.2553191489361702
20 0.21318822023047374 0.3776595744680851 0.019206145966709345 0.5
95 0.24455825864276567 0.4627659574468085 0.03841229193341869 0.39361702127659576
20 0.28104993597951344 0.3723404255319149 0.019206145966709345 0.5106382978723404
45 0.32522407170294493 0.3351063829787234 0.046094750320102434 0.4148936170212766
72 0.3508322663252241 0.5372340425531915 0.012804097311139564 0.1595744680851064
200 0.3969270166453265 0.40425531914893614 0.02816901408450704 0.2765957446808511
39 0.4295774647887324 0.3882978723404255 0.019206145966709345 0.5212765957446809
128 0.4795134443021767 0.3723404255319149 0.04225352112676056 0.06382978723404255
196 0.5396927016645326 0.40425531914893614 0.03201024327784891 0.2978723404255319
128 0.6024327784891165 0.3723404255319149 0.04225352112676056 0.06382978723404255
205 0.6709346991037132 0.4148936170212766 0.046094750320102434 0.2765957446808511
209 0.7112676056338028 0.46808510638297873 0.03201024327784891 0.3829787234042553
149 0.7471190781049936 0.2553191489361702 0.02176696542893726 0.23404255319148937
130 0.7720870678617158 0.15425531914893617 0.017925736235595388 0.13829787234042554
89 0.7983354673495519 0.39361702127659576 0.034571062740076826 0.5319148936170213
20 0.8290653008962868 0.39361702127659576 0.019206145966709345 0.5106382978723404
57 0.8636363636363636 0.36170212765957444 0.034571062740076826 0.425531914893617
72 0.8918053777208707 0.5638297872340425 0.011523687580025609 0.14893617021276595
145 0.9353393085787451 0.3670212765957447 0.019206145966709345 0.4148936170212766
39 0.9635083226632521 0.4148936170212766 0.019206145966709345 0.5106382978723404
39 0.9871959026888604 0.4148936170212766 0.020486555697823303 0.5106382978723404
