204 0.0045045045045045045 0.46875 0.009009009009009009 0.9375
54 0.0503003003003003 0.50625 0.052552552552552555 0.48750000000000004
204 0.09309309309309309 0.47500000000000003 0.009009009009009009 0.925
84 0.16816816816816815 0.45625000000000004 0.07807807807807808 0.23750000000000002
54 0.2627627627627628 0.50625 0.05405405405405406 0.48750000000000004
195 0.3108108108108108 0.7375 0.03903903903903904 0.45
155 0.40465465465465467 0.4625 0.07957957957957958 0.65
119 0.5307807807807807 0.6875 0.0945945945945946 0.125
155 0.6644144144144144 0.46875 0.07957957957957958 0.6625000000000001
54 0.7582582582582582 0.50625 0.05405405405405406 0.48750000000000004
130 0.8070570570570571 0.8187500000000001 0.03453453453453453 0.3125
84 0.8918918918918919 0.46875 0.07807807807807808 0.23750000000000002
145 0.9804804804804804 0.36875 0.03303303303303303 0.7125
