64 0.03341288782816229 0.5 0.06682577565632458 0.48148148148148145
104 0.10978520286396182 0.49382716049382713 0.04773269689737471 0.07407407407407407
101 0.19809069212410502 0.3641975308641975 0.09069212410501194 0.728395061728395
141 0.2971360381861575 0.48765432098765427 0.0739856801909308 0.48148148148148145
126 0.41885441527446304 0.5 0.14558472553699284 0.48148148148148145
141 0.5525059665871122 0.49382716049382713 0.0739856801909308 0.4691358024691358
186 0.626491646778043 0.42592592592592593 0.04534606205250597 0.6296296296296295
101 0.7076372315035799 0.38888888888888884 0.0883054892601432 0.728395061728395
80 0.7971360381861575 0.5308641975308641 0.07159904534606205 0.4691358024691358
186 0.869928400954654 0.4506172839506173 0.04534606205250597 0.6296296296296295
209 0.9463007159904535 0.6419753086419753 0.09785202863961814 0.6666666666666666
