113 0.0419921875 0.3950617283950617 0.083984375 0.7407407407407407
20 0.1318359375 0.49382716049382713 0.044921875 0.9382716049382716
210 0.1904296875 0.5246913580246914 0.068359375 0.4567901234567901
20 0.271484375 0.49382716049382713 0.04296875 0.9382716049382716
205 0.3505859375 0.5123456790123456 0.095703125 0.48148148148148145
39 0.4287109375 0.49382716049382713 0.044921875 0.9382716049382716
72 0.478515625 0.7777777777777777 0.0234375 0.2716049382716049
205 0.583984375 0.5123456790123456 0.09375 0.48148148148148145
148 0.5986328125 0.1111111111111111 0.052734375 0.04938271604938271
39 0.6611328125 0.49382716049382713 0.044921875 0.9382716049382716
84 0.771484375 0.47530864197530864 0.1015625 0.2345679012345679
113 0.8974609375 0.37037037037037035 0.083984375 0.7407407407407407
211 0.9697265625 0.7469135802469136 0.052734375 0.4567901234567901
