115 0.0226628895184136 0.3680555555555555 0.0453257790368272 0.736111111111111
141 0.10056657223796034 0.4930555555555555 0.0878186968838527 0.5138888888888888
95 0.20538243626062325 0.6041666666666666 0.1048158640226629 0.736111111111111
104 0.31019830028328615 0.4583333333333333 0.09915014164305949 0.05555555555555555
95 0.4135977337110482 0.611111111111111 0.0963172804532578 0.6944444444444444
80 0.5113314447592068 0.5138888888888888 0.0764872521246459 0.4722222222222222
130 0.6147308781869689 0.5069444444444444 0.1019830028328612 0.4861111111111111
80 0.718130311614731 0.5208333333333333 0.0764872521246459 0.4861111111111111
163 0.8031161473087819 0.5138888888888888 0.06515580736543909 0.4722222222222222
53 0.8980169971671389 0.5138888888888888 0.0906515580736544 0.4722222222222222
115 0.9716713881019831 0.375 0.0453257790368272 0.7222222222222222
