17 0.0625 0.569620253164557 0.125 0.6835443037974683
6 0.18951612903225806 0.569620253164557 0.10887096774193548 0.7088607594936709
190 0.19858870967741934 0.06329113924050633 0.046370967741935484 0.10126582278481013
155 0.3387096774193548 0.6582278481012658 0.10080645161290322 0.6329113924050633
6 0.49193548387096775 0.569620253164557 0.10887096774193548 0.7088607594936709
190 0.5030241935483871 0.056962025316455694 0.05040322580645161 0.11392405063291139
195 0.5776209677419355 0.33544303797468356 0.046370967741935484 0.4430379746835443
84 0.7127016129032258 0.6518987341772152 0.09879032258064516 0.24050632911392406
128 0.8719758064516129 0.6582278481012658 0.0907258064516129 0.0759493670886076
195 0.9647177419354839 0.5822784810126582 0.0625 0.6582278481012658
