117 0.026002971768202078 0.5056818181818182 0.052005943536404156 0.8522727272727273
129 0.09658246656760772 0.6306818181818182 0.06240713224368499 0.625
164 0.1649331352154532 0.4943181818181818 0.05052005943536404 0.8522727272727273
65 0.2786032689450223 0.5113636363636364 0.0787518573551263 0.4545454545454546
116 0.38632986627043087 0.40340909090909094 0.05349182763744428 0.6931818181818182
4 0.45468053491827637 0.48863636363636365 0.041604754829123326 0.9772727272727273
211 0.5118870728083209 0.4090909090909091 0.05794947994056463 0.6818181818181819
72 0.5572065378900446 0.7613636363636364 0.017830609212481426 0.25
186 0.6069836552748885 0.46590909090909094 0.031203566121842496 0.5227272727272727
195 0.6530460624071323 0.7386363636363636 0.040118870728083206 0.4090909090909091
5 0.7050520059435363 0.4943181818181818 0.04309063893016345 0.9659090909090909
84 0.8276374442793462 0.4943181818181818 0.08023774145616641 0.2159090909090909
82 0.9606240713224368 0.4090909090909091 0.07280832095096582 0.6818181818181819
