20 0.021256931608133085 0.4691358024691358 0.04251386321626617 0.9382716049382716
210 0.07763401109057301 0.49382716049382713 0.06284658040665435 0.4691358024691358
72 0.13123844731977818 0.7654320987654321 0.022181146025878003 0.2716049382716049
205 0.23197781885397412 0.5 0.09057301293900184 0.48148148148148145
39 0.30406654343807765 0.48148148148148145 0.04251386321626617 0.9382716049382716
108 0.3974121996303142 0.5 0.07024029574861368 0.5061728395061729
22 0.5415896487985212 0.38888888888888884 0.15157116451016636 0.7037037037037037
6 0.6460258780036968 0.7407407407407407 0.06099815157116451 0.4691358024691358
65 0.7569316081330869 0.49382716049382713 0.09796672828096119 0.49382716049382713
49 0.9251386321626617 0.38271604938271603 0.1423290203327172 0.7160493827160493
