143 0.011780697779791573 0.39937106918238996 0.023561395559583146 0.24528301886792453
211 0.03398278205709108 0.5314465408805031 0.011780697779791573 0.22012578616352202
84 0.06071590394200272 0.37735849056603776 0.023561395559583146 0.11320754716981132
95 0.08812868146805619 0.449685534591195 0.016764839148164932 0.3459119496855346
54 0.10353420933393748 0.5723270440251572 0.01042138649750793 0.15094339622641512
59 0.11871318531943816 0.5534591194968553 0.012686905301314002 0.3144654088050315
148 0.1200724966017218 0.4088050314465409 0.010874490258269144 0.025157232704402517
75 0.14272768463978253 0.3364779874213837 0.016311735387403718 0.37106918238993714
210 0.1642501132759402 0.39937106918238996 0.014046216583597644 0.23270440251572327
54 0.17852288173991845 0.24842767295597484 0.010874490258269144 0.14465408805031446
206 0.20389669234254645 0.4056603773584906 0.019030357951971003 0.24528301886792453
75 0.23153602174898053 0.339622641509434 0.016311735387403718 0.3647798742138365
148 0.25215224286361576 0.2138364779874214 0.014952424105120073 0.025157232704402517
210 0.2530584503851382 0.4056603773584906 0.014046216583597644 0.23270440251572327
59 0.26710466696873586 0.24213836477987422 0.011327594019030359 0.2830188679245283
72 0.27888536474852743 0.5471698113207547 0.004984141368373358 0.12578616352201258
143 0.3076574535568645 0.39308176100628933 0.023561395559583146 0.24528301886792453
84 0.3405074762120526 0.3679245283018868 0.023108291798821932 0.11949685534591195
143 0.3726778432260988 0.39308176100628933 0.02401449932034436 0.24528301886792453
211 0.3951064793837789 0.5251572327044025 0.011780697779791573 0.22012578616352202
155 0.4218396012686905 0.37421383647798745 0.022655188038060717 0.3207547169811321
150 0.4494789306751246 0.32389937106918243 0.014499320344358859 0.37106918238993714
150 0.4712279111916629 0.30817610062893086 0.014499320344358859 0.3647798742138365
148 0.473493429995469 0.05345911949685535 0.015405527865881287 0.031446540880503145
153 0.4963751699139103 0.3616352201257862 0.020389669234254646 0.4716981132075472
72 0.5133665609424558 0.5157232704402516 0.005437245129134572 0.12578616352201258
48 0.5450838241957409 0.339622641509434 0.022655188038060717 0.35220125786163525
84 0.5786135024920707 0.3867924528301887 0.02174898051653829 0.11949685534591195
20 0.6017217942908927 0.389937106918239 0.008155867693701859 0.46540880503144655
177 0.6513366560942456 0.33333333333333337 0.08926144086995923 0.6666666666666667
128 0.6592659719075669 0.3805031446540881 0.023561395559583146 0.031446540880503145
145 0.6866787494336203 0.33333333333333337 0.009515178975985502 0.35220125786163525
39 0.7014046216583598 0.3836477987421384 0.008155867693701859 0.46540880503144655
126 0.7159039420027187 0.2358490566037736 0.016311735387403718 0.14465408805031446
22 0.7446760308110557 0.8742138364779874 0.021295876755777075 0.22641509433962265
110 0.7444494789306751 0.37735849056603776 0.011780697779791573 0.5911949685534591
143 0.7761667421839602 0.39937106918238996 0.023561395559583146 0.24528301886792453
126 0.7985953783416403 0.2358490566037736 0.015858631626642503 0.14465408805031446
211 0.7983688264612596 0.5314465408805031 0.011780697779791573 0.22012578616352202
72 0.8133212505663797 0.5283018867924528 0.004531037607612144 0.12578616352201258
153 0.8398278205709108 0.37106918238993714 0.020389669234254646 0.4779874213836478
108 0.8654281830539193 0.3805031446540881 0.016311735387403718 0.24528301886792453
30 0.8903488898957862 0.3207547169811321 0.02174898051653829 0.35220125786163525
20 0.9102854553692796 0.3679245283018868 0.008155867693701859 0.4591194968553459
22 0.9345265065700046 0.3176100628930818 0.034888989578613507 0.3584905660377359
72 0.9574082464884459 0.5188679245283019 0.005437245129134572 0.1320754716981132
95 0.9805165382872678 0.42452830188679247 0.016311735387403718 0.3459119496855346
39 0.9950158586316267 0.3647798742138365 0.008155867693701859 0.46540880503144655
