12 0.038 0.46428571428571425 0.076 0.5857142857142857
64 0.096 0.7214285714285714 0.028 0.24285714285714285
74 0.186 0.5 0.068 0.5142857142857142
23 0.268 0.5142857142857142 0.032 0.7142857142857143
201 0.323 0.65 0.058 0.4714285714285714
108 0.429 0.5 0.07 0.5142857142857142
18 0.538 0.47857142857142854 0.07200000000000001 0.5571428571428572
204 0.622 0.4857142857142857 0.012 0.9714285714285714
53 0.6930000000000001 0.5642857142857143 0.05 0.3857142857142857
201 0.744 0.7999999999999999 0.036000000000000004 0.2857142857142857
84 0.839 0.4928571428571428 0.066 0.21428571428571427
211 0.932 0.4928571428571428 0.048 0.5571428571428572
24 0.978 0.5357142857142857 0.036000000000000004 0.7285714285714285
