141 0.0392156862745098 0.4340659340659341 0.0784313725490196 0.47252747252747257
163 0.1196078431372549 0.4285714285714286 0.058823529411764705 0.46153846153846156
75 0.19901960784313724 0.3351648351648352 0.08431372549019608 0.6703296703296704
211 0.27647058823529413 0.7417582417582418 0.054901960784313725 0.47252747252747257
209 0.38529411764705884 0.521978021978022 0.08431372549019608 0.6263736263736264
113 0.4666666666666667 0.7362637362637363 0.058823529411764705 0.4835164835164836
20 0.5470588235294117 0.4285714285714286 0.03529411764705882 0.8571428571428572
186 0.6098039215686274 0.39010989010989017 0.0392156862745098 0.5604395604395604
39 0.6686274509803921 0.4340659340659341 0.03529411764705882 0.8681318681318682
84 0.8166666666666667 0.4285714285714286 0.10392156862745097 0.2417582417582418
145 0.9774509803921568 0.3351648351648352 0.03725490196078431 0.6483516483516484
