14 0.06469500924214418 0.39928057553956836 0.12939001848428835 0.4244604316546763
210 0.14972273567467653 0.7266187050359713 0.04436229205175601 0.20143884892086333
71 0.2707948243992606 0.4712230215827338 0.02033271719038817 0.30935251798561153
84 0.3521256931608133 0.460431654676259 0.09796672828096119 0.15827338129496404
80 0.5083179297597042 0.4676258992805756 0.06284658040665435 0.3165467625899281
200 0.5850277264325323 0.4676258992805756 0.07578558225508318 0.28776978417266186
163 0.6571164510166358 0.7266187050359713 0.038817005545286505 0.20143884892086333
128 0.678373382624769 0.18705035971223022 0.07024029574861368 0.02877697841726619
211 0.6931608133086876 0.8741007194244604 0.03696857670979667 0.22302158273381295
145 0.7597042513863216 0.1474820143884892 0.018484288354898334 0.2949640287769784
20 0.8262476894639557 0.4676258992805756 0.033271719038817 0.5611510791366907
210 0.9038817005545287 0.4712230215827338 0.066543438077634 0.2949640287769784
39 0.9796672828096118 0.4676258992805756 0.033271719038817 0.5611510791366907
