84 0.012319851231985124 0.5651162790697675 0.024639702463970247 0.08837209302325581
15 0.040446304044630406 0.5325581395348837 0.01394700139470014 0.2558139534883721
20 0.05695025569502557 0.5674418604651162 0.00790330079033008 0.3441860465116279
153 0.07601115760111576 0.5604651162790698 0.02092050209205021 0.3488372093023256
39 0.09321245932124593 0.5627906976744186 0.00790330079033008 0.3441860465116279
128 0.1194793119479312 0.5581395348837209 0.023245002324500233 0.018604651162790697
16 0.14714086471408647 0.5209302325581395 0.01906090190609019 0.26046511627906976
20 0.16666666666666666 0.5581395348837209 0.00790330079033008 0.3441860465116279
153 0.18549511854951184 0.5511627906976744 0.020455602045560205 0.3488372093023256
39 0.20269642026964202 0.5534883720930233 0.008368200836820083 0.3441860465116279
155 0.22780102278010228 0.5511627906976744 0.023245002324500233 0.2372093023255814
94 0.3135750813575081 0.5465116279069767 0.13435611343561135 0.023255813953488372
20 0.2524407252440725 0.2837209302325581 0.008368200836820083 0.3441860465116279
177 0.302185030218503 0.2441860465116279 0.08926080892608089 0.4883720930232558
128 0.3098558809855881 0.27674418604651163 0.023709902370990237 0.023255813953488372
48 0.31403998140399814 0.7813953488372093 0.022780102278010226 0.26046511627906976
145 0.33728498372849836 0.24651162790697673 0.010692701069270106 0.26046511627906976
39 0.3519293351929335 0.27906976744186046 0.008368200836820083 0.3441860465116279
126 0.36657368665736867 0.17209302325581394 0.016271501627150162 0.10232558139534884
4 0.40330079033007904 0.5348837209302325 0.013482101348210134 0.7906976744186046
22 0.42561599256159927 0.9069767441860465 0.023709902370990237 0.16744186046511628
110 0.42515109251510924 0.5395348837209302 0.012552301255230125 0.42790697674418604
150 0.45513714551371454 0.5023255813953489 0.01580660158066016 0.2697674418604651
153 0.4804741980474198 0.5348837209302325 0.02092050209205021 0.35348837209302325
77 0.4869827986982799 0.3209302325581395 0.0041841004184100415 0.037209302325581395
206 0.5120874012087401 0.5441860465116279 0.01906090190609019 0.17674418604651163
37 0.5404463040446303 0.49767441860465117 0.015341701534170154 0.2697674418604651
153 0.5660158066015807 0.5279069767441861 0.02092050209205021 0.3488372093023256
206 0.599721059972106 0.5395348837209302 0.020455602045560205 0.17674418604651163
126 0.6290097629009763 0.15348837209302324 0.016736401673640166 0.10232558139534884
113 0.6290097629009763 0.8930232558139535 0.010227801022780102 0.15813953488372093
182 0.6506276150627615 0.5232558139534884 0.028358902835890282 0.4232558139534884
84 0.6473733147373315 0.9209302325581395 0.014411901441190143 0.05581395348837209
128 0.6520223152022315 0.1558139534883721 0.014411901441190143 0.013953488372093023
211 0.6696885169688517 0.8906976744186046 0.011622501162250116 0.16279069767441862
145 0.6724779172477917 0.12558139534883722 0.00790330079033008 0.15813953488372093
94 0.7377963737796374 0.5162790697674419 0.08740120874012088 0.027906976744186046
126 0.707577870757787 0.8 0.02510460251046025 0.17674418604651163
113 0.707810320781032 0.21395348837209302 0.016271501627150162 0.2697674418604651
155 0.7370990237099023 0.24883720930232558 0.024639702463970247 0.2372093023255814
155 0.7417480241748023 0.786046511627907 0.024639702463970247 0.24186046511627907
145 0.7668526266852627 0.21395348837209302 0.010692701069270106 0.26046511627906976
145 0.7717340771734077 0.7534883720930232 0.010227801022780102 0.26046511627906976
143 0.807763830776383 0.5255813953488372 0.023709902370990237 0.17674418604651163
126 0.8305439330543932 0.40232558139534885 0.016271501627150162 0.10697674418604651
211 0.8300790330079033 0.6209302325581395 0.011622501162250116 0.16279069767441862
128 0.8528591352859135 0.4046511627906977 0.014411901441190143 0.018604651162790697
113 0.8716875871687587 0.3744186046511628 0.010227801022780102 0.16279069767441862
128 0.8919107391910739 0.4 0.015341701534170154 0.018604651162790697
145 0.9142259414225941 0.3697674418604651 0.00790330079033008 0.16279069767441862
206 0.9418874941887494 0.5069767441860465 0.019525801952580194 0.17674418604651163
143 0.9746629474662947 0.513953488372093 0.023709902370990237 0.1813953488372093
113 0.9939562993956299 0.3674418604651163 0.010227801022780102 0.15813953488372093
