94 0.4988938053097345 0.5072815533980582 0.997787610619469 0.04368932038834951
196 0.02820796460176991 0.20631067961165048 0.04314159292035398 0.21844660194174756
66 0.08738938053097345 0.1966019417475728 0.01327433628318584 0.06310679611650485
200 0.14601769911504425 0.20631067961165048 0.04424778761061947 0.2087378640776699
20 0.19634955752212388 0.20145631067961164 0.021017699115044246 0.3932038834951456
7 0.25110619469026546 0.16262135922330095 0.07079646017699115 0.2961165048543689
196 0.3019911504424779 0.3810679611650485 0.030973451327433628 0.15048543689320387
50 0.36504424778761063 0.16504854368932037 0.07300884955752213 0.30097087378640774
204 0.3766592920353982 0.7864077669902912 0.007743362831858407 0.4077669902912621
196 0.41814159292035397 0.7936893203883495 0.04424778761061947 0.21844660194174756
66 0.44026548672566373 0.20145631067961164 0.01327433628318584 0.06310679611650485
206 0.4961283185840708 0.7766990291262135 0.051991150442477874 0.2621359223300971
200 0.4988938053097345 0.20388349514563106 0.04424778761061947 0.21359223300970873
200 0.5730088495575221 0.7888349514563107 0.04424778761061947 0.2087378640776699
155 0.5873893805309734 0.20388349514563106 0.05973451327433628 0.2621359223300971
204 0.6172566371681416 0.7864077669902912 0.00663716814159292 0.4077669902912621
7 0.6814159292035398 0.16262135922330095 0.07079646017699115 0.2961165048543689
200 0.730641592920354 0.37864077669902907 0.02986725663716814 0.14563106796116504
50 0.7981194690265486 0.16019417475728154 0.07411504424778761 0.30097087378640774
66 0.872787610619469 0.19417475728155337 0.01327433628318584 0.058252427184466014
196 0.935287610619469 0.20388349514563106 0.04314159292035398 0.21359223300970873
39 0.978429203539823 0.1966019417475728 0.021017699115044246 0.3932038834951456
