201 0.02840909090909091 0.625 0.05681818181818182 0.6730769230769231
84 0.1268939393939394 0.4134615384615385 0.06060606060606061 0.2884615384615385
20 0.20643939393939395 0.4711538461538462 0.026515151515151516 0.9038461538461539
207 0.2537878787878788 0.5096153846153847 0.05303030303030303 0.5192307692307693
155 0.34280303030303033 0.42307692307692313 0.06060606060606061 0.6153846153846154
53 0.4318181818181818 0.5288461538461539 0.04924242424242424 0.5192307692307693
72 0.4734848484848485 0.7596153846153847 0.01893939393939394 0.2884615384615385
209 0.540719696969697 0.6057692307692308 0.04734848484848485 0.6730769230769231
155 0.6297348484848485 0.4326923076923077 0.0625 0.6346153846153847
57 0.7196969696969697 0.38461538461538464 0.04924242424242424 0.7692307692307693
39 0.7736742424242424 0.4711538461538462 0.02840909090909091 0.9038461538461539
108 0.8522727272727273 0.44230769230769235 0.06818181818181818 0.6923076923076923
12 0.9592803030303031 0.4134615384615385 0.07386363636363637 0.7884615384615385
