3 0.03879310344827586 0.4024390243902439 0.07758620689655173 0.7073170731707318
113 0.09729064039408868 0.75 0.029556650246305417 0.45121951219512196
84 0.16687192118226601 0.46951219512195125 0.06527093596059114 0.23170731707317074
95 0.24076354679802955 0.5853658536585367 0.04556650246305419 0.6829268292682927
113 0.28448275862068967 0.75 0.029556650246305417 0.45121951219512196
20 0.3288177339901478 0.46951219512195125 0.029556650246305417 0.9146341463414634
22 0.3996305418719212 0.3902439024390244 0.09975369458128079 0.6829268292682927
6 0.4685960591133005 0.7378048780487805 0.04064039408866995 0.45121951219512196
65 0.5424876847290641 0.5121951219512195 0.06527093596059114 0.4878048780487805
20 0.6108374384236454 0.46951219512195125 0.027093596059113302 0.9390243902439025
47 0.6742610837438424 0.3902439024390244 0.07019704433497537 0.7073170731707318
211 0.7229064039408867 0.7439024390243902 0.034482758620689655 0.43902439024390244
191 0.7967980295566502 0.475609756097561 0.04926108374384237 0.4878048780487805
47 0.8947044334975369 0.4024390243902439 0.07019704433497537 0.7073170731707318
39 0.9488916256157636 0.475609756097561 0.02832512315270936 0.926829268292683
39 0.9833743842364532 0.4634146341463415 0.02832512315270936 0.926829268292683
