95 0.02653631284916201 0.5731707317073171 0.05307262569832402 0.6829268292682927
158 0.07751396648044694 0.14634146341463417 0.015363128491620113 0.2682926829268293
71 0.12918994413407822 0.5121951219512195 0.012569832402234637 0.4878048780487805
22 0.2255586592178771 0.3902439024390244 0.11312849162011174 0.6829268292682927
6 0.3037709497206704 0.7378048780487805 0.046089385474860335 0.45121951219512196
167 0.3889664804469274 0.48170731707317077 0.08798882681564246 0.3536585365853659
47 0.5006983240223464 0.4024390243902439 0.07960893854748603 0.7073170731707318
211 0.5551675977653632 0.75 0.03770949720670391 0.45121951219512196
191 0.6389664804469274 0.46951219512195125 0.05726256983240224 0.5
12 0.7388268156424581 0.3902439024390244 0.07541899441340782 0.7073170731707318
158 0.8093575418994413 0.17073170731707318 0.015363128491620113 0.2682926829268293
20 0.846368715083799 0.4634146341463415 0.030726256983240226 0.926829268292683
76 0.8924581005586593 0.3719512195121951 0.04748603351955307 0.7439024390243902
158 0.9497206703910615 0.17073170731707318 0.013966480446927375 0.2682926829268293
39 0.9804469273743017 0.475609756097561 0.0335195530726257 0.926829268292683
