200 0.019398642095053348 0.4427312775330397 0.038797284190106696 0.18942731277533043
105 0.052376333656644035 0.5770925110132159 0.013579049466537343 0.18502202643171808
20 0.05722599418040737 0.25550660792951546 0.011639185257032008 0.2378854625550661
113 0.0848690591658584 0.22246696035242292 0.028128031037827354 0.19823788546255508
39 0.11493695441319107 0.2533039647577093 0.012609117361784675 0.24229074889867844
20 0.1469447138700291 0.4405286343612335 0.01842870999030068 0.3524229074889868
186 0.17749757516973813 0.42511013215859034 0.02133850630455868 0.2246696035242291
39 0.20708050436469447 0.4427312775330397 0.01842870999030068 0.3480176211453745
84 0.2769156159068865 0.4405286343612335 0.05140640155189137 0.09691629955947137
94 0.465082444228904 0.4405286343612335 0.25121241513094084 0.026431718061674013
210 0.36517943743937925 0.775330396475771 0.03588748787584869 0.1762114537444934
209 0.3976721629485936 0.2114537444933921 0.04267701260911736 0.25550660792951546
113 0.4034917555771096 0.8920704845814978 0.027158098933074686 0.19823788546255508
105 0.4005819592628516 0.5947136563876653 0.013579049466537343 0.18502202643171808
128 0.4354995150339476 0.6101321585903084 0.038797284190106696 0.022026431718061675
113 0.43695441319107664 0.29735682819383263 0.028128031037827354 0.19823788546255508
20 0.476721629485936 0.17400881057268724 0.01842870999030068 0.3480176211453745
145 0.4786614936954413 0.5925110132158591 0.012609117361784675 0.18061674008810574
186 0.5077594568380214 0.15859030837004406 0.020368574199806012 0.22907488986784144
20 0.5140640155189137 0.7709251101321587 0.01745877788554801 0.3524229074889868
39 0.5363724539282251 0.17400881057268724 0.01745877788554801 0.3480176211453745
186 0.545101842870999 0.7533039647577093 0.02133850630455868 0.22907488986784144
39 0.5737148399612028 0.7665198237885463 0.01842870999030068 0.3524229074889868
84 0.6532492725509215 0.4405286343612335 0.05140640155189137 0.09691629955947137
186 0.7216294859359845 0.4229074889867842 0.019398642095053348 0.22907488986784144
94 0.8724539282250242 0.4405286343612335 0.25121241513094084 0.026431718061674013
101 0.7696411251212415 0.7246696035242292 0.037827352085354024 0.28634361233480177
95 0.8098933074684772 0.2114537444933921 0.0446168768186227 0.25550660792951546
113 0.8094083414161009 0.8920704845814978 0.028128031037827354 0.19823788546255508
105 0.8079534432589719 0.5947136563876653 0.013579049466537343 0.18502202643171808
128 0.8428709990300679 0.6101321585903084 0.03685741998060136 0.022026431718061675
113 0.8462657613967023 0.29735682819383263 0.028128031037827354 0.19823788546255508
20 0.8855480116391853 0.1762114537444934 0.01745877788554801 0.3436123348017621
145 0.8845780795344326 0.5925110132158591 0.011639185257032008 0.18061674008810574
186 0.9165858389912707 0.15859030837004406 0.02133850630455868 0.22907488986784144
20 0.9209505334626577 0.7709251101321587 0.01842870999030068 0.3524229074889868
39 0.946168768186227 0.17400881057268724 0.01842870999030068 0.3480176211453745
186 0.951988360814743 0.7533039647577093 0.020368574199806012 0.22907488986784144
39 0.9815712900096993 0.7709251101321587 0.01745877788554801 0.3524229074889868
