20 0.03368794326241135 0.4636363636363636 0.0673758865248227 0.8909090909090909
89 0.11170212765957446 0.45454545454545453 0.08865248226950355 0.9090909090909091
105 0.15780141843971632 0.6454545454545454 0.024822695035460994 0.45454545454545453
72 0.19680851063829788 0.7363636363636363 0.03900709219858156 0.2727272727272727
89 0.3102836879432624 0.4636363636363636 0.09574468085106383 0.9272727272727272
112 0.36170212765957444 0.7 0.035460992907801414 0.5272727272727272
39 0.4237588652482269 0.45454545454545453 0.05319148936170213 0.8727272727272727
3 0.5354609929078014 0.3909090909090909 0.1276595744680851 0.7090909090909091
84 0.7340425531914894 0.41818181818181815 0.11347517730496454 0.2909090909090909
3 0.9290780141843972 0.3909090909090909 0.1276595744680851 0.7090909090909091
