196 0.029585798816568046 0.5275229357798166 0.05917159763313609 0.3944954128440367
145 0.08949704142011834 0.7935779816513762 0.019230769230769232 0.3761467889908257
84 0.20118343195266272 0.5229357798165137 0.07988165680473372 0.2018348623853211
54 0.3224852071005917 0.5504587155963303 0.06804733727810651 0.3486238532110092
186 0.3875739644970414 0.4954128440366973 0.03254437869822485 0.47706422018348627
168 0.42751479289940825 0.13761467889908258 0.03254437869822485 0.27522935779816515
20 0.48002958579881655 0.5275229357798166 0.028106508875739643 0.724770642201835
145 0.5384615384615384 0.44954128440366975 0.029585798816568046 0.5504587155963303
155 0.6457100591715976 0.5275229357798166 0.07840236686390532 0.48623853211009177
27 0.7751479289940828 0.44954128440366975 0.08875739644970414 0.5688073394495413
20 0.8439349112426036 0.5229357798165137 0.028106508875739643 0.7339449541284404
186 0.8927514792899408 0.4954128440366973 0.03106508875739645 0.47706422018348627
39 0.9363905325443787 0.5275229357798166 0.026627218934911243 0.724770642201835
39 0.9837278106508875 0.5321100917431193 0.026627218934911243 0.7339449541284404
