149 0.015546218487394958 0.6666666666666667 0.031092436974789917 0.5333333333333333
190 0.02142857142857143 0.2555555555555556 0.019327731092436976 0.08888888888888889
20 0.04495798319327731 0.5611111111111111 0.014285714285714287 0.8333333333333334
50 0.08319327731092438 0.48333333333333334 0.05042016806722689 0.5888888888888889
72 0.11806722689075631 0.7944444444444445 0.0075630252100840345 0.23333333333333334
51 0.17142857142857143 0.47222222222222227 0.04369747899159664 0.5888888888888889
39 0.20798319327731093 0.5444444444444445 0.014285714285714287 0.8222222222222223
85 0.2634453781512605 0.5444444444444445 0.041176470588235294 0.37777777777777777
160 0.32563025210084034 0.5388888888888889 0.03781512605042017 0.7222222222222222
20 0.3600840336134454 0.5333333333333333 0.014285714285714287 0.8222222222222223
50 0.39873949579831935 0.46111111111111114 0.049579831932773114 0.5888888888888889
72 0.4327731092436975 0.7777777777777778 0.0067226890756302525 0.22222222222222224
51 0.48697478991596643 0.46111111111111114 0.04453781512605042 0.5888888888888889
39 0.5239495798319328 0.5444444444444445 0.014285714285714287 0.8222222222222223
126 0.5936974789915966 0.5333333333333333 0.046218487394957986 0.4
141 0.6344537815126051 0.5333333333333333 0.028571428571428574 0.4222222222222222
75 0.6684873949579833 0.45555555555555555 0.03277310924369748 0.6
20 0.7096638655462185 0.5222222222222223 0.014285714285714287 0.8222222222222223
50 0.7474789915966387 0.45 0.049579831932773114 0.5888888888888889
128 0.8138655462184874 0.5277777777777778 0.03781512605042017 0.05555555555555556
51 0.8760504201680673 0.45 0.04285714285714286 0.5888888888888889
39 0.9105042016806724 0.5222222222222223 0.014285714285714287 0.8222222222222223
75 0.9352941176470588 0.2 0.020168067226890758 0.4
128 0.961764705882353 0.25 0.024369747899159664 0.05555555555555556
195 0.9894957983193278 0.2 0.01764705882352941 0.37777777777777777
