149 0.026 0.6114457831325302 0.052 0.29518072289156627
170 0.07266666666666667 0.6355421686746988 0.030666666666666665 0.21084337349397592
72 0.09799999999999999 0.7439759036144579 0.009333333333333332 0.09036144578313253
93 0.126 0.6355421686746988 0.030666666666666665 0.21084337349397592
20 0.16733333333333333 0.5542168674698795 0.022666666666666665 0.44578313253012053
50 0.22733333333333333 0.5150602409638555 0.07866666666666666 0.31927710843373497
72 0.2826666666666667 0.6837349397590362 0.013333333333333332 0.12650602409638556
51 0.368 0.5150602409638555 0.06933333333333333 0.31927710843373497
39 0.42533333333333334 0.5542168674698795 0.024 0.44578313253012053
84 0.512 0.5542168674698795 0.064 0.12048192771084337
94 0.7919999999999999 0.5602409638554218 0.4106666666666667 0.03614457831325302
93 0.6093333333333333 0.21084337349397592 0.04 0.30120481927710846
91 0.6586666666666666 0.21686746987951808 0.04 0.3132530120481928
145 0.6946666666666667 0.8283132530120483 0.032 0.3072289156626506
133 0.7086666666666667 0.21686746987951808 0.04133333333333333 0.3132530120481928
175 0.7433333333333333 0.8313253012048193 0.044 0.3132530120481928
51 0.7893333333333333 0.20783132530120482 0.06933333333333333 0.31927710843373497
189 0.7906666666666666 0.8313253012048193 0.04 0.3132530120481928
81 0.84 0.8313253012048193 0.042666666666666665 0.3132530120481928
189 0.8473333333333333 0.10542168674698796 0.030666666666666665 0.21084337349397592
93 0.8893333333333333 0.8283132530120483 0.042666666666666665 0.3072289156626506
50 0.9119999999999999 0.213855421686747 0.08 0.31927710843373497
93 0.974 0.10542168674698796 0.030666666666666665 0.21084337349397592
