160 0.0350109409190372 0.48148148148148145 0.0700218818380744 0.8888888888888888
84 0.14551422319474835 0.39814814814814814 0.07221006564551422 0.2777777777777778
20 0.237417943107221 0.4444444444444444 0.03282275711159737 0.8888888888888888
207 0.2921225382932166 0.48148148148148145 0.06345733041575492 0.5185185185185185
155 0.3960612691466083 0.4074074074074074 0.0700218818380744 0.5925925925925926
101 0.5010940919037199 0.37037037037037035 0.05689277899343545 0.7407407407407407
160 0.5700218818380743 0.7129629629629629 0.06783369803063458 0.5
72 0.5908096280087527 0.7314814814814814 0.0262582056892779 0.2777777777777778
209 0.6695842450765864 0.5740740740740741 0.0525164113785558 0.6666666666666666
155 0.7702407002188183 0.41666666666666663 0.0700218818380744 0.611111111111111
53 0.8741794310722101 0.4907407407407407 0.05470459518599562 0.5
160 0.9321663019693653 0.7129629629629629 0.0437636761487965 0.5
39 0.9792122538293216 0.4629629629629629 0.03282275711159737 0.8888888888888888
