20 0.006266490765171504 0.2679738562091503 0.012532981530343008 0.5359477124183006
145 0.03265171503957783 0.21241830065359477 0.013852242744063324 0.39869281045751637
189 0.06299472295514512 0.21568627450980393 0.02308707124010554 0.41830065359477125
39 0.08839050131926121 0.2679738562091503 0.013192612137203165 0.5359477124183006
204 0.4366754617414248 0.6470588235294118 0.00395778364116095 0.5490196078431373
7 0.46701846965699206 0.5915032679738562 0.04221635883905013 0.39869281045751637
112 0.5019788918205804 0.36601307189542487 0.017150395778364115 0.35294117647058826
11 0.537269129287599 0.5882352941176471 0.040237467018469655 0.40522875816993464
105 0.5633245382585752 0.8464052287581699 0.009234828496042216 0.28104575163398693
20 0.5837730870712401 0.6470588235294118 0.013192612137203165 0.5359477124183006
161 0.6098284960422163 0.6993464052287582 0.02704485488126649 0.3790849673202614
39 0.6368733509234829 0.6503267973856209 0.012532981530343008 0.5294117647058824
204 0.6556728232189973 0.6470588235294118 0.00395778364116095 0.5490196078431373
121 0.6995382585751979 0.6503267973856209 0.03364116094986807 0.43790849673202614
6 0.7608839050131926 0.5980392156862745 0.040237467018469655 0.411764705882353
204 0.7902374670184696 0.6535947712418301 0.00395778364116095 0.5490196078431373
161 0.8136543535620052 0.7058823529411765 0.02704485488126649 0.3790849673202614
204 0.8383905013192612 0.6535947712418301 0.00395778364116095 0.5490196078431373
128 0.8637862796833773 0.369281045751634 0.025725593667546173 0.032679738562091505
112 0.8905013192612137 0.3823529411764706 0.017150395778364115 0.3464052287581699
155 0.9162269129287599 0.3823529411764706 0.025065963060686015 0.24183006535947713
145 0.9429419525065963 0.3464052287581699 0.008575197889182058 0.27450980392156865
155 0.9680079155672823 0.38562091503267976 0.024406332453825858 0.24836601307189543
83 0.991424802110818 0.39215686274509803 0.014511873350923483 0.20915032679738563
