20 0.013806706114398423 0.5289855072463768 0.027613412228796846 0.6811594202898551
205 0.07889546351084813 0.5579710144927537 0.06706114398422092 0.36231884057971014
201 0.13609467455621302 0.7971014492753623 0.03550295857988166 0.2898550724637681
128 0.21992110453648916 0.5144927536231884 0.0611439842209073 0.07246376811594203
145 0.3076923076923077 0.4855072463768116 0.027613412228796846 0.5652173913043478
39 0.34911242603550297 0.5434782608695652 0.027613412228796846 0.6811594202898551
209 0.40138067061143984 0.6376811594202899 0.045364891518737675 0.5217391304347826
155 0.4930966469428008 0.5072463768115942 0.0631163708086785 0.463768115942029
53 0.5857988165680473 0.5869565217391305 0.05128205128205129 0.391304347826087
201 0.636094674556213 0.8115942028985508 0.03353057199211046 0.2898550724637681
204 0.7071005917159764 0.4855072463768116 0.009861932938856016 0.9710144927536232
101 0.7800788954635108 0.4782608695652174 0.04930966469428008 0.5797101449275363
201 0.8313609467455622 0.8115942028985508 0.037475345167652864 0.2898550724637681
20 0.8777120315581854 0.5289855072463768 0.027613412228796846 0.6811594202898551
209 0.9280078895463512 0.644927536231884 0.045364891518737675 0.5072463768115942
39 0.9812623274161736 0.5579710144927537 0.02958579881656805 0.6811594202898551
