0 0.058212058212058215 0.38372093023255816 0.11642411642411643 0.6976744186046512
196 0.1704781704781705 0.5232558139534884 0.08731808731808732 0.4418604651162791
186 0.24844074844074845 0.436046511627907 0.05197505197505198 0.6162790697674418
6 0.4365904365904366 0.3895348837209302 0.11226611226611227 0.7093023255813954
4 0.5322245322245323 0.4825581395348837 0.02494802494802495 0.9651162790697674
86 0.5945945945945946 0.6162790697674418 0.079002079002079 0.6511627906976745
72 0.6652806652806653 0.7790697674418604 0.02079002079002079 0.27906976744186046
208 0.7577962577962578 0.5 0.07276507276507277 0.8604651162790697
72 0.8274428274428275 0.7732558139534884 0.02079002079002079 0.29069767441860467
212 0.9220374220374221 0.5 0.07276507276507277 0.8604651162790697
5 0.9833679833679834 0.4941860465116279 0.02494802494802495 0.9651162790697674
