50 0.054313099041533544 0.44021739130434784 0.10862619808306709 0.6195652173913043
176 0.13738019169329074 0.5108695652173912 0.051118210862619806 0.8913043478260869
143 0.21166134185303515 0.5434782608695652 0.07827476038338657 0.41304347826086957
54 0.28674121405750796 0.7391304347826086 0.05591054313099041 0.2826086956521739
145 0.3434504792332268 0.8260869565217391 0.022364217252396165 0.30434782608695654
54 0.40654952076677314 0.75 0.05591054313099041 0.2826086956521739
195 0.46405750798722045 0.8260869565217391 0.03354632587859425 0.30434782608695654
54 0.5271565495207667 0.7391304347826086 0.05750798722044728 0.2826086956521739
189 0.584664536741214 0.8206521739130435 0.03514376996805112 0.31521739130434784
174 0.7092651757188498 0.5108695652173912 0.08945686900958466 0.3913043478260869
80 0.7851437699680511 0.75 0.039936102236421724 0.2826086956521739
6 0.9009584664536741 0.43478260869565216 0.08626198083067092 0.6521739130434783
189 0.9752396166134185 0.21739130434782608 0.04313099041533546 0.43478260869565216
