117 0.010714285714285714 0.4777777777777778 0.02142857142857143 0.8222222222222223
201 0.04350649350649351 0.6111111111111112 0.03116883116883117 0.6222222222222222
23 0.0775974025974026 0.4777777777777778 0.016233766233766232 0.9555555555555556
0 0.10779220779220779 0.40555555555555556 0.03506493506493506 0.6333333333333333
145 0.1422077922077922 0.7222222222222222 0.012987012987012988 0.4
72 0.16363636363636364 0.7555555555555555 0.007792207792207792 0.24444444444444446
3 0.19512987012987013 0.4166666666666667 0.031818181818181815 0.6333333333333333
145 0.225 0.7277777777777779 0.012337662337662338 0.3888888888888889
72 0.2448051948051948 0.7444444444444445 0.007792207792207792 0.24444444444444446
0 0.2772727272727273 0.4166666666666667 0.033766233766233764 0.6333333333333333
195 0.3090909090909091 0.7333333333333334 0.016883116883116882 0.4
24 0.3327922077922078 0.48333333333333334 0.016233766233766232 0.9666666666666667
164 0.3607142857142857 0.48888888888888893 0.02142857142857143 0.8222222222222223
74 0.4100649350649351 0.5166666666666667 0.03441558441558441 0.45555555555555555
117 0.4597402597402597 0.48888888888888893 0.02207792207792208 0.8222222222222223
201 0.49253246753246754 0.6111111111111112 0.03051948051948052 0.6222222222222222
23 0.5253246753246753 0.49444444444444446 0.015584415584415584 0.9666666666666667
0 0.5558441558441558 0.41111111111111115 0.033766233766233764 0.6444444444444445
145 0.5883116883116883 0.7333333333333334 0.012987012987012988 0.4
72 0.6100649350649351 0.7444444444444445 0.008441558441558441 0.24444444444444446
3 0.6431818181818182 0.40555555555555556 0.03441558441558441 0.6333333333333333
195 0.6746753246753247 0.7333333333333334 0.016883116883116882 0.4
72 0.6954545454545454 0.7444444444444445 0.007792207792207792 0.24444444444444446
0 0.7275974025974026 0.40555555555555556 0.033116883116883114 0.6333333333333333
195 0.7607142857142857 0.7222222222222222 0.01753246753246753 0.4
24 0.7837662337662338 0.4777777777777778 0.015584415584415584 0.9555555555555556
164 0.8123376623376624 0.48888888888888893 0.02207792207792208 0.8222222222222223
84 0.8665584415584415 0.48333333333333334 0.03571428571428571 0.2111111111111111
117 0.9211038961038961 0.4777777777777778 0.02142857142857143 0.8222222222222223
201 0.9538961038961039 0.6055555555555556 0.03116883116883117 0.6111111111111112
164 0.9876623376623377 0.48333333333333334 0.02207792207792208 0.8333333333333334
