201 0.03372434017595308 0.6290322580645161 0.06744868035190615 0.6129032258064516
145 0.10190615835777127 0.20430107526881722 0.02785923753665689 0.38709677419354843
84 0.21700879765395895 0.5161290322580645 0.07624633431085044 0.21505376344086025
201 0.3416422287390029 0.6236559139784946 0.06744868035190615 0.6021505376344086
23 0.4178885630498534 0.5 0.03519061583577712 0.935483870967742
6 0.4904692082111437 0.42473118279569894 0.0747800586510264 0.6344086021505377
211 0.5564516129032258 0.7365591397849462 0.039589442815249266 0.39784946236559143
72 0.6019061583577713 0.7473118279569894 0.01906158357771261 0.22580645161290325
6 0.6737536656891495 0.42473118279569894 0.07771260997067449 0.6344086021505377
145 0.7404692082111437 0.19354838709677422 0.02932551319648094 0.38709677419354843
72 0.782258064516129 0.7526881720430109 0.01906158357771261 0.23655913978494625
6 0.8585043988269795 0.42473118279569894 0.07771260997067449 0.6344086021505377
211 0.9266862170087976 0.19892473118279572 0.04105571847507331 0.39784946236559143
24 0.9794721407624634 0.5053763440860215 0.03519061583577712 0.946236559139785
