89 0.02426564495530013 0.5126582278481012 0.04853128991060026 0.8734177215189873
204 0.08237547892720307 0.5 0.008939974457215838 0.9493670886075949
50 0.1545338441890166 0.4177215189873418 0.0715197956577267 0.6582278481012658
58 0.24776500638569607 0.5063291139240507 0.04086845466155811 0.9367088607594937
42 0.3339719029374202 0.4177215189873418 0.06002554278416348 0.6835443037974683
71 0.43550446998722864 0.5379746835443038 0.01277139208173691 0.4177215189873418
50 0.5472541507024266 0.4050632911392405 0.07279693486590039 0.6582278481012658
58 0.6385696040868455 0.4810126582278481 0.04086845466155811 0.9620253164556962
42 0.723499361430396 0.3987341772151899 0.06002554278416348 0.6708860759493671
167 0.8473818646232439 0.47468354430379744 0.08301404853128992 0.34177215189873417
41 0.9693486590038315 0.3924050632911392 0.05619412515964241 0.7088607594936709
