11 0.03679369250985545 0.391566265060241 0.0735873850197109 0.6867469879518072
113 0.08344283837056504 0.7590361445783133 0.030223390275952694 0.43373493975903615
20 0.13206307490144548 0.46987951807228917 0.030223390275952694 0.9156626506024097
210 0.17148488830486203 0.5 0.045992115637319315 0.44578313253012053
72 0.21024967148488832 0.7650602409638555 0.01576872536136662 0.2530120481927711
20 0.26346911957950064 0.45783132530120485 0.030223390275952694 0.9156626506024097
212 0.30486202365308807 0.46385542168674704 0.03942181340341656 0.8795180722891567
158 0.35019710906701706 0.1566265060240964 0.01445466491458607 0.26506024096385544
72 0.37582128777923784 0.7530120481927711 0.01576872536136662 0.2530120481927711
212 0.435611038107753 0.45783132530120485 0.04073587385019711 0.8674698795180723
78 0.4835742444152431 0.14457831325301207 0.03153745072273324 0.26506024096385544
39 0.5216819973718791 0.46987951807228917 0.03153745072273324 0.9156626506024097
39 0.5578186596583443 0.46987951807228917 0.030223390275952694 0.9156626506024097
84 0.6320630749014455 0.45783132530120485 0.0683311432325887 0.24096385542168675
95 0.7109067017082786 0.572289156626506 0.049934296977660976 0.6626506024096386
113 0.7582128777923784 0.7228915662650602 0.03153745072273324 0.43373493975903615
20 0.8061760840998686 0.45783132530120485 0.030223390275952694 0.9156626506024097
210 0.8449408672798949 0.4819277108433735 0.04467805519053877 0.45783132530120485
72 0.8837056504599212 0.7409638554216867 0.017082785808147174 0.2530120481927711
210 0.9408672798948752 0.47590361445783136 0.04467805519053877 0.44578313253012053
148 0.9533508541392904 0.08433734939759037 0.035479632063074903 0.04819277108433735
39 0.9822601839684626 0.45180722891566266 0.030223390275952694 0.9036144578313253
