20 0.006454816285998014 0.5 0.012909632571996028 0.8846153846153847
64 0.028798411122144985 0.5384615384615385 0.021847070506454815 0.5
53 0.057100297914597815 0.5384615384615385 0.024826216484607744 0.5
163 0.08093346573982126 0.5384615384615385 0.018867924528301886 0.5
75 0.1067527308838133 0.4134615384615385 0.026812313803376366 0.75
12 0.15888778550148958 0.4326923076923077 0.03773584905660377 0.7884615384615385
145 0.18867924528301885 0.7115384615384616 0.007944389275074478 0.46153846153846156
39 0.20456802383316783 0.5 0.015888778550148957 0.9230769230769231
20 0.25819265143992054 0.4903846153846154 0.013902681231380337 0.9038461538461539
64 0.2800397219463754 0.5384615384615385 0.021847070506454815 0.5
53 0.3083416087388282 0.5288461538461539 0.024826216484607744 0.5192307692307693
163 0.3326713008937438 0.5288461538461539 0.017874875868917575 0.5192307692307693
75 0.35799404170804366 0.3942307692307693 0.026812313803376366 0.75
12 0.41112214498510424 0.4134615384615385 0.039721946375372394 0.7884615384615385
195 0.4414101290963257 0.7211538461538461 0.014895729890764648 0.4807692307692308
128 0.477656405163853 0.46153846153846156 0.033763654419066536 0.11538461538461539
145 0.5218470705064548 0.42307692307692313 0.014895729890764648 0.7307692307692308
39 0.5441906653426017 0.5 0.015888778550148957 0.9230769230769231
123 0.586395233366435 0.44230769230769235 0.036742800397219465 0.576923076923077
64 0.631578947368421 0.5480769230769231 0.021847070506454815 0.5192307692307693
53 0.6598808341608738 0.5288461538461539 0.024826216484607744 0.5192307692307693
163 0.6837140019860973 0.5288461538461539 0.018867924528301886 0.5192307692307693
75 0.7095332671300894 0.40384615384615385 0.026812313803376366 0.7307692307692308
12 0.7621648460774578 0.4134615384615385 0.03872889771598808 0.7884615384615385
121 0.8187686196623635 0.4711538461538462 0.036742800397219465 0.5576923076923077
64 0.8629592850049652 0.5288461538461539 0.021847070506454815 0.5192307692307693
53 0.8922542204568024 0.5192307692307693 0.024826216484607744 0.5
163 0.9155908639523337 0.5288461538461539 0.019860973187686197 0.5192307692307693
75 0.9414101290963257 0.3942307692307693 0.025819265143992055 0.75
113 0.9856007944389275 0.3942307692307693 0.024826216484607744 0.7884615384615385
