145 0.0080413555427915 0.4896907216494845 0.016082711085583 0.5670103092783505
167 0.056576680068925904 0.5515463917525774 0.04192992533026996 0.29896907216494845
17 0.11602527283170591 0.4742268041237113 0.040206777713957496 0.5979381443298969
167 0.17489948305571512 0.5515463917525774 0.04192992533026996 0.29896907216494845
154 0.2257323377369328 0.5824742268041238 0.02527283170591614 0.38144329896907214
145 0.24870763928776565 0.6958762886597938 0.011487650775416428 0.4020618556701031
20 0.2708213670304423 0.5463917525773195 0.010913268236645606 0.845360824742268
6 0.2960941987363584 0.4690721649484536 0.030442274554853533 0.6288659793814433
195 0.32309017805858703 0.20103092783505155 0.014359563469270534 0.4020618556701031
128 0.3641585295807008 0.5463917525773195 0.02871912693854107 0.041237113402061855
6 0.41240666283744976 0.4690721649484536 0.03446295232624928 0.6288659793814433
195 0.43681792073520964 0.6855670103092784 0.014359563469270534 0.4020618556701031
74 0.4753015508328547 0.5154639175257731 0.026995979322228605 0.5360824742268041
6 0.5212521539345204 0.4587628865979381 0.033888569787478465 0.6288659793814433
189 0.5456634118322803 0.6855670103092784 0.014933946008041356 0.4020618556701031
39 0.5654796094198736 0.5463917525773195 0.010913268236645606 0.845360824742268
167 0.6128661688684665 0.5412371134020618 0.04135554279149914 0.29896907216494845
154 0.664273406088455 0.5773195876288659 0.02469844916714532 0.3711340206185567
145 0.6872487076392878 0.6855670103092784 0.012062033314187249 0.4020618556701031
20 0.7087880528431936 0.5515463917525774 0.010338885697874785 0.8556701030927835
6 0.7343480758184951 0.4587628865979381 0.030442274554853533 0.6288659793814433
195 0.7613440551407238 0.20103092783505155 0.014359563469270534 0.4020618556701031
128 0.802125215393452 0.5412371134020618 0.02929350947731189 0.030927835051546393
6 0.8503733486502011 0.4690721649484536 0.033888569787478465 0.6288659793814433
189 0.8744974152785755 0.6907216494845361 0.015508328546812177 0.41237113402061853
39 0.8946008041355543 0.5463917525773195 0.010913268236645606 0.845360824742268
167 0.941987363584147 0.5309278350515464 0.04135554279149914 0.29896907216494845
145 0.9910970706490523 0.4639175257731959 0.015508328546812177 0.5773195876288659
