47 0.015566037735849057 0.869281045751634 0.031132075471698113 0.23529411764705882
110 0.013679245283018868 0.35294117647058826 0.02547169811320755 0.6143790849673203
204 0.054245283018867926 0.3496732026143791 0.0047169811320754715 0.477124183006536
196 0.08537735849056603 0.369281045751634 0.0330188679245283 0.24183006535947713
105 0.11367924528301887 0.5032679738562091 0.010377358490566037 0.23529411764705882
204 0.13349056603773585 0.3464052287581699 0.0047169811320754715 0.48366013071895425
195 0.16037735849056603 0.16339869281045752 0.024528301886792454 0.23529411764705882
80 0.21226415094339623 0.36601307189542487 0.03018867924528302 0.24836601307189543
128 0.25471698113207547 0.19607843137254902 0.03207547169811321 0.026143790849673203
20 0.2910377358490566 0.1895424836601307 0.012264150943396227 0.28758169934640526
54 0.3122641509433962 0.19281045751633988 0.022641509433962266 0.1503267973856209
188 0.3419811320754717 0.1568627450980392 0.01981132075471698 0.23529411764705882
155 0.3787735849056604 0.17973856209150327 0.031132075471698113 0.20261437908496732
86 0.4179245283018868 0.22222222222222224 0.020754716981132074 0.20915032679738563
115 0.4547169811320755 0.14379084967320263 0.011320754716981133 0.22222222222222224
141 0.47358490566037736 0.18300653594771243 0.022641509433962266 0.1568627450980392
95 0.4995283018867925 0.21568627450980393 0.02547169811320755 0.22222222222222224
204 0.5306603773584906 0.16666666666666669 0.0047169811320754715 0.33333333333333337
210 0.5523584905660377 0.18627450980392157 0.02169811320754717 0.1503267973856209
204 0.5764150943396227 0.16339869281045752 0.0056603773584905665 0.32679738562091504
126 0.6061320754716981 0.10457516339869281 0.03490566037735849 0.11764705882352941
155 0.6504716981132076 0.17320261437908496 0.031132075471698113 0.20261437908496732
166 0.6929245283018868 0.21241830065359477 0.02358490566037736 0.21568627450980393
39 0.7160377358490566 0.17320261437908496 0.011320754716981133 0.28104575163398693
75 0.7589622641509434 0.2712418300653595 0.0330188679245283 0.38562091503267976
48 0.8132075471698114 0.2679738562091503 0.04716981132075472 0.36601307189542487
47 0.8457547169811321 0.477124183006536 0.031132075471698113 0.23529411764705882
122 0.9033018867924528 0.31699346405228757 0.048113207547169815 0.43790849673202614
6 0.9754716981132076 0.2581699346405229 0.04528301886792453 0.37254901960784315
