114 0.035483870967741936 0.5227272727272727 0.07096774193548387 0.3909090909090909
163 0.09596774193548387 0.8454545454545455 0.03387096774193549 0.2545454545454545
20 0.14919354838709678 0.5136363636363636 0.03064516129032258 0.7181818181818181
148 0.2508064516129032 0.02727272727272727 0.15645161290322582 0.05454545454545454
14 0.24919354838709679 0.42272727272727273 0.1532258064516129 0.5727272727272728
211 0.3564516129032258 0.7863636363636364 0.04516129032258064 0.3909090909090909
58 0.4217741935483871 0.5181818181818182 0.05 0.7454545454545454
14 0.5306451612903226 0.42272727272727273 0.15161290322580645 0.5727272727272728
145 0.5854838709677419 0.7909090909090909 0.01935483870967742 0.3818181818181818
39 0.6435483870967742 0.5181818181818182 0.02903225806451613 0.7272727272727273
178 0.7661290322580645 0.5181818181818182 0.08064516129032258 0.45454545454545453
13 0.910483870967742 0.43636363636363634 0.08548387096774193 0.5636363636363636
56 0.9774193548387097 0.15454545454545454 0.03870967741935484 0.21818181818181817
