12 0.029707955689828803 0.3895348837209302 0.059415911379657606 0.7093023255813954
6 0.0931520644511581 0.4011627906976744 0.0513595166163142 0.7093023255813954
7 0.15458207452165157 0.3953488372093023 0.05740181268882175 0.6744186046511628
20 0.2039274924471299 0.4883720930232558 0.019133937562940583 0.9534883720930233
54 0.2457200402819738 0.5174418604651163 0.04632426988922457 0.45348837209302323
105 0.28449144008056393 0.6453488372093024 0.017119838872104734 0.45348837209302323
72 0.31268882175226587 0.7674418604651163 0.00906344410876133 0.27906976744186046
53 0.3600201409869084 0.5174418604651163 0.03927492447129909 0.45348837209302323
105 0.39375629405840884 0.75 0.016112789526686808 0.45348837209302323
158 0.39274924471299094 0.1686046511627907 0.014098690835850957 0.3372093023255814
39 0.4244712990936556 0.4883720930232558 0.019133937562940583 0.9534883720930233
84 0.49697885196374625 0.4825581395348837 0.0553877139979859 0.2441860465116279
145 0.5745216515609265 0.4069767441860465 0.027190332326283987 0.6511627906976745
72 0.6072507552870091 0.7674418604651163 0.010070493454179255 0.27906976744186046
105 0.675226586102719 0.4069767441860465 0.023162134944612285 0.6511627906976745
84 0.7462235649546828 0.4825581395348837 0.054380664652567974 0.2441860465116279
145 0.8222557905337361 0.4127906976744186 0.027190332326283987 0.6395348837209303
72 0.8549848942598187 0.7674418604651163 0.010070493454179255 0.27906976744186046
195 0.9008056394763343 0.4069767441860465 0.03323262839879154 0.6511627906976745
72 0.9335347432024169 0.7674418604651163 0.010070493454179255 0.27906976744186046
189 0.9803625377643505 0.41860465116279066 0.035246727089627394 0.6744186046511628
