20 0.030448717948717948 0.45535714285714285 0.060897435897435896 0.875
89 0.10096153846153846 0.4464285714285714 0.08012820512820512 0.8928571428571428
105 0.14583333333333331 0.625 0.028846153846153844 0.42857142857142855
72 0.1794871794871795 0.7142857142857142 0.03205128205128205 0.25
89 0.28044871794871795 0.45535714285714285 0.08653846153846154 0.875
112 0.328525641025641 0.7053571428571428 0.035256410256410256 0.5178571428571428
39 0.3862179487179487 0.45535714285714285 0.04807692307692307 0.8392857142857142
3 0.483974358974359 0.3839285714285714 0.12179487179487179 0.6964285714285714
158 0.5849358974358975 0.1875 0.028846153846153844 0.30357142857142855
84 0.7051282051282051 0.4107142857142857 0.10897435897435898 0.2857142857142857
3 0.8798076923076923 0.375 0.11858974358974358 0.7142857142857142
158 0.9791666666666666 0.19642857142857142 0.028846153846153844 0.2857142857142857
