84 0.013667992047713717 0.5 0.027335984095427434 0.09448818897637795
20 0.049701789264413515 0.49803149606299213 0.009940357852882702 0.3188976377952756
163 0.06784294234592445 0.5019685039370079 0.01540755467196819 0.16141732283464566
128 0.10313121272365804 0.49803149606299213 0.025347912524850892 0.027559055118110236
168 0.13742544731610337 0.5019685039370079 0.01640159045725646 0.17716535433070865
39 0.15581510934393636 0.49803149606299213 0.009443339960238568 0.3188976377952756
110 0.19184890656063616 0.4940944881889764 0.036779324055666 0.7440944881889764
168 0.2007952286282306 0.8287401574803149 0.010934393638170973 0.1220472440944882
163 0.22017892644135187 0.15354330708661418 0.010934393638170973 0.11811023622047244
20 0.2572067594433399 0.49606299212598426 0.02236580516898608 0.9921259842519685
94 0.29398608349900596 0.49606299212598426 0.040258449304174944 0.023622047244094488
195 0.2857852882703777 0.6830708661417323 0.018886679920477135 0.24803149606299213
145 0.29373757455268384 0.23818897637795275 0.009940357852882702 0.24015748031496062
186 0.30516898608349896 0.7047244094488189 0.010934393638170973 0.2125984251968504
20 0.34418489065606356 0.49015748031496065 0.02037773359840954 0.7992125984251969
94 0.4035785288270377 0.4940944881889764 0.08548707753479125 0.027559055118110236
7 0.3784791252485089 0.234251968503937 0.031312127236580514 0.24015748031496062
186 0.38071570576540753 0.7736220472440944 0.010934393638170973 0.20866141732283464
195 0.3968687872763419 0.6259842519685039 0.012425447316103379 0.1732283464566929
20 0.4055666003976143 0.26574803149606296 0.009940357852882702 0.3188976377952756
25 0.41873757455268384 0.6259842519685039 0.02236580516898608 0.1653543307086614
186 0.4214711729622266 0.25393700787401574 0.011928429423459244 0.20866141732283464
39 0.43737574552683894 0.26968503937007876 0.009940357852882702 0.3188976377952756
39 0.46322067594433397 0.4940944881889764 0.019880715705765405 0.7913385826771654
158 0.48608349900596415 0.11417322834645668 0.006958250497017892 0.11811023622047244
128 0.5181411530815109 0.4921259842519685 0.025347912524850892 0.023622047244094488
25 0.5631212723658051 0.4625984251968504 0.03280318091451292 0.24015748031496062
195 0.5904572564612326 0.3031496062992126 0.012922465208747513 0.1732283464566929
94 0.6565606361829025 0.49803149606299213 0.10139165009940357 0.027559055118110236
186 0.6138170974155069 0.7755905511811023 0.010934393638170973 0.2125984251968504
7 0.6307157057654075 0.23818897637795275 0.03180914512922465 0.24015748031496062
195 0.6307157057654075 0.6279527559055118 0.012922465208747513 0.16929133858267717
25 0.6525844930417495 0.6299212598425197 0.021868787276341946 0.1653543307086614
20 0.658300198807157 0.2736220472440945 0.009443339960238568 0.3188976377952756
186 0.6742047713717693 0.2578740157480315 0.011431411530815108 0.20866141732283464
155 0.6774353876739562 0.655511811023622 0.017892644135188866 0.14566929133858267
39 0.6906063618290258 0.2755905511811024 0.009443339960238568 0.3228346456692913
195 0.6968190854870775 0.6299212598425197 0.012922465208747513 0.1732283464566929
20 0.7199304174950297 0.49606299212598426 0.009443339960238568 0.31496062992125984
17 0.7457753479125248 0.468503937007874 0.03230616302186878 0.2440944881889764
128 0.7885188866799204 0.5 0.025347912524850892 0.023622047244094488
17 0.8322564612326043 0.468503937007874 0.03230616302186878 0.2440944881889764
20 0.8576043737574551 0.5 0.009443339960238568 0.3228346456692913
186 0.8740059642147117 0.484251968503937 0.011431411530815108 0.2125984251968504
39 0.8901590457256461 0.49803149606299213 0.009940357852882702 0.3188976377952756
39 0.9058151093439363 0.5 0.009443339960238568 0.3228346456692913
39 0.926938369781312 0.4940944881889764 0.021868787276341946 0.9881889763779528
75 0.974652087475149 0.45472440944881887 0.02385685884691849 0.2637795275590551
186 0.9935387673956262 0.48031496062992124 0.010934393638170973 0.2125984251968504
