6 0.04075235109717868 0.37980769230769235 0.08150470219435736 0.5480769230769231
54 0.10579937304075235 0.7451923076923077 0.03605015673981191 0.2403846153846154
105 0.09952978056426331 0.17307692307692307 0.017241379310344827 0.34615384615384615
112 0.13166144200626959 0.23076923076923078 0.034482758620689655 0.42307692307692313
84 0.2170846394984326 0.46153846153846156 0.07993730407523511 0.17307692307692307
172 0.31504702194357365 0.5048076923076923 0.06269592476489028 0.3557692307692308
211 0.3793103448275862 0.7067307692307693 0.04075235109717868 0.33653846153846156
105 0.4263322884012539 0.7067307692307693 0.018808777429467086 0.33653846153846156
66 0.4835423197492163 0.4711538461538462 0.014106583072100312 0.07692307692307693
172 0.5634796238244514 0.5096153846153847 0.06426332288401254 0.3653846153846154
145 0.6293103448275862 0.7259615384615385 0.02664576802507837 0.33653846153846156
112 0.6802507836990596 0.764423076923077 0.034482758620689655 0.4326923076923077
20 0.7272727272727273 0.5 0.028213166144200625 0.7307692307692308
6 0.8017241379310345 0.4278846153846154 0.07993730407523511 0.5673076923076923
54 0.8667711598746081 0.7932692307692308 0.03761755485893417 0.2403846153846154
211 0.8769592476489028 0.23076923076923078 0.04231974921630094 0.34615384615384615
145 0.9357366771159874 0.22596153846153846 0.028213166144200625 0.33653846153846156
39 0.9811912225705329 0.5096153846153847 0.03134796238244514 0.7307692307692308
