84 0.01154956689124158 0.5406976744186046 0.02309913378248316 0.22093023255813954
6 0.049326275264677574 0.45930232558139533 0.02550529355149182 0.6627906976744186
158 0.06689124157844081 0.22674418604651161 0.00577478344562079 0.313953488372093
17 0.08782483156881618 0.45930232558139533 0.02935514918190568 0.6162790697674418
158 0.10755534167468721 0.22093023255813954 0.006256015399422522 0.3023255813953488
155 0.13426371511068336 0.5406976744186046 0.024061597690086624 0.5697674418604651
126 0.17083734359961503 0.5697674418604651 0.028873917228103948 0.41860465116279066
20 0.19345524542829645 0.5348837209302325 0.008662175168431185 0.8837209302325582
10 0.21438883541867182 0.45930232558139533 0.02550529355149182 0.6162790697674418
20 0.23556304138594805 0.5348837209302325 0.008180943214629453 0.8837209302325582
17 0.2584215591915303 0.45348837209302323 0.029836381135707413 0.627906976744186
158 0.2779114533205005 0.21511627906976744 0.006256015399422522 0.313953488372093
155 0.3046198267564966 0.5348837209302325 0.024061597690086624 0.5813953488372093
10 0.34167468719923005 0.45348837209302323 0.025986525505293553 0.627906976744186
39 0.3618864292589028 0.5348837209302325 0.008662175168431185 0.8604651162790697
128 0.39076034648700675 0.5348837209302325 0.022136669874879694 0.06976744186046512
10 0.4275745909528393 0.45348837209302323 0.02550529355149182 0.627906976744186
195 0.4475457170356112 0.19767441860465115 0.010587102983638115 0.3953488372093023
39 0.46198267564966317 0.5290697674418604 0.008662175168431185 0.872093023255814
84 0.49278152069297404 0.5290697674418604 0.024061597690086624 0.22093023255813954
6 0.5312800769971127 0.4476744186046512 0.02502406159769009 0.6627906976744186
158 0.548604427333975 0.20930232558139533 0.0067372473532242546 0.3023255813953488
17 0.5697786333012512 0.4476744186046512 0.029836381135707413 0.6162790697674418
158 0.5892685274302214 0.20930232558139533 0.006256015399422522 0.3023255813953488
155 0.6164581328200193 0.5290697674418604 0.024061597690086624 0.5697674418604651
126 0.6537536092396535 0.5581395348837209 0.02935514918190568 0.41860465116279066
20 0.6768527430221367 0.5290697674418604 0.008180943214629453 0.872093023255814
128 0.6970644850818095 0.5348837209302325 0.02165543792107796 0.06976744186046512
195 0.7199230028873917 0.45930232558139533 0.014436958614051974 0.5930232558139534
155 0.75 0.5348837209302325 0.02358036573628489 0.5813953488372093
145 0.78055822906641 0.46511627906976744 0.01154956689124158 0.6046511627906976
39 0.7945139557266603 0.5290697674418604 0.007699711260827719 0.872093023255814
84 0.8250721847930703 0.5290697674418604 0.02358036573628489 0.22093023255813954
17 0.8650144369586141 0.4476744186046512 0.02935514918190568 0.6162790697674418
158 0.8847449470644851 0.21511627906976744 0.006256015399422522 0.29069767441860467
6 0.9037536092396535 0.45348837209302323 0.02502406159769009 0.6511627906976745
158 0.9205967276227142 0.20930232558139533 0.00577478344562079 0.3023255813953488
128 0.9473051010587104 0.5290697674418604 0.022617901828681425 0.05813953488372093
126 0.9848411934552455 0.5523255813953488 0.028392685274302214 0.4069767441860465
