14 0.04638364779874214 0.3924050632911392 0.09276729559748428 0.6835443037974683
105 0.10220125786163523 0.6455696202531646 0.022012578616352203 0.43037974683544306
20 0.14386792452830188 0.4810126582278481 0.026729559748427674 0.9620253164556962
50 0.21462264150943397 0.3924050632911392 0.09276729559748428 0.6835443037974683
169 0.2838050314465409 0.6139240506329113 0.014150943396226415 0.5949367088607594
34 0.3639937106918239 0.4873417721518987 0.08018867924528303 0.8734177215189873
39 0.43003144654088055 0.49367088607594933 0.026729559748427674 0.9620253164556962
84 0.529874213836478 0.5 0.07861635220125787 0.26582278481012656
211 0.6367924528301887 0.4430379746835443 0.050314465408805034 0.6582278481012658
72 0.6831761006289309 0.7848101265822784 0.014150943396226415 0.27848101265822783
105 0.7570754716981133 0.43670886075949367 0.0330188679245283 0.6455696202531646
100 0.8600628930817611 0.5126582278481012 0.07232704402515723 0.5443037974683544
211 0.9701257861635221 0.44936708860759494 0.05345911949685535 0.6708860759493671
