89 0.020089285714285712 0.4722222222222222 0.040178571428571425 0.9444444444444444
20 0.055803571428571425 0.4722222222222222 0.02232142857142857 0.8703703703703703
45 0.10714285714285714 0.4074074074074074 0.05357142857142857 0.7407407407407407
72 0.1376488095238095 0.7592592592592592 0.013392857142857142 0.25925925925925924
209 0.18973214285714285 0.611111111111111 0.03720238095238095 0.6666666666666666
39 0.22991071428571427 0.5 0.02232142857142857 0.8888888888888888
84 0.29241071428571425 0.4351851851851852 0.049107142857142856 0.2777777777777778
95 0.3638392857142857 0.611111111111111 0.043154761904761904 0.6666666666666666
20 0.4055059523809524 0.4907407407407407 0.02232142857142857 0.8703703703703703
45 0.4575892857142857 0.4074074074074074 0.05505952380952381 0.7407407407407407
72 0.4880952380952381 0.7685185185185185 0.01488095238095238 0.2777777777777778
209 0.5416666666666666 0.6296296296296295 0.03571428571428571 0.6666666666666666
163 0.581845238095238 0.17592592592592593 0.020833333333333332 0.31481481481481477
39 0.6086309523809523 0.48148148148148145 0.023809523809523808 0.8888888888888888
108 0.671875 0.45370370370370366 0.05505952380952381 0.6851851851851851
113 0.7462797619047619 0.4074074074074074 0.040178571428571425 0.7407407407407407
4 0.7864583333333333 0.48148148148148145 0.019345238095238096 0.8888888888888888
45 0.837797619047619 0.42592592592592593 0.05357142857142857 0.7407407407407407
72 0.8683035714285714 0.7685185185185185 0.013392857142857142 0.2777777777777778
209 0.9203869047619047 0.611111111111111 0.03720238095238095 0.6666666666666666
163 0.9620535714285714 0.18518518518518517 0.019345238095238096 0.2962962962962963
5 0.9866071428571428 0.48148148148148145 0.020833333333333332 0.8888888888888888
