34 0.046948356807511735 0.5454545454545454 0.09389671361502347 0.6446280991735538
17 0.13302034428794993 0.8057851239669421 0.06885758998435054 0.3553719008264463
16 0.19953051643192488 0.8057851239669421 0.051643192488262914 0.3553719008264463
20 0.2652582159624413 0.5495867768595042 0.0297339593114241 0.6694214876033058
35 0.3403755868544601 0.4793388429752066 0.09233176838810642 0.49586776859504134
195 0.42175273865414714 0.17768595041322316 0.04225352112676056 0.3553719008264463
155 0.4827856025039124 0.2272727272727273 0.057902973395931145 0.30578512396694213
126 0.5610328638497653 0.23140495867768596 0.07042253521126761 0.24793388429752067
191 0.6846635367762128 0.5454545454545454 0.06729264475743349 0.34710743801652894
23 0.7887323943661972 0.5371900826446281 0.04381846635367762 0.6942148760330579
211 0.8583724569640063 0.47107438016528924 0.06416275430359937 0.5289256198347108
24 0.9256651017214398 0.5413223140495868 0.04538341158059468 0.6859504132231405
39 0.9820031298904539 0.5413223140495868 0.0297339593114241 0.6694214876033058
