211 0.02040816326530612 0.3846153846153846 0.04081632653061224 0.7692307692307692
84 0.10687432867883996 0.47435897435897434 0.05692803437164339 0.2564102564102564
186 0.18743286788399569 0.4423076923076923 0.022556390977443608 0.6025641025641025
211 0.22180451127819548 0.7435897435897436 0.02900107411385607 0.4615384615384615
123 0.30612244897959184 0.4615384615384615 0.05800214822771214 0.5641025641025641
186 0.38506981740064444 0.42948717948717946 0.022556390977443608 0.6025641025641025
145 0.41729323308270677 0.7435897435897436 0.02040816326530612 0.4615384615384615
123 0.5026852846401718 0.4551282051282051 0.05585392051557465 0.5512820512820512
67 0.6015037593984962 0.36538461538461536 0.05800214822771214 0.11538461538461538
123 0.7013963480128893 0.4615384615384615 0.05800214822771214 0.5641025641025641
186 0.7814178302900108 0.4230769230769231 0.022556390977443608 0.6153846153846154
126 0.8157894736842105 0.8205128205128205 0.0397422126745435 0.3076923076923077
84 0.9001074113856069 0.47435897435897434 0.05585392051557465 0.2564102564102564
145 0.9844253490870032 0.3782051282051282 0.02685284640171858 0.7564102564102564
