89 0.04595588235294117 0.4885057471264368 0.09191176470588235 0.8850574712643678
71 0.12591911764705882 0.5114942528735632 0.02022058823529412 0.47126436781609193
4 0.20404411764705882 0.4942528735632184 0.051470588235294115 0.9655172413793103
53 0.27297794117647056 0.5229885057471264 0.06801470588235294 0.4482758620689655
72 0.3272058823529412 0.764367816091954 0.022058823529411763 0.24137931034482757
57 0.39797794117647056 0.41379310344827586 0.06433823529411764 0.6896551724137931
5 0.4641544117647059 0.4885057471264368 0.04963235294117647 0.9770114942528736
167 0.6148897058823529 0.5114942528735632 0.11948529411764705 0.3333333333333333
20 0.7472426470588235 0.5114942528735632 0.034926470588235295 0.8620689655172413
64 0.8014705882352942 0.5344827586206896 0.05514705882352941 0.4482758620689655
72 0.8511029411764706 0.7758620689655172 0.022058823529411763 0.24137931034482757
75 0.9209558823529411 0.41954022988505746 0.06985294117647059 0.6781609195402298
39 0.9788602941176471 0.5057471264367817 0.034926470588235295 0.8735632183908046
