23 0.014729950900163666 0.49019607843137253 0.029459901800327332 0.9803921568627451
20 0.088379705400982 0.5245098039215687 0.03600654664484452 0.7549019607843137
50 0.16775777414075288 0.46568627450980393 0.11292962356792144 0.5784313725490196
54 0.2635024549918167 0.7303921568627451 0.0458265139116203 0.22549019607843138
72 0.3117839607201309 0.7598039215686274 0.01800327332242226 0.22549019607843138
166 0.39361702127659576 0.642156862745098 0.060556464811783964 0.5
54 0.46644844517184947 0.7352941176470588 0.0458265139116203 0.21568627450980393
39 0.5171849427168577 0.5294117647058824 0.03273322422258593 0.7450980392156863
204 0.5965630114566285 0.49019607843137253 0.008183306055646482 0.9803921568627451
54 0.6571194762684125 0.5833333333333334 0.07692307692307693 0.3627450980392157
108 0.7733224222585925 0.5392156862745098 0.10638297872340426 0.6470588235294118
0 0.8911620294599019 0.4852941176470588 0.08019639934533553 0.6372549019607843
24 0.9819967266775778 0.4950980392156863 0.029459901800327332 0.9509803921568627
