0 0.04081632653061224 0.3793103448275862 0.08163265306122448 0.6896551724137931
84 0.16690962099125364 0.48275862068965514 0.08017492711370262 0.25287356321839083
6 0.29081632653061223 0.40229885057471265 0.07725947521865889 0.6896551724137931
4 0.35714285714285715 0.4885057471264368 0.01749271137026239 0.9540229885057471
210 0.3986880466472303 0.5229885057471264 0.05102040816326531 0.42528735632183906
145 0.4489795918367347 0.6494252873563219 0.029154518950437316 0.4482758620689655
72 0.4956268221574344 0.7586206896551724 0.014577259475218658 0.27586206896551724
210 0.5612244897959183 0.5172413793103449 0.04956268221574344 0.4367816091954023
195 0.6107871720116618 0.6379310344827586 0.037900874635568516 0.4482758620689655
72 0.6603498542274052 0.7528735632183908 0.014577259475218658 0.28735632183908044
210 0.7266763848396501 0.5287356321839081 0.05102040816326531 0.4367816091954023
189 0.7762390670553936 0.7471264367816092 0.039358600583090375 0.45977011494252873
56 0.7813411078717201 0.1724137931034483 0.03498542274052478 0.27586206896551724
72 0.8309037900874635 0.7586206896551724 0.014577259475218658 0.27586206896551724
210 0.8972303206997084 0.5229885057471264 0.05102040816326531 0.42528735632183906
189 0.9460641399416909 0.6436781609195402 0.037900874635568516 0.45977011494252873
5 0.9876093294460642 0.48275862068965514 0.018950437317784258 0.9655172413793103
