75 0.03831041257367387 0.324468085106383 0.07662082514734773 0.648936170212766
105 0.10216110019646364 0.31382978723404253 0.03929273084479371 0.6276595744680851
126 0.19449901768172886 0.4095744680851064 0.12966601178781925 0.4361702127659574
41 0.3428290766208251 0.3404255319148936 0.0805500982318271 0.6170212765957447
105 0.4066797642436149 0.6808510638297872 0.023575638506876224 0.3829787234042553
112 0.44891944990176813 0.7393617021276595 0.045186640471512766 0.4787234042553191
84 0.5589390962671905 0.4308510638297872 0.10412573673870333 0.20212765957446807
126 0.699410609037328 0.4574468085106383 0.11001964636542239 0.40425531914893614
128 0.8457760314341846 0.4361702127659574 0.10019646365422397 0.0425531914893617
195 0.9626719056974459 0.36170212765957444 0.0667976424361493 0.6170212765957447
