95 0.03357142857142857 0.5867768595041323 0.06714285714285714 0.49586776859504134
115 0.07785714285714286 0.756198347107438 0.024285714285714285 0.38842975206611574
158 0.08642857142857142 0.1322314049586777 0.02142857142857143 0.2644628099173554
57 0.11 0.756198347107438 0.04 0.38842975206611574
72 0.14714285714285713 0.9338842975206612 0.008571428571428572 0.09917355371900827
168 0.1757142857142857 0.8140495867768596 0.03142857142857143 0.25619834710743805
84 0.33 0.5041322314049587 0.07714285714285714 0.18181818181818182
161 0.49 0.5619834710743802 0.05714285714285714 0.4793388429752066
115 0.5342857142857143 0.7355371900826446 0.022857142857142857 0.38016528925619836
57 0.5678571428571428 0.7396694214876033 0.03857142857142857 0.38842975206611574
72 0.6028571428571429 0.9173553719008265 0.008571428571428572 0.09917355371900827
168 0.6314285714285715 0.7975206611570248 0.03142857142857143 0.25619834710743805
128 0.7307142857142858 0.487603305785124 0.07285714285714286 0.049586776859504134
11 0.8507142857142858 0.41735537190082644 0.08428571428571428 0.5041322314049587
211 0.9128571428571428 0.731404958677686 0.04 0.371900826446281
72 0.9514285714285714 0.9008264462809917 0.008571428571428572 0.09917355371900827
168 0.9814285714285714 0.7851239669421488 0.03142857142857143 0.24793388429752067
