4 0.010327022375215147 0.4691358024691358 0.020654044750430294 0.9382716049382716
20 0.05077452667814114 0.4691358024691358 0.02925989672977625 0.9135802469135802
75 0.10671256454388985 0.38888888888888884 0.0585197934595525 0.654320987654321
128 0.2160068846815835 0.47530864197530864 0.0774526678141136 0.06172839506172839
195 0.32616179001721174 0.4012345679012346 0.049913941480206545 0.6296296296296295
39 0.3795180722891566 0.48148148148148145 0.02925989672977625 0.9135802469135802
72 0.423407917383821 0.7469135802469136 0.013769363166953529 0.25925925925925924
20 0.5094664371772806 0.49382716049382713 0.03098106712564544 0.9135802469135802
195 0.5628227194492255 0.4135802469135802 0.05163511187607573 0.6296296296296295
53 0.6187607573149742 0.728395061728395 0.04302925989672978 0.2962962962962963
39 0.6721170395869192 0.49382716049382713 0.02925989672977625 0.9135802469135802
72 0.7151462994836489 0.7654320987654321 0.01549053356282272 0.24691358024691357
20 0.7986230636833047 0.5 0.027538726333907058 0.9012345679012346
195 0.8528399311531842 0.42592592592592593 0.049913941480206545 0.6296296296296295
57 0.90447504302926 0.6666666666666666 0.03614457831325301 0.4444444444444444
39 0.9492254733218589 0.5123456790123456 0.02925989672977625 0.9012345679012346
5 0.9870912220309811 0.5061728395061729 0.0189328743545611 0.9382716049382716
