45 0.06785714285714287 0.4830508474576271 0.13571428571428573 0.9661016949152542
104 0.17857142857142858 0.635593220338983 0.04761904761904762 0.0847457627118644
105 0.24761904761904763 0.5 0.04761904761904762 0.9322033898305084
130 0.33333333333333337 0.635593220338983 0.09523809523809525 0.6271186440677966
200 0.4345238095238096 0.635593220338983 0.07857142857142858 0.6271186440677966
53 0.5321428571428571 0.652542372881356 0.08333333333333334 0.6271186440677966
163 0.6261904761904763 0.635593220338983 0.0761904761904762 0.6271186440677966
105 0.692857142857143 0.4915254237288136 0.04761904761904762 0.9152542372881356
53 0.7773809523809525 0.652542372881356 0.08333333333333334 0.6271186440677966
130 0.880952380952381 0.635593220338983 0.1 0.6271186440677966
186 0.9702380952380953 0.5169491525423728 0.05 0.8983050847457628
