84 0.034868421052631576 0.46875 0.06973684210526315 0.20535714285714285
204 0.12368421052631579 0.46875 0.007894736842105263 0.7410714285714285
203 0.2026315789473684 0.125 0.10526315789473684 0.25
130 0.1986842105263158 0.4821428571428571 0.05263157894736842 0.39285714285714285
20 0.2835526315789474 0.4776785714285714 0.024999999999999998 0.7232142857142857
207 0.33749999999999997 0.4821428571428571 0.06447368421052631 0.39285714285714285
39 0.39671052631578946 0.46875 0.024999999999999998 0.7232142857142857
66 0.45921052631578946 0.4732142857142857 0.015789473684210527 0.10714285714285714
7 0.5427631578947368 0.40178571428571425 0.08289473684210526 0.5357142857142857
53 0.6 0.8080357142857142 0.03684210526315789 0.27678571428571425
11 0.6743421052631579 0.39732142857142855 0.08026315789473684 0.5446428571428571
105 0.725 0.7633928571428571 0.018421052631578946 0.3839285714285714
72 0.7690789473684211 0.9330357142857142 0.006578947368421052 0.09821428571428571
168 0.7960526315789473 0.8125 0.02894736842105263 0.26785714285714285
20 0.8421052631578947 0.4776785714285714 0.02631578947368421 0.7232142857142857
207 0.8973684210526316 0.49107142857142855 0.06315789473684211 0.39285714285714285
39 0.9552631578947368 0.4821428571428571 0.02368421052631579 0.7142857142857142
204 0.9934210526315789 0.48660714285714285 0.007894736842105263 0.7410714285714285
