187 0.019430051813471502 0.550561797752809 0.038860103626943004 0.42696629213483145
145 0.06088082901554404 0.7640449438202247 0.023316062176165803 0.4044943820224719
20 0.10816062176165804 0.5168539325842696 0.02979274611398964 0.8539325842696629
210 0.14313471502590674 0.8314606741573034 0.02979274611398964 0.2696629213483146
34 0.202720207253886 0.5280898876404494 0.07124352331606218 0.8314606741573034
210 0.26036269430051817 0.8314606741573034 0.02849740932642487 0.2696629213483146
39 0.2959844559585492 0.5224719101123595 0.02979274611398964 0.8426966292134831
84 0.3691709844559586 0.5112359550561798 0.06735751295336788 0.21348314606741572
45 0.46696891191709844 0.4438202247191011 0.06865284974093265 0.6404494382022472
210 0.5051813471502591 0.8426966292134831 0.02849740932642487 0.2696629213483146
34 0.5718911917098446 0.5337078651685393 0.07124352331606218 0.8426966292134831
210 0.6282383419689119 0.8426966292134831 0.02849740932642487 0.2696629213483146
84 0.7007772020725389 0.5168539325842696 0.06735751295336788 0.2247191011235955
45 0.7998704663212436 0.4438202247191011 0.06865284974093265 0.6404494382022472
210 0.8380829015544041 0.8370786516853932 0.02849740932642487 0.2584269662921348
6 0.8588082901554405 0.20224719101123595 0.04145077720207254 0.4044943820224719
22 0.944300518134715 0.449438202247191 0.10621761658031088 0.6292134831460674
