128 0.010893246187363833 0.5099206349206349 0.021786492374727667 0.027777777777777776
195 0.04357298474945533 0.4742063492063492 0.016557734204793027 0.25
25 0.07124183006535947 0.47619047619047616 0.030065359477124184 0.24603174603174602
94 0.30958605664488015 0.5079365079365079 0.4344226579520697 0.031746031746031744
20 0.09978213507625272 0.26190476190476186 0.008714596949891067 0.32539682539682535
208 0.11546840958605664 0.25 0.017429193899782133 0.30952380952380953
70 0.14248366013071895 0.25595238095238093 0.014814814814814814 0.13095238095238093
89 0.1736383442265795 0.248015873015873 0.02483660130718954 0.3214285714285714
20 0.19477124183006536 0.2599206349206349 0.008714596949891067 0.3214285714285714
168 0.20893246187363834 0.2599206349206349 0.01437908496732026 0.17857142857142855
72 0.23050108932461874 0.3412698412698413 0.004357298474945533 0.07142857142857142
188 0.2533769063180828 0.22023809523809523 0.017864923747276686 0.25
39 0.27124183006535946 0.2579365079365079 0.008278867102396514 0.32539682539682535
186 0.2727668845315904 0.7916666666666666 0.009586056644880174 0.2103174603174603
195 0.2871459694989107 0.6428571428571428 0.011328976034858388 0.1746031746031746
72 0.29106753812636166 0.34325396825396826 0.004357298474945533 0.07539682539682539
25 0.306318082788671 0.6408730158730158 0.020043572984749455 0.17063492063492064
20 0.30980392156862746 0.25396825396825395 0.008714596949891067 0.32539682539682535
208 0.3254901960784314 0.24404761904761904 0.017429193899782133 0.3134920634920635
155 0.3281045751633987 0.6646825396825397 0.01568627450980392 0.1468253968253968
145 0.3453159041394335 0.6468253968253967 0.004793028322440087 0.16666666666666666
70 0.3525054466230937 0.25595238095238093 0.014814814814814814 0.1388888888888889
89 0.3832244008714597 0.24404761904761904 0.02483660130718954 0.32936507936507936
39 0.4034858387799564 0.25396825396825395 0.00784313725490196 0.32539682539682535
186 0.4159041394335512 0.38888888888888884 0.006535947712418301 0.14285714285714285
20 0.43028322440087147 0.25595238095238093 0.009150326797385621 0.3214285714285714
186 0.44422657952069716 0.24206349206349204 0.010021786492374727 0.21428571428571427
72 0.46383442265795205 0.3412698412698413 0.004793028322440087 0.07142857142857142
188 0.4869281045751634 0.21825396825396826 0.017864923747276686 0.25396825396825395
39 0.5047930283224401 0.25396825396825395 0.008278867102396514 0.32539682539682535
39 0.5187363834422658 0.2579365079365079 0.008278867102396514 0.32539682539682535
155 0.5525054466230936 0.5059523809523809 0.023529411764705882 0.21825396825396826
25 0.5923747276688452 0.47023809523809523 0.030065359477124184 0.24206349206349204
195 0.616557734204793 0.30952380952380953 0.011328976034858388 0.1746031746031746
94 0.7333333333333333 0.503968253968254 0.2065359477124183 0.031746031746031744
204 0.6348583877995643 0.27976190476190477 0.00261437908496732 0.33730158730158727
208 0.6485838779956427 0.26785714285714285 0.01699346405228758 0.3134920634920635
70 0.6762527233115468 0.27579365079365076 0.014814814814814814 0.1388888888888889
186 0.6962962962962963 0.7896825396825397 0.009586056644880174 0.21428571428571427
89 0.7069716775599129 0.26785714285714285 0.02483660130718954 0.32936507936507936
195 0.7106753812636165 0.6388888888888888 0.011328976034858388 0.1746031746031746
25 0.7298474945533769 0.6388888888888888 0.020043572984749455 0.1746031746031746
20 0.7281045751633987 0.2777777777777778 0.008714596949891067 0.32539682539682535
186 0.7420479302832244 0.2599206349206349 0.009586056644880174 0.2103174603174603
155 0.7518518518518519 0.6607142857142857 0.016122004357298474 0.1468253968253968
151 0.7616557734204793 0.35912698412698413 0.004357298474945533 0.07539682539682539
195 0.7690631808278867 0.6388888888888888 0.011328976034858388 0.1746031746031746
188 0.7849673202614379 0.24206349206349204 0.017864923747276686 0.25396825396825395
39 0.8028322440087146 0.27579365079365076 0.008278867102396514 0.3214285714285714
204 0.8154684095860566 0.2738095238095238 0.0030501089324618735 0.3333333333333333
195 0.8278867102396514 0.09325396825396826 0.011328976034858388 0.17857142857142855
39 0.8514161220043572 0.496031746031746 0.01917211328976035 0.992063492063492
75 0.893681917211329 0.46230158730158727 0.02091503267973856 0.26587301587301587
186 0.910239651416122 0.4841269841269841 0.009586056644880174 0.21428571428571427
39 0.9281045751633986 0.496031746031746 0.01917211328976035 0.992063492063492
75 0.9697167755991285 0.4583333333333333 0.021350762527233114 0.26587301587301587
188 0.9904139433551198 0.4603174603174603 0.017429193899782133 0.25396825396825395
