13 0.04188034188034188 0.40804597701149425 0.08376068376068375 0.6551724137931034
84 0.18034188034188034 0.47701149425287354 0.09743589743589744 0.26436781609195403
117 0.30512820512820515 0.48275862068965514 0.03247863247863248 0.9655172413793103
96 0.36495726495726494 0.4942528735632184 0.07008547008547009 0.6206896551724138
145 0.4307692307692308 0.6436781609195402 0.020512820512820513 0.45977011494252873
72 0.47692307692307695 0.764367816091954 0.02393162393162393 0.26436781609195403
119 0.5923076923076923 0.6896551724137931 0.13504273504273503 0.11494252873563218
72 0.711965811965812 0.7586206896551724 0.02564102564102564 0.25287356321839083
96 0.7871794871794872 0.5057471264367817 0.07008547008547009 0.6206896551724138
130 0.8547008547008547 0.7183908045977011 0.04786324786324786 0.3103448275862069
164 0.9145299145299145 0.4885057471264368 0.03418803418803419 0.9770114942528736
155 0.9700854700854701 0.6551724137931034 0.05299145299145299 0.3448275862068966
