18 0.012195121951219513 0.39375000000000004 0.024390243902439025 0.7375
20 0.03708312593330015 0.48125 0.009457441513190641 0.9375
7 0.05674464907914385 0.39375000000000004 0.027874564459930314 0.7125
72 0.07765057242409158 0.775 0.005973120955699353 0.275
64 0.10079641612742658 0.50625 0.01443504230960677 0.48750000000000004
72 0.11423593827775012 0.775 0.00547536087605774 0.275
128 0.14733698357391736 0.48125 0.024888003982080638 0.0625
145 0.17869586859133896 0.3875 0.011946241911398706 0.7250000000000001
39 0.19437531110004977 0.47500000000000003 0.009457441513190641 0.9500000000000001
167 0.22822299651567943 0.48125 0.03733200597312095 0.36250000000000004
18 0.2707814833250373 0.4 0.024888003982080638 0.7250000000000001
20 0.29566948730711795 0.48125 0.008959681433549029 0.9375
18 0.31533101045296164 0.39375000000000004 0.024390243902439025 0.7125
147 0.350920856147337 0.48125 0.03086112493777999 0.8125
7 0.3899950223992036 0.39375000000000004 0.026381284221005476 0.7125
72 0.40965654554504727 0.775 0.005973120955699353 0.275
64 0.4335490293678447 0.5125000000000001 0.015928322548531607 0.47500000000000003
72 0.4474863115978098 0.78125 0.005973120955699353 0.2625
128 0.48208063713290195 0.48125 0.026381284221005476 0.0625
145 0.5131906421105027 0.3875 0.01095072175211548 0.7250000000000001
39 0.5288700846192135 0.47500000000000003 0.008461921353907416 0.9500000000000001
73 0.555251368840219 0.48750000000000004 0.0273768043802887 0.6000000000000001
18 0.5890990542558486 0.4 0.02538576406172225 0.75
20 0.6147336983573917 0.48750000000000004 0.009955201592832254 0.9500000000000001
18 0.6341463414634146 0.4 0.024888003982080638 0.7000000000000001
195 0.6570433051269288 0.75 0.012941762070681932 0.45
72 0.6757093081134893 0.78125 0.00547536087605774 0.2625
64 0.6983573917371827 0.525 0.014932802389248382 0.47500000000000003
72 0.7112991538078646 0.7937500000000001 0.005973120955699353 0.2625
128 0.7451468392234942 0.49375 0.025883524141363863 0.0625
145 0.7767546042807366 0.4 0.011448481831757092 0.7250000000000001
39 0.7936784469885515 0.49375 0.009457441513190641 0.9375
73 0.8198108511697362 0.5 0.02687904430064709 0.6000000000000001
18 0.8529118964659034 0.40625 0.024390243902439025 0.7375
20 0.87655550024888 0.48750000000000004 0.008959681433549029 0.9500000000000001
18 0.8957192633150821 0.4 0.02538576406172225 0.7250000000000001
72 0.9141363862618218 0.78125 0.00547536087605774 0.2625
145 0.9387755102040816 0.4 0.011946241911398706 0.7250000000000001
72 0.9539571926331508 0.7937500000000001 0.00547536087605774 0.2625
145 0.9790940766550522 0.3875 0.011946241911398706 0.7250000000000001
39 0.994773519163763 0.49375 0.008461921353907416 0.9375
