30 0.037156704361873995 0.41566265060240964 0.07431340872374799 0.6144578313253012
20 0.11873990306946688 0.4879518072289157 0.033925686591276254 0.9518072289156627
8 0.1930533117932149 0.4096385542168675 0.07592891760904685 0.6024096385542169
39 0.2681744749596123 0.46987951807228917 0.035541195476575124 0.9397590361445783
84 0.40468497576736673 0.5060240963855422 0.12439418416801293 0.1927710843373494
20 0.5428109854604201 0.49397590361445787 0.03231017770597738 0.9397590361445783
166 0.6050080775444265 0.6626506024096386 0.050080775444264945 0.5783132530120483
112 0.6502423263327949 0.6927710843373495 0.033925686591276254 0.5180722891566265
113 0.6946688206785138 0.6445783132530121 0.0420032310177706 0.42168674698795183
20 0.7576736672051697 0.5060240963855422 0.03231017770597738 0.9397590361445783
8 0.8336025848142166 0.4096385542168675 0.07754442649434573 0.5783132530120483
39 0.9095315024232634 0.4879518072289157 0.03231017770597738 0.9277108433734941
39 0.9806138933764136 0.4879518072289157 0.03231017770597738 0.9277108433734941
