210 0.015434606011372866 0.4752475247524752 0.030869212022745732 0.4158415841584158
211 0.0471161657189277 0.7574257425742574 0.022745735174654752 0.44554455445544555
84 0.12144597887896019 0.4603960396039604 0.04305442729488221 0.22772277227722773
20 0.19333874898456538 0.4603960396039604 0.014622258326563768 0.8217821782178218
145 0.22542648253452477 0.37623762376237624 0.017059301380991064 0.594059405940594
72 0.26401299756295693 0.6930693069306931 0.00974817221770918 0.2376237623762376
145 0.31478472786352557 0.3712871287128713 0.017059301380991064 0.6039603960396039
39 0.3464662875710804 0.4504950495049505 0.015434606011372866 0.801980198019802
72 0.380178716490658 0.6881188118811882 0.00974817221770918 0.22772277227722773
210 0.43419983753046304 0.4603960396039604 0.03168155970755483 0.40594059405940597
145 0.46588139723801786 0.7425742574257426 0.00893582453290008 0.4158415841584158
84 0.5410235580828594 0.4306930693069307 0.043866774979691305 0.22772277227722773
20 0.61251015434606 0.43564356435643564 0.014622258326563768 0.8118811881188119
145 0.6445978878960195 0.35148514851485146 0.017059301380991064 0.6039603960396039
72 0.6839967506092607 0.6683168316831684 0.00974817221770918 0.22772277227722773
128 0.7420796100731113 0.4306930693069307 0.039805036555645816 0.04950495049504951
145 0.7867587327376117 0.34653465346534656 0.015434606011372866 0.594059405940594
39 0.8176279447603574 0.4306930693069307 0.015434606011372866 0.801980198019802
108 0.8858651502843217 0.42574257425742573 0.03330625507717303 0.49504950495049505
75 0.9622258326563768 0.32673267326732675 0.038180341186027617 0.6534653465346535
168 0.9890333062550771 0.7772277227722773 0.01868399675060926 0.3069306930693069
