186 0.0063025210084033615 0.45535714285714285 0.012605042016806723 0.5892857142857143
155 0.039915966386554626 0.42857142857142855 0.027731092436974792 0.5714285714285714
53 0.07983193277310925 0.5 0.02184873949579832 0.5
160 0.10252100840336136 0.7232142857142857 0.016806722689075633 0.4821428571428571
20 0.12142857142857144 0.45535714285714285 0.012605042016806723 0.8392857142857142
20 0.1369747899159664 0.45535714285714285 0.011764705882352941 0.8392857142857142
205 0.16470588235294117 0.4821428571428571 0.028571428571428574 0.46428571428571425
128 0.20798319327731093 0.4107142857142857 0.027731092436974792 0.10714285714285714
145 0.24495798319327733 0.3839285714285714 0.012605042016806723 0.7321428571428571
39 0.2634453781512605 0.45535714285714285 0.012605042016806723 0.8392857142857142
209 0.28571428571428575 0.5714285714285714 0.020168067226890758 0.6428571428571428
155 0.32521008403361346 0.4107142857142857 0.02689075630252101 0.5714285714285714
101 0.3642857142857143 0.3571428571428571 0.02100840336134454 0.7142857142857142
39 0.38907563025210085 0.4375 0.011764705882352941 0.8392857142857142
84 0.4243697478991597 0.40178571428571425 0.02689075630252101 0.26785714285714285
160 0.4697478991596639 0.4732142857142857 0.02689075630252101 0.8392857142857142
20 0.4928571428571429 0.4375 0.012605042016806723 0.8392857142857142
186 0.5113445378151261 0.4107142857142857 0.012605042016806723 0.6071428571428571
39 0.5285714285714286 0.4375 0.011764705882352941 0.8392857142857142
84 0.5634453781512605 0.40178571428571425 0.027731092436974792 0.30357142857142855
186 0.6012605042016808 0.4107142857142857 0.012605042016806723 0.6071428571428571
155 0.6361344537815127 0.4107142857142857 0.025210084033613446 0.5714285714285714
53 0.6760504201680673 0.4732142857142857 0.02100840336134454 0.4821428571428571
201 0.6970588235294118 0.7589285714285714 0.01596638655462185 0.33928571428571425
20 0.7163865546218487 0.4375 0.012605042016806723 0.8392857142857142
205 0.7449579831932773 0.4821428571428571 0.029411764705882356 0.46428571428571425
128 0.7878151260504203 0.4196428571428571 0.026050420168067228 0.08928571428571427
145 0.8243697478991597 0.3839285714285714 0.013445378151260505 0.6964285714285714
39 0.8436974789915966 0.4375 0.013445378151260505 0.8392857142857142
209 0.865546218487395 0.5535714285714285 0.020168067226890758 0.6428571428571428
155 0.9046218487394958 0.42857142857142855 0.027731092436974792 0.5714285714285714
53 0.9449579831932774 0.49107142857142855 0.022689075630252103 0.4821428571428571
86 0.965546218487395 0.7767857142857142 0.015126050420168069 0.375
101 0.9873949579831933 0.375 0.02184873949579832 0.7142857142857142
