117 0.01431297709923664 0.5051546391752577 0.02862595419847328 0.9484536082474226
200 0.06393129770992366 0.5051546391752577 0.03244274809160305 0.4536082474226804
72 0.0982824427480916 0.7474226804123711 0.013358778625954198 0.25773195876288657
205 0.1541030534351145 0.5051546391752577 0.05248091603053435 0.4329896907216495
164 0.20467557251908397 0.5103092783505154 0.027671755725190837 0.9381443298969072
84 0.291030534351145 0.4175257731958763 0.05343511450381679 0.1958762886597938
200 0.37452290076335876 0.4896907216494845 0.033396946564885496 0.44329896907216493
16 0.416030534351145 0.3917525773195876 0.04961832061068702 0.6597938144329897
186 0.4604007633587786 0.17010309278350516 0.01431297709923664 0.3402061855670103
205 0.504293893129771 0.4948453608247423 0.05248091603053435 0.4329896907216495
84 0.5925572519083969 0.41237113402061853 0.05343511450381679 0.20618556701030927
195 0.6770038167938931 0.36082474226804123 0.03912213740458015 0.6597938144329897
54 0.7304389312977099 0.4793814432989691 0.04293893129770992 0.422680412371134
20 0.7719465648854962 0.4536082474226804 0.022900763358778626 0.865979381443299
207 0.8196564885496183 0.4690721649484536 0.04580152671755725 0.44329896907216493
66 0.8845419847328244 0.39690721649484534 0.011450381679389313 0.1134020618556701
209 0.9403625954198473 0.5515463917525774 0.046755725190839696 0.6494845360824743
39 0.9861641221374046 0.4329896907216495 0.023854961832061067 0.865979381443299
