204 0.002699784017278618 0.5402298850574713 0.005399568034557236 0.8505747126436781
16 0.038336933045356375 0.46551724137931033 0.04211663066954644 0.6551724137931034
172 0.09881209503239742 0.5747126436781609 0.04211663066954644 0.4367816091954023
20 0.14362850971922247 0.5459770114942528 0.019438444924406047 0.8620689655172413
149 0.17548596112311016 0.6551724137931034 0.03995680345572354 0.6206896551724138
39 0.21166306695464365 0.5402298850574713 0.019438444924406047 0.8505747126436781
204 0.2338012958963283 0.5344827586206896 0.005399568034557236 0.8390804597701149
195 0.26403887688984884 0.20114942528735633 0.02699784017278618 0.40229885057471265
200 0.3250539956803456 0.5459770114942528 0.041036717062634995 0.4942528735632184
141 0.3693304535637149 0.5402298850574713 0.04319654427645789 0.5057471264367817
115 0.40712742980561556 0.4425287356321839 0.023758099352051837 0.7011494252873564
20 0.449244060475162 0.5287356321839081 0.019438444924406047 0.8505747126436781
16 0.48488120950323976 0.4540229885057471 0.04319654427645789 0.6551724137931034
20 0.531317494600432 0.5287356321839081 0.019438444924406047 0.8505747126436781
149 0.5637149028077754 0.6436781609195402 0.041036717062634995 0.6206896551724138
39 0.6004319654427647 0.5344827586206896 0.019438444924406047 0.8620689655172413
39 0.6252699784017279 0.5344827586206896 0.019438444924406047 0.8620689655172413
122 0.6830453563714903 0.5229885057471264 0.055075593952483806 0.7701149425287356
200 0.7494600431965444 0.5344827586206896 0.041036717062634995 0.4942528735632184
141 0.7937365010799137 0.5287356321839081 0.04319654427645789 0.5057471264367817
115 0.8315334773218143 0.43103448275862066 0.023758099352051837 0.7011494252873564
20 0.8736501079913608 0.5114942528735632 0.019438444924406047 0.8620689655172413
3 0.9146868250539958 0.43103448275862066 0.05399568034557236 0.632183908045977
130 0.9595032397408207 0.2471264367816092 0.02267818574514039 0.26436781609195403
39 0.9875809935205184 0.5229885057471264 0.020518358531317497 0.8620689655172413
