12 0.05366492146596859 0.4215686274509804 0.10732984293193717 0.803921568627451
6 0.16623036649214662 0.4215686274509804 0.10732984293193717 0.803921568627451
7 0.2683246073298429 0.4117647058823529 0.11256544502617802 0.7843137254901961
20 0.36125654450261785 0.5 0.03664921465968587 0.9215686274509803
196 0.43062827225130895 0.5392156862745098 0.06544502617801047 0.5294117647058824
145 0.4947643979057592 0.7058823529411764 0.015706806282722516 0.47058823529411764
72 0.5379581151832461 0.7941176470588235 0.02356020942408377 0.29411764705882354
196 0.6335078534031414 0.5294117647058824 0.06806282722513089 0.5098039215686274
195 0.6976439790575917 0.6764705882352942 0.03926701570680628 0.49019607843137253
39 0.7408376963350786 0.47058823529411764 0.03664921465968587 0.9019607843137255
84 0.849476439790576 0.4215686274509804 0.08638743455497383 0.29411764705882354
145 0.9764397905759163 0.38235294117647056 0.03664921465968587 0.7647058823529411
