196 0.03900709219858156 0.47590361445783136 0.07801418439716312 0.46987951807228917
195 0.10372340425531915 0.6686746987951807 0.03723404255319149 0.3734939759036145
20 0.17109929078014183 0.49397590361445787 0.03723404255319149 0.963855421686747
116 0.2429078014184397 0.43373493975903615 0.07446808510638298 0.6506024096385542
39 0.31560283687943264 0.47590361445783136 0.03900709219858156 0.9518072289156627
84 0.4725177304964539 0.4879518072289157 0.13652482269503546 0.20481927710843376
196 0.6187943262411347 0.49397590361445787 0.07801418439716312 0.4819277108433735
20 0.7021276595744681 0.5 0.035460992907801414 0.9518072289156627
64 0.7703900709219857 0.49397590361445787 0.047872340425531915 0.4819277108433735
72 0.8147163120567376 0.7710843373493976 0.026595744680851064 0.3132530120481928
116 0.9060283687943262 0.43975903614457834 0.0673758865248227 0.6385542168674699
39 0.9769503546099291 0.49397590361445787 0.03900709219858156 0.9397590361445783
