168 0.02074074074074074 0.5397727272727273 0.04148148148148148 0.48863636363636365
196 0.07555555555555556 0.5397727272727273 0.059259259259259255 0.46590909090909094
149 0.1348148148148148 0.6306818181818182 0.056296296296296296 0.6477272727272727
149 0.1985185185185185 0.6363636363636364 0.059259259259259255 0.6590909090909091
54 0.29185185185185186 0.5340909090909091 0.06814814814814814 0.4545454545454546
65 0.39037037037037037 0.46022727272727276 0.08444444444444445 0.625
168 0.4755555555555555 0.5511363636363636 0.04148148148148148 0.48863636363636365
196 0.5303703703703704 0.5511363636363636 0.059259259259259255 0.46590909090909094
149 0.5896296296296296 0.6420454545454546 0.056296296296296296 0.6477272727272727
149 0.6562962962962963 0.6477272727272727 0.059259259259259255 0.6590909090909091
59 0.7385185185185185 0.5340909090909091 0.06666666666666667 0.8636363636363636
84 0.857037037037037 0.5113636363636364 0.08148148148148147 0.2727272727272727
82 0.971111111111111 0.42045454545454547 0.05185185185185185 0.8409090909090909
