75 0.016781411359724614 0.41304347826086957 0.03356282271944923 0.6304347826086957
166 0.04862306368330465 0.6739130434782609 0.028399311531841654 0.5217391304347826
20 0.08648881239242685 0.5163043478260869 0.018072289156626505 0.858695652173913
116 0.12048192771084337 0.44565217391304346 0.034423407917383825 0.5652173913043478
39 0.1561962134251291 0.4891304347826087 0.018072289156626505 0.8478260869565217
84 0.2319277108433735 0.5054347826086957 0.06626506024096386 0.18478260869565216
20 0.306368330464716 0.5108695652173912 0.017211703958691912 0.8695652173913043
195 0.34165232358003444 0.4293478260869565 0.02925989672977625 0.5978260869565217
176 0.3782271944922547 0.5054347826086957 0.030120481927710843 0.8152173913043478
154 0.41351118760757316 0.5652173913043478 0.03528399311531842 0.32608695652173914
39 0.4500860585197935 0.5 0.017211703958691912 0.8478260869565217
20 0.49225473321858865 0.5 0.0189328743545611 0.8478260869565217
113 0.5292598967297762 0.3967391304347826 0.03098106712564544 0.6195652173913043
195 0.5589500860585198 0.2608695652173913 0.019793459552495698 0.32608695652173914
176 0.5890705679862307 0.5 0.031841652323580036 0.7826086956521738
204 0.6200516351118761 0.4891304347826087 0.004302925989672978 0.9782608695652174
0 0.6764199655765921 0.3967391304347826 0.04647160068846816 0.6413043478260869
20 0.725473321858864 0.483695652173913 0.017211703958691912 0.858695652173913
113 0.7624784853700517 0.3804347826086956 0.03098106712564544 0.6304347826086957
39 0.7977624784853701 0.483695652173913 0.017211703958691912 0.858695652173913
204 0.8317555938037866 0.47282608695652173 0.004302925989672978 0.9456521739130435
195 0.8734939759036144 0.2391304347826087 0.0189328743545611 0.32608695652173914
39 0.9036144578313253 0.4782608695652174 0.017211703958691912 0.8478260869565217
75 0.9457831325301205 0.3804347826086956 0.034423407917383825 0.6304347826086957
113 0.9823580034423408 0.375 0.031841652323580036 0.6195652173913043
