149 0.03881987577639751 0.6265822784810127 0.07763975155279502 0.6962025316455696
84 0.1793478260869565 0.37341772151898733 0.09472049689440994 0.31645569620253167
189 0.30357142857142855 0.4050632911392405 0.05434782608695652 0.7594936708860759
145 0.3695652173913043 0.3987341772151899 0.040372670807453416 0.7468354430379747
189 0.4324534161490683 0.3924050632911392 0.05434782608695652 0.7594936708860759
72 0.4883540372670807 0.7721518987341772 0.017080745341614904 0.27848101265822783
175 0.5729813664596273 0.3860759493670886 0.05279503105590062 0.7468354430379747
91 0.6358695652173912 0.3860759493670886 0.05745341614906832 0.7721518987341772
189 0.7003105590062111 0.4050632911392405 0.05590062111801242 0.7594936708860759
72 0.7554347826086956 0.7658227848101266 0.017080745341614904 0.26582278481012656
175 0.8408385093167702 0.37974683544303794 0.05434782608695652 0.7594936708860759
170 0.90527950310559 0.3670886075949367 0.05279503105590062 0.7341772151898734
170 0.9697204968944099 0.37341772151898733 0.05434782608695652 0.7468354430379747
