75 0.010020554984583761 0.4821002386634845 0.020041109969167522 0.13842482100238665
30 0.0328879753340185 0.4892601431980907 0.022610483042137718 0.11933174224343676
20 0.0552415210688592 0.49880668257756566 0.011819116135662899 0.19093078758949883
116 0.07322713257965056 0.4916467780429595 0.019013360739979446 0.12410501193317423
39 0.09121274409044193 0.49880668257756566 0.011819116135662899 0.19093078758949883
84 0.13335046248715313 0.5071599045346062 0.03956834532374101 0.0405727923627685
23 0.1906474820143885 0.49761336515513127 0.03494347379239466 0.9952267303102625
211 0.22456320657759507 0.9009546539379475 0.01747173689619733 0.13126491646778043
20 0.2225077081192189 0.220763723150358 0.011305241521068859 0.18854415274463007
20 0.9935765673175745 0.6073985680190931 0.01079136690647482 0.18854415274463007
