31 0.030689329556185082 0.3953488372093023 0.061378659112370164 0.7441860465116279
20 0.07790368271954674 0.4883720930232558 0.017941454202077434 0.9534883720930233
207 0.1166194523135033 0.5058139534883721 0.04627006610009443 0.5232558139534884
72 0.16855524079320114 0.7674418604651163 0.012275731822474033 0.27906976744186046
210 0.23040604343720492 0.5 0.03588290840415487 0.4883720930232558
39 0.267233238904627 0.4941860465116279 0.018885741265344667 0.9651162790697674
84 0.33616619452313506 0.4883720930232558 0.0509915014164306 0.27906976744186046
20 0.4050991501416431 0.4941860465116279 0.0169971671388102 0.9651162790697674
201 0.4461756373937677 0.5988372093023255 0.04060434372049103 0.7093023255813954
20 0.4886685552407932 0.4883720930232558 0.017941454202077434 0.9534883720930233
207 0.5278564683663834 0.4941860465116279 0.0453257790368272 0.5232558139534884
39 0.5694050991501417 0.4883720930232558 0.018885741265344667 0.9534883720930233
72 0.6104815864022664 0.7674418604651163 0.012275731822474033 0.27906976744186046
160 0.6817752596789425 0.5872093023255814 0.04910292728989613 0.7093023255813954
20 0.7275731822474032 0.4883720930232558 0.017941454202077434 0.9534883720930233
207 0.7667610953729934 0.4941860465116279 0.0453257790368272 0.5232558139534884
72 0.8182247403210576 0.7674418604651163 0.012275731822474033 0.27906976744186046
210 0.8796033994334278 0.5 0.034938621340887634 0.4883720930232558
39 0.9169027384324835 0.4883720930232558 0.018885741265344667 0.9534883720930233
39 0.9475920679886686 0.47674418604651164 0.017941454202077434 0.9534883720930233
169 0.9919735599622286 0.5813953488372093 0.012275731822474033 0.6511627906976745
