20 0.014625228519195612 0.4903846153846154 0.029250457038391225 0.9038461538461539
17 0.07861060329067641 0.4134615384615385 0.08409506398537477 0.7884615384615385
176 0.13345521023765997 0.44230769230769235 0.025594149908592323 0.8846153846153847
30 0.18738574040219377 0.42307692307692313 0.06764168190127971 0.7692307692307693
39 0.24862888482632542 0.4903846153846154 0.025594149908592323 0.9038461538461539
4 0.2842778793418647 0.46153846153846156 0.02376599634369287 0.9230769230769231
50 0.34643510054844606 0.4134615384615385 0.08592321755027423 0.75
72 0.3939670932358318 0.7884615384615385 0.016453382084095063 0.2692307692307693
51 0.4844606946983547 0.4134615384615385 0.06946983546617916 0.75
5 0.5402193784277879 0.4807692307692308 0.02376599634369287 0.9230769230769231
84 0.6160877513711152 0.4326923076923077 0.05850091407678245 0.2884615384615385
6 0.7221206581352834 0.4326923076923077 0.06946983546617916 0.7884615384615385
149 0.7778793418647166 0.7115384615384616 0.038391224862888484 0.46153846153846156
4 0.8290676416819013 0.5 0.02376599634369287 0.9230769230769231
45 0.8912248628884827 0.42307692307692313 0.06398537477148081 0.7692307692307693
149 0.9378427787934186 0.7211538461538461 0.03656307129798903 0.44230769230769235
5 0.9853747714808044 0.5 0.021937842778793418 0.9230769230769231
