57 0.03305785123966942 0.3364485981308411 0.06611570247933884 0.616822429906542
112 0.07768595041322314 0.7429906542056074 0.04628099173553719 0.47663551401869153
188 0.14958677685950414 0.3177570093457944 0.06446280991735537 0.6355140186915887
20 0.21818181818181817 0.4205607476635514 0.0396694214876033 0.7850467289719626
186 0.2834710743801653 0.3878504672897196 0.04132231404958678 0.49532710280373826
39 0.34793388429752065 0.411214953271028 0.04132231404958678 0.7850467289719626
84 0.4818181818181818 0.3691588785046729 0.09421487603305785 0.19626168224299065
57 0.6264462809917355 0.32710280373831774 0.06611570247933884 0.616822429906542
112 0.6694214876033058 0.7242990654205607 0.04297520661157025 0.47663551401869153
96 0.7413223140495867 0.5186915887850467 0.06776859504132231 0.5514018691588785
112 0.7884297520661157 0.7289719626168224 0.04628099173553719 0.4859813084112149
20 0.8479338842975206 0.4158878504672897 0.0396694214876033 0.794392523364486
186 0.9165289256198347 0.37850467289719625 0.04132231404958678 0.49532710280373826
39 0.9768595041322313 0.411214953271028 0.0396694214876033 0.7850467289719626
