18 0.026236125126135216 0.46629213483146065 0.05247225025227043 0.3258426966292135
4 0.08072653884964683 0.5168539325842696 0.024217961654894045 0.4382022471910112
196 0.12108980827447023 0.5196629213483146 0.04238143289606458 0.2191011235955056
20 0.16902119071644803 0.5252808988764045 0.02119071644803229 0.4438202247191011
207 0.21039354187689202 0.5224719101123595 0.039354187689202826 0.21348314606741572
72 0.24066599394550958 0.6460674157303371 0.015136226034308779 0.14606741573033707
116 0.29364278506559033 0.5 0.03834510595358224 0.29213483146067415
39 0.3350151362260343 0.4747191011235955 0.020181634712411706 0.3539325842696629
5 0.3784056508577195 0.5 0.024217961654894045 0.4382022471910112
84 0.46316851664984865 0.5365168539325843 0.07669021190716448 0.09550561797752809
110 0.5746720484359233 0.4634831460674157 0.08980827447023208 0.9269662921348314
211 0.6175580221997982 0.9016853932584269 0.024217961654894045 0.1741573033707865
116 0.6488395560040363 0.13764044943820225 0.028254288597376387 0.2303370786516854
116 0.6881937436932392 0.5056179775280899 0.04036326942482341 0.29213483146067415
75 0.7330978809283552 0.47752808988764045 0.039354187689202826 0.3258426966292135
196 0.7780020181634713 0.5308988764044944 0.04641775983854692 0.2191011235955056
20 0.8244197780020182 0.5393258426966292 0.022199798183652877 0.4382022471910112
207 0.8657921291624622 0.5449438202247191 0.04036326942482341 0.21348314606741572
72 0.8960645812310797 0.6657303370786517 0.016145307769929364 0.15168539325842695
116 0.9475277497477296 0.5084269662921348 0.04036326942482341 0.29775280898876405
39 0.9868819374369324 0.5337078651685393 0.022199798183652877 0.449438202247191
