53 0.03767820773930753 0.5738636363636364 0.07535641547861506 0.4431818181818182
84 0.16293279022403256 0.5284090909090909 0.10997963340122198 0.2159090909090909
20 0.2759674134419552 0.5397727272727273 0.038696537678207736 0.875
64 0.33910386965376776 0.5681818181818182 0.06313645621181262 0.4545454545454546
54 0.40122199592668023 0.2727272727272727 0.048879837067209775 0.2727272727272727
155 0.5173116089613035 0.5340909090909091 0.10590631364562117 0.5909090909090909
64 0.6374745417515274 0.5738636363636364 0.06109979633401221 0.4431818181818182
39 0.6945010183299388 0.5340909090909091 0.03665987780040733 0.8636363636363636
128 0.7718940936863543 0.2840909090909091 0.06924643584521384 0.045454545454545456
145 0.855397148676171 0.19886363636363638 0.03665987780040733 0.39772727272727276
64 0.9633401221995925 0.5568181818181819 0.06517311608961303 0.4545454545454546
