196 0.03571428571428571 0.5182926829268293 0.07142857142857142 0.475609756097561
20 0.10808270676691728 0.4878048780487805 0.043233082706766915 0.926829268292683
145 0.1682330827067669 0.4024390243902439 0.039473684210526314 0.7073170731707318
39 0.23214285714285712 0.48170731707317077 0.043233082706766915 0.9634146341463415
84 0.3599624060150376 0.49390243902439024 0.10338345864661654 0.25609756097560976
205 0.5140977443609023 0.524390243902439 0.08834586466165413 0.4878048780487805
20 0.5986842105263157 0.48170731707317077 0.046992481203007516 0.9634146341463415
145 0.6578947368421052 0.4024390243902439 0.041353383458646614 0.7073170731707318
39 0.718984962406015 0.49390243902439024 0.046992481203007516 0.9390243902439025
72 0.7716165413533834 0.7804878048780488 0.02819548872180451 0.29268292682926833
196 0.9088345864661653 0.5182926829268293 0.07330827067669173 0.475609756097561
145 0.9774436090225563 0.7560975609756098 0.03759398496240601 0.43902439024390244
