64 0.028764805414551606 0.5584415584415585 0.05752961082910321 0.5194805194805195
145 0.09137055837563451 0.6688311688311689 0.02030456852791878 0.4545454545454546
56 0.15651438240270726 0.28571428571428575 0.05583756345177665 0.49350649350649356
20 0.21235194585448391 0.49350649350649356 0.032148900169204735 0.9610389610389611
195 0.26988155668358715 0.4285714285714286 0.06260575296108291 0.8051948051948052
145 0.3409475465313029 0.4155844155844156 0.04230118443316413 0.7792207792207793
175 0.4128595600676819 0.4090909090909091 0.06091370558375634 0.7922077922077922
39 0.47208121827411165 0.4740259740259741 0.0338409475465313 0.9480519480519481
84 0.643824027072758 0.3961038961038961 0.1065989847715736 0.35064935064935066
128 0.8620981387478849 0.3961038961038961 0.10321489001692047 0.09090909090909091
175 0.9661590524534687 0.4220779220779221 0.06091370558375634 0.7922077922077922
