168 0.01633986928104575 0.48170731707317077 0.0326797385620915 0.475609756097561
196 0.06601307189542484 0.48170731707317077 0.05359477124183006 0.475609756097561
149 0.1261437908496732 0.5914634146341463 0.05620915032679738 0.6951219512195123
20 0.1915032679738562 0.48170731707317077 0.02483660130718954 0.9146341463414634
95 0.2333333333333333 0.6036585365853658 0.04836601307189542 0.6707317073170732
89 0.2941176470588235 0.4634146341463415 0.06274509803921569 0.926829268292683
39 0.3477124183006536 0.46951219512195125 0.023529411764705882 0.9146341463414634
56 0.3908496732026144 0.20731707317073172 0.0392156862745098 0.41463414634146345
10 0.4640522875816993 0.3780487804878049 0.065359477124183 0.6829268292682927
130 0.5183006535947712 0.8292682926829269 0.027450980392156862 0.29268292682926833
20 0.5607843137254902 0.46951219512195125 0.023529411764705882 0.9146341463414634
53 0.6019607843137255 0.5 0.0457516339869281 0.4634146341463415
39 0.6450980392156862 0.46951219512195125 0.02483660130718954 0.9146341463414634
84 0.7130718954248365 0.4573170731707317 0.06666666666666667 0.23170731707317074
10 0.8032679738562091 0.3780487804878049 0.06405228758169934 0.6829268292682927
130 0.8581699346405228 0.8231707317073171 0.03006535947712418 0.2804878048780488
20 0.9013071895424836 0.46951219512195125 0.02483660130718954 0.9146341463414634
53 0.9424836601307189 0.49390243902439024 0.047058823529411764 0.475609756097561
39 0.9856209150326797 0.4573170731707317 0.023529411764705882 0.9146341463414634
