41 0.03180914512922465 0.4150943396226415 0.0636182902584493 0.7547169811320754
84 0.1332007952286282 0.4528301886792453 0.0636182902584493 0.3018867924528302
20 0.21669980119284293 0.49056603773584906 0.02783300198807157 0.8679245283018867
17 0.28628230616302186 0.3962264150943396 0.08747514910536779 0.7547169811320754
176 0.3479125248508946 0.43396226415094336 0.02783300198807157 0.8679245283018867
30 0.40755467196819084 0.40566037735849053 0.07157057654075547 0.7358490566037735
128 0.5139165009940357 0.4528301886792453 0.06163021868787276 0.11320754716981132
23 0.5904572564612326 0.4811320754716981 0.03180914512922465 0.9622641509433962
211 0.6371769383697813 0.4245283018867924 0.049701789264413515 0.7358490566037735
24 0.6829025844930416 0.4811320754716981 0.029821073558648107 0.9622641509433962
39 0.7186878727634194 0.5 0.029821073558648107 0.8867924528301886
178 0.8011928429423458 0.4811320754716981 0.07157057654075547 0.660377358490566
6 0.9174950298210734 0.4433962264150943 0.073558648111332 0.7358490566037735
149 0.9751491053677931 0.7358490566037735 0.041749502982107355 0.4528301886792453
