35 0.06222222222222222 0.4096385542168675 0.12444444444444444 0.6987951807228916
48 0.23555555555555555 0.39759036144578314 0.11555555555555555 0.7228915662650602
130 0.33111111111111113 0.7590361445783133 0.07111111111111111 0.3373493975903615
158 0.32 0.13855421686746988 0.03111111111111111 0.27710843373493976
155 0.45111111111111113 0.7409638554216867 0.08444444444444445 0.46987951807228917
145 0.5688888888888889 0.6987951807228916 0.04888888888888889 0.45783132530120485
178 0.6877777777777778 0.4819277108433735 0.09111111111111111 0.674698795180723
48 0.8644444444444445 0.391566265060241 0.1111111111111111 0.710843373493976
130 0.9588888888888889 0.746987951807229 0.07333333333333333 0.3373493975903615
158 0.9477777777777778 0.13253012048192772 0.028888888888888888 0.26506024096385544
