51 0.0297029702970297 0.44791666666666663 0.0594059405940594 0.6041666666666666
139 0.12747524752475248 0.515625 0.06930693069306931 0.8645833333333333
207 0.22153465346534654 0.546875 0.05198019801980198 0.40625
105 0.25866336633663367 0.7760416666666666 0.017326732673267328 0.40625
128 0.2753712871287129 0.265625 0.04579207920792079 0.05208333333333333
145 0.3217821782178218 0.21354166666666666 0.017326732673267328 0.4270833333333333
20 0.3626237623762376 0.5208333333333333 0.0297029702970297 0.7916666666666666
211 0.4034653465346535 0.4375 0.04702970297029703 0.625
39 0.4467821782178218 0.5208333333333333 0.0297029702970297 0.7916666666666666
72 0.4777227722772277 0.7604166666666666 0.017326732673267328 0.22916666666666666
105 0.5222772277227723 0.46354166666666663 0.024752475247524754 0.5729166666666666
84 0.6095297029702971 0.5052083333333333 0.06806930693069307 0.23958333333333331
145 0.7073019801980198 0.44791666666666663 0.02599009900990099 0.6041666666666666
72 0.7462871287128713 0.7604166666666666 0.017326732673267328 0.25
119 0.8316831683168316 0.6979166666666666 0.09900990099009901 0.10416666666666666
72 0.9189356435643564 0.7604166666666666 0.018564356435643563 0.22916666666666666
130 0.974009900990099 0.546875 0.04702970297029703 0.40625
