10 0.016425389755011136 0.4406779661016949 0.03285077951002227 0.327683615819209
20 0.04677060133630289 0.4943502824858757 0.011135857461024499 0.4463276836158192
8 0.07321826280623607 0.4548022598870056 0.026169265033407572 0.2768361581920904
39 0.09910913140311804 0.4830508474576271 0.011135857461024499 0.4350282485875706
196 0.12639198218262807 0.4943502824858757 0.024498886414253896 0.22033898305084745
20 0.1517260579064588 0.4943502824858757 0.010579064587973273 0.4463276836158192
207 0.174554565701559 0.4943502824858757 0.02060133630289532 0.20903954802259886
39 0.19766146993318484 0.4887005649717514 0.011135857461024499 0.4350282485875706
84 0.24665924276169263 0.4971751412429378 0.042316258351893093 0.0903954802259887
110 0.3084632516703786 0.4632768361581921 0.05011135857461024 0.9265536723163842
53 0.33157015590200445 0.903954802259887 0.01614699331848552 0.1694915254237288
57 0.3510579064587973 0.10734463276836158 0.012806236080178173 0.2033898305084746
196 0.3736080178173719 0.4915254237288136 0.023385300668151445 0.21468926553672316
20 0.39894209354120264 0.5028248587570622 0.010579064587973273 0.4519774011299435
209 0.4217706013363029 0.5536723163841808 0.02060133630289532 0.3163841807909604
39 0.4440423162583519 0.4971751412429378 0.011692650334075723 0.4406779661016949
75 0.47132516703786187 0.4491525423728814 0.02060133630289532 0.3220338983050847
209 0.4935968819599109 0.5536723163841808 0.02060133630289532 0.3163841807909604
110 0.5476057906458797 0.5084745762711864 0.050668151447661465 0.9152542372881356
8 0.5712694877505567 0.867231638418079 0.01893095768374165 0.23163841807909605
168 0.595489977728285 0.5084745762711864 0.015033407572383074 0.21468926553672316
145 0.6119153674832962 0.5988700564971752 0.010022271714922048 0.1694915254237288
20 0.6333518930957683 0.5112994350282486 0.010579064587973273 0.4463276836158192
207 0.6570155902004454 0.5112994350282486 0.020044543429844096 0.20903954802259886
72 0.6731625835189309 0.6384180790960452 0.008908685968819599 0.14689265536723164
116 0.7021158129175946 0.480225988700565 0.021158129175946547 0.2937853107344633
39 0.7238307349665924 0.5112994350282486 0.011135857461024499 0.4350282485875706
168 0.7461024498886414 0.5112994350282486 0.015590200445434297 0.22033898305084745
145 0.7633630289532294 0.6016949152542372 0.011135857461024499 0.1638418079096045
20 0.7842427616926503 0.5141242937853108 0.010579064587973273 0.4406779661016949
209 0.8065144766146993 0.5677966101694916 0.02060133630289532 0.3220338983050847
72 0.8237750556792872 0.6412429378531074 0.009465478841870824 0.15254237288135594
116 0.8535634743875278 0.4915254237288136 0.021158129175946547 0.2937853107344633
39 0.8755567928730512 0.5056497175141242 0.011692650334075723 0.4350282485875706
75 0.9025612472160356 0.4632768361581921 0.020044543429844096 0.327683615819209
166 0.9237193763919821 0.5988700564971752 0.017817371937639197 0.2711864406779661
20 0.948218262806236 0.5141242937853108 0.011135857461024499 0.4406779661016949
116 0.9707683741648107 0.4915254237288136 0.02060133630289532 0.2937853107344633
39 0.992761692650334 0.5141242937853108 0.012249443207126948 0.4406779661016949
