76 0.017276422764227643 0.3726114649681529 0.034552845528455285 0.4012738853503185
145 0.04979674796747968 0.5191082802547771 0.020325203252032523 0.2611464968152866
84 0.12754065040650409 0.4267515923566879 0.05589430894308944 0.14012738853503184
145 0.2022357723577236 0.7898089171974523 0.020325203252032523 0.25477707006369427
121 0.2454268292682927 0.821656050955414 0.03963414634146342 0.3312101910828026
126 0.26168699186991873 0.4299363057324841 0.06199186991869919 0.2611464968152866
105 0.28658536585365857 0.7834394904458599 0.014227642276422765 0.267515923566879
105 0.30589430894308944 0.3726114649681529 0.01829268292682927 0.37579617834394907
121 0.3246951219512195 0.821656050955414 0.03963414634146342 0.3312101910828026
130 0.342479674796748 0.4299363057324841 0.042682926829268296 0.2611464968152866
25 0.38313008130081305 0.7834394904458599 0.05081300813008131 0.267515923566879
23 0.4344512195121952 0.42356687898089174 0.027439024390243906 0.5414012738853503
76 0.475609756097561 0.37579617834394907 0.034552845528455285 0.39490445859872614
93 0.508130081300813 0.5222929936305732 0.02845528455284553 0.25477707006369427
20 0.5487804878048781 0.42356687898089174 0.01829268292682927 0.5414012738853503
149 0.5833333333333334 0.4968152866242038 0.04065040650406505 0.3439490445859873
211 0.6234756097560976 0.5859872611464968 0.02947154471544716 0.267515923566879
20 0.6199186991869919 0.1910828025477707 0.014227642276422765 0.3694267515923567
105 0.6453252032520326 0.15923566878980894 0.01829268292682927 0.267515923566879
39 0.6707317073170732 0.18789808917197454 0.014227642276422765 0.36305732484076436
72 0.7027439024390245 0.589171974522293 0.011178861788617888 0.15923566878980894
161 0.7484756097560976 0.49363057324840764 0.03353658536585366 0.35031847133757965
211 0.7830284552845529 0.5796178343949044 0.02947154471544716 0.267515923566879
20 0.7820121951219513 0.18471337579617836 0.015243902439024392 0.3694267515923567
105 0.8079268292682927 0.15605095541401276 0.01829268292682927 0.27388535031847133
39 0.8333333333333334 0.18471337579617836 0.014227642276422765 0.3694267515923567
72 0.8663617886178863 0.5828025477707006 0.011178861788617888 0.15923566878980894
83 0.9110772357723578 0.4394904458598726 0.03353658536585366 0.267515923566879
39 0.9456300813008132 0.4171974522292994 0.017276422764227643 0.5414012738853503
24 0.9842479674796749 0.4171974522292994 0.027439024390243906 0.5414012738853503
