168 0.021577380952380952 0.5 0.043154761904761904 0.46987951807228917
145 0.06696428571428571 0.674698795180723 0.02976190476190476 0.3614457831325301
20 0.125 0.5 0.03273809523809523 0.9518072289156627
64 0.18080357142857142 0.5 0.043154761904761904 0.46987951807228917
39 0.23586309523809523 0.49397590361445787 0.03125 0.9397590361445783
84 0.3675595238095238 0.4819277108433735 0.11309523809523808 0.1927710843373494
168 0.4821428571428571 0.5 0.041666666666666664 0.46987951807228917
158 0.5230654761904762 0.1566265060240964 0.025297619047619048 0.3132530120481928
195 0.5572916666666666 0.6867469879518072 0.03125 0.3614457831325301
20 0.6153273809523809 0.5 0.03125 0.9518072289156627
64 0.6726190476190476 0.5 0.041666666666666664 0.46987951807228917
39 0.7269345238095237 0.47590361445783136 0.03125 0.9277108433734941
84 0.8511904761904762 0.5 0.11309523809523808 0.20481927710843376
211 0.9717261904761905 0.391566265060241 0.050595238095238096 0.6626506024096386
