166 0.016028955532574975 0.6198979591836734 0.03205791106514995 0.23979591836734693
126 0.057394002068252334 0.6275510204081632 0.04446742502585316 0.13265306122448978
84 0.1452947259565667 0.5433673469387754 0.07962771458117891 0.08673469387755102
128 0.2549120992761117 0.5331632653061225 0.08583247156153051 0.03571428571428571
20 0.34177869700103414 0.5280612244897959 0.02171664943123061 0.40306122448979587
195 0.3831437435367115 0.4846938775510204 0.03412616339193382 0.2857142857142857
154 0.42605997931747674 0.5535714285714285 0.04343329886246122 0.14795918367346939
105 0.46277145811789044 0.471938775510204 0.023784901758014478 0.3010204081632653
39 0.4958634953464323 0.5153061224489796 0.02171664943123061 0.39795918367346933
128 0.5351602895553258 0.4311224489795918 0.02585315408479835 0.02551020408163265
145 0.5651499482936919 0.41326530612244894 0.02171664943123061 0.1530612244897959
142 0.6613236814891418 0.4948979591836734 0.08376421923474664 0.9897959183673468
116 0.6928645294725957 0.8418367346938774 0.02895553257497415 0.21428571428571427
126 0.7306101344364013 0.9107142857142856 0.03619441571871768 0.10714285714285714
89 0.7611168562564633 0.5025510204081632 0.033092037228541885 0.39285714285714285
57 0.7942088934850052 0.5714285714285714 0.022750775594622547 0.18367346938775508
20 0.8335056876938988 0.5127551020408163 0.022750775594622547 0.40306122448979587
115 0.8686659772492245 0.4540816326530612 0.01861427094105481 0.29591836734693877
39 0.9012409513960704 0.49999999999999994 0.02171664943123061 0.39795918367346933
75 0.9519131334022751 0.45153061224489793 0.040330920372285424 0.29081632653061223
115 0.9875904860392969 0.44897959183673464 0.020682523267838676 0.3061224489795918
