160 0.02962962962962963 0.49019607843137253 0.05925925925925926 0.9019607843137255
20 0.08148148148148149 0.45098039215686275 0.02962962962962963 0.9019607843137255
186 0.12222222222222223 0.4411764705882353 0.02962962962962963 0.6470588235294118
128 0.19722222222222224 0.43137254901960786 0.05740740740740741 0.11764705882352941
95 0.28055555555555556 0.6078431372549019 0.05 0.7058823529411764
190 0.2916666666666667 0.08823529411764705 0.031481481481481485 0.13725490196078433
145 0.32685185185185184 0.6764705882352942 0.012962962962962964 0.45098039215686275
20 0.35833333333333334 0.46078431372549017 0.02777777777777778 0.9215686274509803
209 0.4046296296296297 0.5980392156862745 0.04259259259259259 0.6862745098039216
39 0.4537037037037037 0.4803921568627451 0.02962962962962963 0.9215686274509803
39 0.48888888888888893 0.46078431372549017 0.02592592592592593 0.9215686274509803
84 0.5638888888888889 0.4215686274509804 0.061111111111111116 0.29411764705882354
186 0.6481481481481481 0.4411764705882353 0.02962962962962963 0.6470588235294118
128 0.725925925925926 0.43137254901960786 0.05925925925925926 0.11764705882352941
95 0.8092592592592593 0.5980392156862745 0.05185185185185186 0.7254901960784313
190 0.8203703703703704 0.09803921568627451 0.03333333333333333 0.11764705882352941
145 0.8546296296296296 0.696078431372549 0.012962962962962964 0.45098039215686275
20 0.8861111111111112 0.47058823529411764 0.02777777777777778 0.9019607843137255
209 0.9333333333333333 0.6078431372549019 0.044444444444444446 0.6666666666666666
39 0.9824074074074074 0.47058823529411764 0.02777777777777778 0.9019607843137255
