3 0.05856832971800434 0.35555555555555557 0.11713665943600868 0.6444444444444445
84 0.21258134490238612 0.4166666666666667 0.12147505422993493 0.2111111111111111
23 0.3492407809110629 0.4277777777777778 0.05206073752711497 0.8555555555555556
57 0.4316702819956616 0.35000000000000003 0.07375271149674621 0.6777777777777778
20 0.5227765726681128 0.43333333333333335 0.039045553145336226 0.8444444444444444
80 0.5878524945770065 0.46111111111111114 0.06941431670281996 0.43333333333333335
105 0.6464208242950109 0.6666666666666667 0.026030368763557486 0.4
72 0.7028199566160521 0.7055555555555556 0.026030368763557486 0.23333333333333334
80 0.806941431670282 0.47222222222222227 0.06941431670281996 0.43333333333333335
112 0.8579175704989154 0.7277777777777779 0.049891540130151846 0.5
39 0.9088937093275489 0.45 0.039045553145336226 0.8555555555555556
24 0.9696312364425163 0.4444444444444445 0.05206073752711497 0.8666666666666667
