15 0.011411665257819103 0.42035398230088494 0.022823330515638205 0.504424778761062
126 0.05029585798816568 0.5088495575221239 0.049873203719357564 0.34513274336283184
20 0.0879120879120879 0.5 0.018596787827557058 0.6460176991150443
45 0.12087912087912087 0.42920353982300885 0.03888419273034657 0.504424778761062
163 0.15173288250211325 0.504424778761062 0.022823330515638205 0.33628318584070793
39 0.17455621301775148 0.49557522123893805 0.016060862214708368 0.6371681415929203
178 0.23795435333896872 0.48672566371681414 0.044801352493660185 0.46017699115044247
149 0.30177514792899407 0.5929203539823009 0.04057480980557904 0.5132743362831859
56 0.33643279797125947 0.2743362831858407 0.018596787827557058 0.21238938053097345
6 0.3854606931530008 0.4247787610619469 0.042265426880811495 0.5309734513274336
145 0.42011834319526625 0.42035398230088494 0.013524936601859678 0.5221238938053098
20 0.4416737109044801 0.49557522123893805 0.019442096365173286 0.6548672566371682
50 0.47337278106508873 0.4247787610619469 0.05071851225697379 0.5132743362831859
39 0.5088757396449703 0.4911504424778761 0.018596787827557058 0.6637168141592921
178 0.573541842772612 0.4823008849557522 0.04649196956889264 0.4690265486725664
15 0.6365173288250211 0.4247787610619469 0.018596787827557058 0.5132743362831859
130 0.6652578191039729 0.504424778761062 0.032121724429416736 0.35398230088495575
200 0.7003381234150464 0.49557522123893805 0.0312764158918005 0.33628318584070793
12 0.7362637362637362 0.6150442477876106 0.032121724429416736 0.3805309734513274
20 0.7751479289940828 0.48672566371681414 0.021978021978021976 0.9734513274336283
6 0.8110735418427726 0.4247787610619469 0.04311073541842772 0.5309734513274336
145 0.8453085376162299 0.42035398230088494 0.013524936601859678 0.5221238938053098
20 0.8672865595942518 0.49557522123893805 0.018596787827557058 0.6548672566371682
50 0.9015215553677092 0.4336283185840708 0.054945054945054944 0.5132743362831859
18 0.9336432797971259 0.6150442477876106 0.022823330515638205 0.36283185840707965
39 0.9628064243448858 0.5 0.018596787827557058 0.6637168141592921
39 0.9881656804733727 0.5 0.02028740490278952 0.9646017699115044
