168 0.013748854262144821 0.5087719298245614 0.027497708524289642 0.23391812865497075
112 0.03803849679193401 0.6052631578947368 0.01924839596700275 0.2631578947368421
20 0.07057745187901009 0.5116959064327485 0.02016498625114574 0.47368421052631576
207 0.10907424381301559 0.5204678362573099 0.03666361136571952 0.2222222222222222
155 0.18148487626031165 0.5175438596491228 0.06599450045829515 0.4269005847953216
145 0.25802016498625113 0.4678362573099415 0.02841429880843263 0.32748538011695905
72 0.2864344637946838 0.6403508771929824 0.015582034830430799 0.15789473684210525
115 0.32859761686526123 0.45906432748538006 0.017415215398716773 0.34502923976608185
39 0.35747021081576535 0.5058479532163742 0.02016498625114574 0.4619883040935672
84 0.4381301558203483 0.5087719298245614 0.07149404216315307 0.10526315789473684
113 0.49954170485792854 0.8888888888888888 0.021998166819431716 0.19883040935672514
182 0.5279560036663612 0.4853801169590643 0.05866177818515124 0.4444444444444444
84 0.5256645279560037 0.9035087719298245 0.021081576535288728 0.09941520467836257
195 0.5279560036663612 0.09064327485380116 0.02016498625114574 0.18128654970760233
145 0.5522456461961504 0.9035087719298245 0.017415215398716773 0.1695906432748538
101 0.5999083409715857 0.4473684210526315 0.033913840513290563 0.34502923976608185
112 0.6296975252062328 0.6023391812865497 0.01833180568285976 0.2573099415204678
113 0.654903758020165 0.5789473684210527 0.02474793767186068 0.21052631578947367
20 0.6906507791017416 0.5116959064327485 0.01924839596700275 0.4619883040935672
115 0.7213565536205316 0.45906432748538006 0.01833180568285976 0.34502923976608185
39 0.7506874427131073 0.5 0.02016498625114574 0.4619883040935672
168 0.7864344637946838 0.5116959064327485 0.025664527956003668 0.22807017543859648
113 0.8171402383134739 0.587719298245614 0.02474793767186068 0.2046783625730994
20 0.8533455545371219 0.5146198830409356 0.02016498625114574 0.4678362573099415
207 0.8904674610449129 0.5146198830409356 0.035747021081576534 0.2222222222222222
72 0.9175068744271311 0.6432748538011696 0.01466544454628781 0.15204678362573099
115 0.9596700274977086 0.4619883040935672 0.016498625114573787 0.3391812865497076
39 0.9890009165902842 0.5146198830409356 0.01833180568285976 0.45614035087719296
