126 0.012325116588940706 0.8925000000000001 0.02465023317788141 0.125
182 0.04696868754163891 0.43 0.04197201865423052 0.41000000000000003
109 0.04696868754163891 0.0775 0.03131245836109261 0.145
84 0.04730179880079947 0.8625 0.022651565622918056 0.085
211 0.07828114590273151 0.865 0.019320453031312457 0.19
75 0.1335776149233844 0.4475 0.02731512325116589 0.305
126 0.16222518321119253 0.6175 0.02598267821452365 0.125
210 0.18954030646235842 0.5 0.021985343104596936 0.19
126 0.2161892071952032 0.34500000000000003 0.02465023317788141 0.13
84 0.2631578947368421 0.485 0.03597601598934044 0.11
159 0.33077948034643573 0.48 0.052631578947368425 0.47000000000000003
149 0.3284477015323118 0.9025 0.019986675549633577 0.17500000000000002
20 0.3987341772151899 0.4925 0.021985343104596936 0.9450000000000001
145 0.4233844103930713 0.4425 0.01798800799467022 0.295
128 0.47668221185876086 0.47500000000000003 0.03664223850766156 0.04
149 0.5299800133244503 0.795 0.02864756828780813 0.28
94 0.5426382411725517 0.4825 0.05396402398401066 0.035
145 0.5379746835443038 0.1675 0.01798800799467022 0.305
195 0.5572951365756162 0.635 0.01798800799467022 0.19
39 0.580946035976016 0.47750000000000004 0.021319120586275817 0.9450000000000001
20 0.6515656229180546 0.49 0.023984010659560295 0.9400000000000001
145 0.6775483011325782 0.4375 0.018654230512991338 0.295
155 0.7365089940039974 0.47500000000000003 0.03264490339773484 0.24
94 0.8804130579613592 0.48 0.19120586275816123 0.04
149 0.8021319120586275 0.79 0.02798134576948701 0.28
195 0.8294470353097935 0.65 0.017321785476349102 0.18
128 0.8804130579613592 0.74 0.0379746835443038 0.04
210 0.8810792804796802 0.215 0.02465023317788141 0.19
210 0.9343770819453697 0.75 0.023317788141239176 0.19
195 0.9613590939373751 0.645 0.018654230512991338 0.19
39 0.9876748834110594 0.47000000000000003 0.021985343104596936 0.9400000000000001
