20 0.010940919037199124 0.48765432098765427 0.02188183807439825 0.9506172839506173
22 0.06892778993435449 0.3950617283950617 0.08971553610503281 0.7160493827160493
72 0.1263676148796499 0.7716049382716049 0.014223194748358862 0.2839506172839506
188 0.18161925601750548 0.38271604938271603 0.04157549234135667 0.7654320987654321
39 0.21717724288840262 0.48765432098765427 0.022975929978118162 0.9506172839506173
146 0.28501094091903717 0.48765432098765427 0.0711159737417943 0.8024691358024691
20 0.3533916849015317 0.48765432098765427 0.02188183807439825 0.9506172839506173
22 0.4108315098468271 0.3950617283950617 0.08643326039387308 0.7160493827160493
72 0.4655361050328227 0.7777777777777777 0.014223194748358862 0.2716049382716049
128 0.5415754923413566 0.49382716049382713 0.05908096280087527 0.07407407407407407
188 0.612144420131291 0.38888888888888884 0.04048140043763676 0.7530864197530864
39 0.6477024070021882 0.5 0.02188183807439825 0.9506172839506173
73 0.7056892778993435 0.5 0.061269146608315096 0.6049382716049383
14 0.787746170678337 0.4074074074074074 0.0700218818380744 0.7160493827160493
20 0.8429978118161925 0.5 0.020787746170678335 0.9506172839506173
22 0.9009846827133479 0.4074074074074074 0.0886214442013129 0.7160493827160493
39 0.9606126914660831 0.5 0.02188183807439825 0.9506172839506173
71 0.9917943107221007 0.5123456790123456 0.012035010940919036 0.5061728395061729
