149 0.04054054054054054 0.6038961038961039 0.08108108108108109 0.7142857142857143
84 0.17398648648648649 0.4740259740259741 0.08783783783783784 0.27272727272727276
149 0.28716216216216217 0.6038961038961039 0.07770270270270271 0.7142857142857143
158 0.34966216216216217 0.14285714285714288 0.02027027027027027 0.28571428571428575
155 0.4408783783783784 0.4740259740259741 0.09121621621621623 0.6883116883116883
42 0.5675675675675675 0.38311688311688313 0.08108108108108109 0.7402597402597403
205 0.6858108108108109 0.5064935064935066 0.08108108108108109 0.5194805194805195
163 0.7440878378378378 0.8051948051948052 0.0320945945945946 0.3116883116883117
95 0.8192567567567568 0.6038961038961039 0.07094594594594594 0.7142857142857143
163 0.8716216216216217 0.8116883116883118 0.030405405405405407 0.29870129870129875
186 0.9366554054054055 0.4415584415584416 0.03547297297297297 0.6233766233766234
130 0.977195945945946 0.8116883116883118 0.03885135135135136 0.3246753246753247
