15 0.02206494587843464 0.5163043478260869 0.04412989175686928 0.8152173913043478
23 0.06328059950041633 0.5217391304347826 0.019983347210657785 0.8478260869565217
3 0.10366361365528726 0.42391304347826086 0.04412989175686928 0.6304347826086957
20 0.14862614487926729 0.5380434782608695 0.017485428809325562 0.858695652173913
113 0.18401332223147376 0.42391304347826086 0.02997502081598668 0.6086956521739131
39 0.2177352206494588 0.5108695652173912 0.017485428809325562 0.8478260869565217
176 0.25603663613655286 0.5434782608695652 0.032472939217318905 0.8043478260869565
0 0.29766860949208995 0.4293478260869565 0.04412989175686928 0.6413043478260869
20 0.3447127393838468 0.5380434782608695 0.018318068276436304 0.858695652173913
113 0.3805162364696087 0.41304347826086957 0.02997502081598668 0.6304347826086957
39 0.4138218151540383 0.5108695652173912 0.018318068276436304 0.8478260869565217
24 0.45170691090757703 0.5108695652173912 0.020815986677768527 0.8478260869565217
84 0.5216486261448793 0.5217391304347826 0.06411323896752706 0.19565217391304346
128 0.6086594504579518 0.5271739130434783 0.06994171523730225 0.07608695652173914
113 0.6794338051623647 0.40217391304347827 0.02997502081598668 0.6304347826086957
176 0.7139883430474605 0.5108695652173912 0.029142381348875937 0.7826086956521738
204 0.7439633638634472 0.4945652173913043 0.004163197335553705 0.967391304347826
0 0.7980849292256453 0.4076086956521739 0.04412989175686928 0.6195652173913043
20 0.8447127393838468 0.5217391304347826 0.017485428809325562 0.8478260869565217
113 0.880932556203164 0.40217391304347827 0.02997502081598668 0.6304347826086957
39 0.9142381348875936 0.5 0.018318068276436304 0.8478260869565217
204 0.9475437135720234 0.4891304347826087 0.004995836802664446 0.9782608695652174
195 0.9891756869275604 0.2717391304347826 0.018318068276436304 0.32608695652173914
