204 0.007918552036199096 0.545 0.015837104072398193 0.87
50 0.11425339366515838 0.47500000000000003 0.14253393665158373 0.59
204 0.22624434389140274 0.545 0.013574660633484163 0.87
121 0.39366515837104077 0.505 0.10407239819004525 0.55
195 0.579185520361991 0.455 0.08597285067873305 0.61
204 0.6414027149321267 0.275 0.011312217194570137 0.55
35 0.7217194570135748 0.215 0.1085972850678733 0.43
20 0.7952488687782806 0.28 0.038461538461538464 0.5
50 0.8687782805429864 0.225 0.09502262443438915 0.39
39 0.9513574660633485 0.28500000000000003 0.038461538461538464 0.49
204 0.9898190045248869 0.28 0.011312217194570137 0.56
