205 0.011071744906997343 0.5489130434782609 0.022143489813994686 0.44565217391304346
145 0.03055801594331267 0.7608695652173912 0.009743135518157663 0.3913043478260869
20 0.04760850310008857 0.5271739130434783 0.011071744906997343 0.8369565217391304
207 0.06355181576616475 0.5380434782608695 0.01904340124003543 0.44565217391304346
130 0.07905225863596103 0.8152173913043478 0.011071744906997343 0.2826086956521739
155 0.09676705048715678 0.7445652173913043 0.013728963684676706 0.3804347826086956
145 0.11647475642161205 0.7554347826086957 0.008857395925597875 0.40217391304347827
39 0.12865367581930912 0.5217391304347826 0.010186005314437556 0.8260869565217391
205 0.15389725420726308 0.5434782608695652 0.021700620017714792 0.43478260869565216
145 0.1729406554472985 0.75 0.00841452612931798 0.3913043478260869
20 0.18932683790965457 0.5271739130434783 0.011071744906997343 0.8369565217391304
207 0.20504871567759078 0.5434782608695652 0.019486271036315325 0.43478260869565216
130 0.22077059344552702 0.8152173913043478 0.010186005314437556 0.2826086956521739
155 0.23892825509300267 0.7554347826086957 0.014614703277236492 0.3804347826086956
145 0.2595217006200177 0.75 0.008857395925597875 0.3913043478260869
207 0.2829937998228521 0.5489130434782609 0.019486271036315325 0.42391304347826086
130 0.2987156775907883 0.8206521739130435 0.011071744906997343 0.2717391304347826
39 0.31067316209034546 0.5217391304347826 0.010186005314437556 0.8260869565217391
128 0.32927369353410096 0.20652173913043478 0.014614703277236492 0.06521739130434782
145 0.3489813994685563 0.19565217391304346 0.008857395925597875 0.3913043478260869
205 0.37023914968999116 0.5489130434782609 0.022143489813994686 0.42391304347826086
195 0.38950398582816653 0.75 0.011957484499557131 0.3913043478260869
20 0.40699734278122235 0.5271739130434783 0.010628875110717449 0.8369565217391304
207 0.42294065544729853 0.5489130434782609 0.019486271036315325 0.42391304347826086
130 0.43866253321523474 0.8152173913043478 0.010186005314437556 0.2826086956521739
155 0.45726306465899025 0.7608695652173912 0.014614703277236492 0.3695652173913043
145 0.4771922054915855 0.7608695652173912 0.00841452612931798 0.3913043478260869
207 0.5006643046944198 0.5543478260869565 0.01904340124003543 0.43478260869565216
130 0.5157218777679362 0.8315217391304348 0.010186005314437556 0.2717391304347826
39 0.5274579273693534 0.532608695652174 0.010628875110717449 0.8260869565217391
84 0.5571302037201064 0.5380434782608695 0.023029229406554472 0.20652173913043478
196 0.5907883082373783 0.5706521739130435 0.01682905225863596 0.42391304347826086
145 0.6076173604960142 0.7663043478260869 0.008857395925597875 0.3804347826086956
20 0.6244464127546502 0.5489130434782609 0.010628875110717449 0.8369565217391304
207 0.6399468556244464 0.5652173913043478 0.019486271036315325 0.43478260869565216
130 0.6556687333923826 0.8369565217391304 0.010186005314437556 0.2826086956521739
155 0.6733835252435784 0.7771739130434783 0.014614703277236492 0.3804347826086956
145 0.6935341009743136 0.7771739130434783 0.008857395925597875 0.3804347826086956
39 0.7061558901682905 0.5380434782608695 0.010186005314437556 0.8369565217391304
64 0.7194419840566874 0.2934782608695652 0.010186005314437556 0.2826086956521739
145 0.7316209034543845 0.40217391304347827 0.006200177147918512 0.2826086956521739
119 0.7606288751107174 0.733695652173913 0.027900797165633304 0.11956521739130435
196 0.7945084145261293 0.5815217391304348 0.01682905225863596 0.42391304347826086
113 0.8086802480070859 0.7826086956521738 0.010628875110717449 0.3913043478260869
20 0.8237378210806023 0.5489130434782609 0.010628875110717449 0.858695652173913
207 0.8394596988485385 0.5760869565217391 0.019929140832595216 0.43478260869565216
130 0.8549601417183348 0.842391304347826 0.010186005314437556 0.2717391304347826
155 0.8731178033658105 0.7717391304347826 0.014614703277236492 0.3695652173913043
145 0.8937112488928255 0.7826086956521738 0.008857395925597875 0.3913043478260869
39 0.9065544729849424 0.5489130434782609 0.010628875110717449 0.8369565217391304
64 0.9198405668733393 0.27717391304347827 0.009743135518157663 0.2717391304347826
113 0.9322409211691763 0.43478260869565216 0.011514614703277236 0.2826086956521739
119 0.9563773250664305 0.733695652173913 0.027900797165633304 0.11956521739130435
200 0.9920283436669619 0.5706521739130435 0.0141718334809566 0.42391304347826086
