113 0.03125 0.29508196721311475 0.0625 0.5081967213114754
7 0.11148648648648649 0.6434426229508197 0.08108108108108109 0.3524590163934426
211 0.18243243243243246 0.8606557377049181 0.037162162162162164 0.24590163934426232
20 0.18074324324324326 0.4713114754098361 0.016891891891891893 0.33606557377049184
211 0.22550675675675677 0.45081967213114754 0.03885135135135136 0.24590163934426232
39 0.27280405405405406 0.4672131147540984 0.015202702702702704 0.3114754098360656
20 0.33699324324324326 0.3524590163934426 0.0320945945945946 0.6885245901639344
149 0.3961148648648649 0.4426229508196722 0.06925675675675676 0.45901639344262296
211 0.4628378378378379 0.4672131147540984 0.0472972972972973 0.3442622950819672
72 0.5194256756756757 0.5614754098360656 0.018581081081081082 0.20491803278688525
161 0.5954391891891893 0.43852459016393447 0.05574324324324324 0.45081967213114754
211 0.6537162162162162 0.4672131147540984 0.0472972972972973 0.3442622950819672
39 0.7145270270270271 0.3442622950819672 0.030405405405405407 0.6885245901639344
135 0.8378378378378379 0.3155737704918033 0.09121621621621623 0.5819672131147541
211 0.9662162162162162 0.29508196721311475 0.060810810810810814 0.49180327868852464
