64 0.034584980237154145 0.5 0.06916996047430829 0.4623655913978495
145 0.10968379446640315 0.7634408602150539 0.037549407114624504 0.4301075268817205
84 0.266798418972332 0.435483870967742 0.10276679841897232 0.24731182795698928
64 0.4130434782608695 0.467741935483871 0.06719367588932806 0.4408602150537635
145 0.4841897233201581 0.7419354838709677 0.035573122529644265 0.4301075268817205
20 0.5662055335968379 0.41935483870967744 0.04940711462450593 0.8387096774193549
163 0.6225296442687747 0.4516129032258065 0.06324110671936758 0.4301075268817205
39 0.674901185770751 0.42473118279569894 0.04940711462450593 0.8279569892473119
100 0.8162055335968379 0.37634408602150543 0.11462450592885375 0.6236559139784946
189 0.9634387351778656 0.3548387096774194 0.06521739130434782 0.6236559139784946
