41 0.017452830188679245 0.38125000000000003 0.03490566037735849 0.7375
149 0.060849056603773585 0.6062500000000001 0.038679245283018866 0.7125
105 0.09339622641509435 0.36875 0.01509433962264151 0.7375
130 0.1240566037735849 0.5 0.03679245283018868 0.5
20 0.1669811320754717 0.47500000000000003 0.016981132075471698 0.9500000000000001
17 0.2108490566037736 0.39375000000000004 0.06132075471698113 0.7125
72 0.25330188679245286 0.775 0.010377358490566037 0.25
89 0.3009433962264151 0.48750000000000004 0.04716981132075472 0.9500000000000001
39 0.33962264150943394 0.48750000000000004 0.018867924528301886 0.9500000000000001
73 0.389622641509434 0.5 0.0509433962264151 0.6000000000000001
41 0.45 0.39375000000000004 0.03773584905660377 0.7375
18 0.4957547169811321 0.40625 0.046226415094339626 0.7125
195 0.5386792452830189 0.75 0.024528301886792454 0.45
20 0.5768867924528301 0.48750000000000004 0.017924528301886792 0.9500000000000001
17 0.6202830188679246 0.40625 0.06132075471698113 0.7125
39 0.6641509433962264 0.48750000000000004 0.018867924528301886 0.9500000000000001
191 0.7136792452830188 0.49375 0.03679245283018868 0.48750000000000004
41 0.7735849056603774 0.4 0.03773584905660377 0.7250000000000001
18 0.819811320754717 0.40625 0.04716981132075472 0.7125
195 0.8632075471698113 0.75 0.024528301886792454 0.45
20 0.9028301886792452 0.48750000000000004 0.018867924528301886 0.9500000000000001
17 0.9462264150943396 0.41250000000000003 0.06037735849056604 0.7250000000000001
39 0.989622641509434 0.5 0.016981132075471698 0.9500000000000001
