17 0.0480225988700565 0.391566265060241 0.096045197740113 0.710843373493976
211 0.11581920903954802 0.746987951807229 0.03389830508474576 0.43373493975903615
36 0.23022598870056496 0.5903614457831325 0.11581920903954802 0.28915662650602414
14 0.3693502824858757 0.3795180722891566 0.08615819209039548 0.6867469879518072
141 0.4456214689265537 0.4819277108433735 0.052259887005649715 0.5060240963855422
126 0.5247175141242938 0.47590361445783136 0.09745762711864407 0.49397590361445787
20 0.6108757062146892 0.5180722891566265 0.02401129943502825 0.8915662650602411
17 0.6744350282485876 0.4036144578313253 0.09463276836158192 0.6867469879518072
211 0.7401129943502824 0.7349397590361446 0.03672316384180791 0.45783132530120485
158 0.7415254237288136 0.13855421686746988 0.019774011299435026 0.27710843373493976
72 0.7782485875706214 0.7590361445783133 0.01694915254237288 0.26506024096385544
17 0.876412429378531 0.4036144578313253 0.10028248587570622 0.710843373493976
211 0.9470338983050848 0.7650602409638555 0.03248587570621469 0.42168674698795183
39 0.9844632768361582 0.5120481927710844 0.025423728813559324 0.8795180722891567
