89 0.04638364779874214 0.5059523809523809 0.09276729559748428 0.9404761904761905
56 0.13286163522012578 0.26785714285714285 0.055031446540880505 0.46428571428571425
20 0.19339622641509435 0.4464285714285714 0.03459119496855346 0.8928571428571428
17 0.26572327044025157 0.40476190476190477 0.11320754716981132 0.7142857142857142
195 0.34433962264150947 0.625 0.03459119496855346 0.44047619047619047
158 0.39937106918238996 0.1845238095238095 0.022012578616352203 0.2738095238095238
39 0.45440251572327045 0.45238095238095233 0.03459119496855346 0.8809523809523809
66 0.5212264150943396 0.4821428571428571 0.020440251572327046 0.13095238095238093
7 0.6124213836477987 0.40476190476190477 0.10220125786163523 0.7142857142857142
145 0.6949685534591196 0.6369047619047619 0.022012578616352203 0.41666666666666663
84 0.8278301886792453 0.38095238095238093 0.0959119496855346 0.30952380952380953
211 0.9669811320754718 0.41666666666666663 0.059748427672955975 0.738095238095238
