31 0.025252525252525252 0.3888888888888889 0.050505050505050504 0.6888888888888889
145 0.07474747474747474 0.65 0.0202020202020202 0.45555555555555555
204 0.10757575757575757 0.4777777777777778 0.00505050505050505 0.9555555555555556
8 0.15404040404040403 0.38333333333333336 0.0595959595959596 0.7000000000000001
163 0.20404040404040405 0.7111111111111111 0.026262626262626262 0.3111111111111111
191 0.2722222222222222 0.48333333333333334 0.04141414141414142 0.4777777777777778
23 0.3414141414141414 0.48333333333333334 0.028282828282828285 0.9666666666666667
211 0.38232323232323234 0.4166666666666667 0.03737373737373737 0.6777777777777778
24 0.42424242424242425 0.48333333333333334 0.028282828282828285 0.9666666666666667
84 0.502020202020202 0.49444444444444446 0.05454545454545454 0.2555555555555556
105 0.5702020202020202 0.40555555555555556 0.01717171717171717 0.6777777777777778
75 0.6045454545454545 0.4 0.04141414141414142 0.6888888888888889
8 0.657070707070707 0.6444444444444445 0.047474747474747475 0.48888888888888893
163 0.7 0.8611111111111112 0.0202020202020202 0.2111111111111111
191 0.7691919191919192 0.5 0.04141414141414142 0.48888888888888893
201 0.8474747474747475 0.6222222222222222 0.052525252525252523 0.6222222222222222
204 0.8888888888888888 0.49444444444444446 0.006060606060606061 0.9666666666666667
8 0.9353535353535354 0.41111111111111115 0.06060606060606061 0.6888888888888889
163 0.9853535353535353 0.7388888888888889 0.025252525252525252 0.32222222222222224
