54 0.035765379113018594 0.49358974358974356 0.07153075822603719 0.5256410256410257
84 0.15164520743919885 0.4551282051282051 0.08011444921316166 0.2948717948717949
20 0.2532188841201717 0.48717948717948717 0.034334763948497854 0.9743589743589743
53 0.3011444921316166 0.5128205128205128 0.055793991416309016 0.5128205128205128
145 0.3512160228898426 0.6474358974358975 0.01859799713876967 0.5256410256410257
72 0.39413447782546496 0.7884615384615384 0.02145922746781116 0.2948717948717949
119 0.49213161659513593 0.7051282051282051 0.11444921316165951 0.1282051282051282
72 0.592274678111588 0.782051282051282 0.020028612303290415 0.28205128205128205
53 0.65379113018598 0.5128205128205128 0.05436337625178827 0.5128205128205128
130 0.7052932761087267 0.7371794871794871 0.03719599427753934 0.34615384615384615
39 0.7525035765379113 0.49358974358974356 0.034334763948497854 0.9615384615384615
108 0.8476394849785408 0.4807692307692307 0.06437768240343347 0.6794871794871795
10 0.957796852646638 0.40384615384615385 0.07868383404864092 0.7564102564102564
