7 0.04387186629526462 0.478494623655914 0.08774373259052924 0.6559139784946237
20 0.11281337047353761 0.3064516129032258 0.019498607242339833 0.6129032258064516
113 0.15877437325905291 0.2688172043010753 0.03899721448467967 0.4516129032258065
39 0.201949860724234 0.32258064516129037 0.019498607242339833 0.6236559139784946
72 0.24582172701949861 0.8440860215053764 0.01532033426183844 0.2688172043010753
145 0.3370473537604457 0.5053763440860215 0.03899721448467967 0.6236559139784946
121 0.4415041782729805 0.5860215053763441 0.06963788300835655 0.7204301075268817
113 0.5522284122562674 0.48924731182795705 0.054317548746518104 0.6559139784946237
121 0.6608635097493036 0.5860215053763441 0.06824512534818941 0.7204301075268817
130 0.7722841225626741 0.6129032258064516 0.05988857938718663 0.40860215053763443
128 0.8795264623955432 0.5752688172043011 0.06824512534818941 0.05376344086021506
145 0.979108635097493 0.5053763440860215 0.036211699164345405 0.6236559139784946
