20 0.004539826661163847 0.48684210526315785 0.009079653322327694 0.43859649122807015
45 0.028477094510936857 0.46929824561403505 0.02393726784977301 0.2807017543859649
20 0.047255468427569135 0.48684210526315785 0.009492364836978953 0.4298245614035088
126 0.07181180354931903 0.5153508771929824 0.02723895996698308 0.18859649122807015
39 0.0976062732150227 0.4890350877192982 0.009492364836978953 0.42543859649122806
153 0.12113082955014445 0.5219298245614035 0.0210482872472142 0.32456140350877194
39 0.14300453982666117 0.48245614035087714 0.009492364836978953 0.43859649122807015
20 0.15910028889806027 0.48684210526315785 0.009492364836978953 0.4298245614035088
207 0.17911679735864633 0.5175438596491228 0.018159306644655388 0.19298245614035087
39 0.199339661576558 0.4846491228070175 0.009079653322327694 0.42543859649122806
84 0.23132480396203056 0.48245614035087714 0.022699133305819234 0.08771929824561403
188 0.26764341725134133 0.4605263157894737 0.016095749071399094 0.2982456140350877
20 0.28745356995460175 0.4846491228070175 0.009492364836978953 0.42543859649122806
186 0.3041683862979777 0.4890350877192982 0.009079653322327694 0.2324561403508772
39 0.32047049112670245 0.48684210526315785 0.009492364836978953 0.4298245614035088
168 0.3386297977713578 0.5153508771929824 0.01361947998349154 0.18859649122807015
20 0.35678910441601325 0.4846491228070175 0.009492364836978953 0.42543859649122806
126 0.38237721832439125 0.5109649122807017 0.02765167148163434 0.18859649122807015
39 0.4077589764754437 0.4846491228070175 0.009905076351630212 0.42543859649122806
59 0.4294263309946348 0.4956140350877193 0.0210482872472142 0.3771929824561403
20 0.4510936855138259 0.48245614035087714 0.009905076351630212 0.4298245614035088
126 0.4766817994222039 0.5153508771929824 0.026413536937680563 0.18859649122807015
145 0.4991745769706975 0.6184210526315789 0.008666941807676435 0.17543859649122806
72 0.512794056954189 0.6206140350877193 0.0053652496904663645 0.10964912280701754
126 0.5412711514651259 0.5109649122807017 0.026826248452331822 0.18859649122807015
195 0.566859265373504 0.6162280701754386 0.011143210895583988 0.17982456140350878
39 0.5833677259595543 0.4890350877192982 0.009492364836978953 0.42543859649122806
94 0.6564176640528271 0.48245614035087714 0.11762278167560876 0.02631578947368421
114 0.6097812628972349 0.7938596491228069 0.016095749071399094 0.17543859649122806
114 0.627527858027239 0.24342105263157893 0.015270326042096575 0.17982456140350878
20 0.6291787040858441 0.7653508771929824 0.01031778786628147 0.42543859649122806
86 0.6496079240610814 0.8333333333333333 0.01733388361535287 0.2543859649122807
20 0.6467189434585225 0.2149122807017544 0.009905076351630212 0.4298245614035088
86 0.6673545191910855 0.28289473684210525 0.01733388361535287 0.2587719298245614
25 0.6721007016095749 0.9013157894736842 0.018572018159306647 0.17982456140350878
53 0.6871646718943459 0.9276315789473684 0.010730499380932729 0.11842105263157894
39 0.6867519603796947 0.21271929824561403 0.009079653322327694 0.42543859649122806
39 0.7038794882377218 0.7653508771929824 0.009492364836978953 0.42543859649122806
204 0.7234832851836567 0.5197368421052632 0.002476269087907553 0.3640350877192982
25 0.7449442839455221 0.46929824561403505 0.029715229054890633 0.2807017543859649
53 0.7686751960379695 0.5153508771929824 0.01774659513000413 0.18859649122807015
204 0.7849773008666943 0.5175438596491228 0.002476269087907553 0.3684210526315789
145 0.795707800247627 0.35526315789473684 0.009079653322327694 0.17543859649122806
176 0.8111844820470492 0.38596491228070173 0.015270326042096575 0.23684210526315788
195 0.8258357408171688 0.35526315789473684 0.010730499380932729 0.17543859649122806
153 0.841312422616591 0.5197368421052632 0.018572018159306647 0.3201754385964912
20 0.8627734213784565 0.4846491228070175 0.009492364836978953 0.42543859649122806
207 0.8832026413536939 0.513157894736842 0.018984729673957906 0.18421052631578946
53 0.9032191498142799 0.5109649122807017 0.016921172100701612 0.18859649122807015
195 0.9236483697895171 0.3508771929824561 0.010730499380932729 0.17543859649122806
53 0.9387123400742882 0.5109649122807017 0.016921172100701612 0.18859649122807015
128 0.9597606273215024 0.375 0.011968633924886505 0.021929824561403508
172 0.9775072224515065 0.37938596491228066 0.011143210895583988 0.10964912280701754
39 0.9944283945522081 0.48026315789473684 0.009492364836978953 0.42543859649122806
