18 0.023566878980891718 0.42592592592592593 0.047133757961783436 0.7407407407407407
149 0.0643312101910828 0.6944444444444444 0.026751592356687896 0.42592592592592593
20 0.09872611464968152 0.48148148148148145 0.01910828025477707 0.8888888888888888
11 0.14140127388535031 0.39814814814814814 0.05350318471337579 0.7592592592592592
149 0.17579617834394903 0.6851851851851851 0.028025477707006367 0.4444444444444444
39 0.20891719745222928 0.4907407407407407 0.017834394904458598 0.8703703703703703
65 0.2624203821656051 0.42592592592592593 0.04331210191082802 0.7037037037037037
20 0.31528662420382164 0.48148148148148145 0.01910828025477707 0.8888888888888888
17 0.35859872611464966 0.39814814814814814 0.057324840764331204 0.7592592592592592
176 0.397452229299363 0.4351851851851852 0.017834394904458598 0.8703703703703703
30 0.43566878980891716 0.41666666666666663 0.04840764331210191 0.7222222222222222
39 0.47898089171974517 0.4907407407407407 0.017834394904458598 0.8703703703703703
4 0.5038216560509554 0.4629629629629629 0.016560509554140127 0.8888888888888888
50 0.5464968152866242 0.4074074074074074 0.058598726114649675 0.7407407407407407
72 0.5802547770700637 0.7685185185185185 0.011464968152866241 0.2777777777777778
51 0.6426751592356688 0.42592592592592593 0.04968152866242038 0.7407407407407407
5 0.6821656050955414 0.4907407407407407 0.016560509554140127 0.8703703703703703
178 0.7363057324840764 0.5092592592592592 0.045859872611464965 0.6481481481481481
18 0.8044585987261146 0.45370370370370366 0.047133757961783436 0.7222222222222222
149 0.8452229299363057 0.7407407407407407 0.026751592356687896 0.4444444444444444
4 0.8808917197452228 0.5185185185185185 0.016560509554140127 0.8888888888888888
11 0.9222929936305732 0.4444444444444444 0.05095541401273885 0.7407407407407407
149 0.9547770700636942 0.75 0.026751592356687896 0.42592592592592593
5 0.989171974522293 0.5277777777777778 0.016560509554140127 0.8703703703703703
