207 0.04221388367729831 0.4464285714285714 0.08442776735459662 0.46428571428571425
112 0.10037523452157598 0.7083333333333333 0.04690431519699812 0.5357142857142857
54 0.15103189493433397 0.14285714285714285 0.043151969981238276 0.2857142857142857
72 0.1951219512195122 0.7083333333333333 0.0225140712945591 0.2738095238095238
112 0.29362101313320826 0.45238095238095233 0.07317073170731707 0.8571428571428571
84 0.42870544090056284 0.42857142857142855 0.10318949343339587 0.23809523809523808
145 0.5703564727954972 0.34523809523809523 0.04127579737335835 0.6904761904761905
72 0.6294559099437148 0.7083333333333333 0.028142589118198873 0.2738095238095238
119 0.7673545966228893 0.6428571428571428 0.11632270168855535 0.11904761904761904
72 0.8630393996247655 0.7083333333333333 0.0300187617260788 0.2738095238095238
130 0.9624765478424016 0.46428571428571425 0.0675422138836773 0.45238095238095233
