166 0.010094637223974764 0.5698924731182796 0.02018927444794953 0.24731182795698928
20 0.03753943217665615 0.4919354838709678 0.013249211356466877 0.42473118279569894
116 0.06340694006309149 0.467741935483871 0.023343848580441643 0.2795698924731183
39 0.08895899053627761 0.48118279569892475 0.012618296529968456 0.41397849462365593
84 0.14195583596214512 0.4973118279569893 0.04794952681388013 0.08064516129032259
128 0.2075709779179811 0.49462365591397855 0.051735015772870666 0.021505376344086023
129 0.255205047318612 0.8978494623655915 0.01829652996845426 0.1827956989247312
115 0.2678233438485805 0.4408602150537635 0.011987381703470032 0.3010752688172043
167 0.28138801261829655 0.860215053763441 0.03028391167192429 0.13978494623655915
105 0.28201892744479495 0.43817204301075274 0.012618296529968456 0.2956989247311828
126 0.31198738170347007 0.48924731182795705 0.04227129337539433 0.20430107526881722
116 0.3069400630914827 0.8387096774193549 0.017034700315457414 0.21505376344086025
155 0.3252365930599369 0.860215053763441 0.014511041009463724 0.12903225806451613
211 0.3435331230283912 0.8494623655913979 0.014511041009463724 0.16129032258064518
83 0.39022082018927445 0.8655913978494625 0.013249211356466877 0.13978494623655915
115 0.3946372239747634 0.446236559139785 0.011987381703470032 0.3010752688172043
167 0.4135646687697161 0.8575268817204301 0.02965299684542587 0.14516129032258066
105 0.40883280757097795 0.44354838709677424 0.012618296529968456 0.2956989247311828
126 0.438801261829653 0.49462365591397855 0.04227129337539433 0.20430107526881722
155 0.43722397476340696 0.860215053763441 0.0138801261829653 0.12903225806451613
211 0.45552050473186123 0.8467741935483871 0.015141955835962145 0.16666666666666669
20 0.502839116719243 0.4973118279569893 0.012618296529968456 0.41397849462365593
195 0.5290220820189275 0.456989247311828 0.019558359621451107 0.2903225806451613
154 0.5561514195583597 0.5268817204301076 0.023343848580441643 0.15053763440860216
105 0.5776025236593061 0.44892473118279574 0.014511041009463724 0.3064516129032258
39 0.598422712933754 0.4919354838709678 0.011987381703470032 0.41397849462365593
128 0.6230283911671924 0.40322580645161293 0.013249211356466877 0.021505376344086023
145 0.6410094637223975 0.38709677419354843 0.011356466876971609 0.15053763440860216
110 0.6981072555205048 0.4408602150537635 0.05488958990536278 0.881720430107527
6 0.7277602523659307 0.8333333333333334 0.022082018927444796 0.21505376344086025
20 0.7501577287066247 0.8440860215053764 0.007570977917981073 0.22580645161290325
129 0.7678233438485805 0.89247311827957 0.01766561514195584 0.1827956989247312
72 0.7832807570977919 0.9112903225806452 0.0056782334384858045 0.0913978494623656
53 0.8003154574132493 0.8629032258064517 0.017034700315457414 0.14516129032258066
72 0.8164037854889591 0.903225806451613 0.005047318611987382 0.08602150537634409
83 0.8296529968454259 0.8521505376344086 0.012618296529968456 0.14516129032258066
39 0.844794952681388 0.8413978494623656 0.00883280757097792 0.23118279569892475
89 0.8558359621451105 0.48655913978494625 0.019558359621451107 0.41397849462365593
57 0.8763406940063092 0.5564516129032259 0.012618296529968456 0.18817204301075272
20 0.9 0.4919354838709678 0.013249211356466877 0.41397849462365593
115 0.9211356466876972 0.435483870967742 0.011356466876971609 0.3010752688172043
39 0.9413249211356468 0.47580645161290325 0.012618296529968456 0.41397849462365593
75 0.971608832807571 0.435483870967742 0.023974763406940065 0.3118279569892473
115 0.9930599369085175 0.435483870967742 0.011356466876971609 0.3118279569892473
