20 0.024096385542168676 0.5079365079365079 0.04819277108433735 0.9206349206349206
47 0.15210843373493976 0.40476190476190477 0.12951807228915663 0.746031746031746
20 0.25753012048192775 0.5 0.05120481927710844 0.9365079365079365
189 0.3373493975903615 0.373015873015873 0.07228915662650603 0.746031746031746
39 0.41566265060240964 0.4841269841269841 0.04819277108433735 0.9365079365079365
72 0.480421686746988 0.753968253968254 0.02710843373493976 0.2698412698412698
47 0.6234939759036144 0.38888888888888884 0.13855421686746988 0.746031746031746
20 0.7364457831325302 0.4841269841269841 0.05120481927710844 0.9365079365079365
145 0.8162650602409639 0.3571428571428571 0.06626506024096386 0.7142857142857142
39 0.9006024096385543 0.4841269841269841 0.05421686746987952 0.9365079365079365
39 0.9683734939759037 0.47619047619047616 0.05120481927710844 0.9523809523809523
