49 0.04700413223140496 0.481651376146789 0.09400826446280992 0.5963302752293578
190 0.045454545454545456 0.05045871559633028 0.030991735537190084 0.10091743119266056
145 0.09865702479338843 0.798165137614679 0.023760330578512397 0.3669724770642202
20 0.13274793388429754 0.5504587155963303 0.025826446280991736 0.7889908256880734
186 0.17768595041322316 0.5275229357798166 0.024793388429752067 0.48623853211009177
39 0.21642561983471076 0.5596330275229358 0.025826446280991736 0.7706422018348624
20 0.24896694214876033 0.555045871559633 0.024793388429752067 0.7798165137614679
153 0.30423553719008267 0.5871559633027523 0.0506198347107438 0.6788990825688074
20 0.35330578512396693 0.536697247706422 0.024793388429752067 0.7798165137614679
209 0.4075413223140496 0.6467889908256881 0.04855371900826447 0.5779816513761469
39 0.45712809917355374 0.5458715596330276 0.025826446280991736 0.7798165137614679
39 0.48915289256198347 0.5412844036697249 0.025826446280991736 0.7706422018348624
84 0.5723140495867769 0.48623853211009177 0.05785123966942149 0.1834862385321101
188 0.6621900826446281 0.43119266055045874 0.03925619834710744 0.6238532110091743
20 0.7050619834710744 0.5275229357798166 0.023760330578512397 0.7798165137614679
186 0.7463842975206612 0.4954128440366973 0.023760330578512397 0.4954128440366973
39 0.7830578512396694 0.5275229357798166 0.024793388429752067 0.7798165137614679
153 0.8378099173553719 0.555045871559633 0.049586776859504134 0.6697247706422018
20 0.8863636363636364 0.5229357798165137 0.024793388429752067 0.7706422018348624
209 0.9380165289256198 0.6238532110091743 0.047520661157024795 0.5871559633027523
39 0.9860537190082644 0.518348623853211 0.023760330578512397 0.7798165137614679
