75 0.012292562999385371 0.3448275862068966 0.024585125998770743 0.6666666666666666
195 0.03380454824830977 0.1954022988505747 0.012292562999385371 0.3448275862068966
196 0.05623847572218807 0.4482758620689655 0.02642901044867855 0.45977011494252873
176 0.08297480024585126 0.4540229885057471 0.024585125998770743 0.8160919540229885
75 0.11001843884449906 0.3505747126436782 0.023355869698832205 0.6781609195402298
207 0.1352181929932391 0.45977011494252873 0.023355869698832205 0.4367816091954023
195 0.15673017824216348 0.1954022988505747 0.013521819299323909 0.3448275862068966
155 0.20374923171481252 0.47701149425287354 0.043638598647818064 0.8390804597701149
4 0.2556853103872157 0.4540229885057471 0.014751075599262444 0.9080459770114943
113 0.27996312231100184 0.3448275862068966 0.022741241548862937 0.6666666666666666
195 0.3020897357098955 0.20689655172413793 0.01290719114935464 0.3448275862068966
128 0.34849416103257524 0.47126436781609193 0.05162876459741856 0.06896551724137931
140 0.3973570989551321 0.5287356321839081 0.017824216349108787 0.3908045977011494
20 0.4213275968039336 0.46551724137931033 0.01290719114935464 0.9080459770114943
140 0.44406883835279654 0.5287356321839081 0.017824216349108787 0.367816091954023
155 0.48924400737553775 0.4942528735632184 0.044253226797787336 0.8275862068965517
145 0.5387215734480639 0.3908045977011494 0.019053472649047325 0.6206896551724138
39 0.5645359557467732 0.45977011494252873 0.01290719114935464 0.896551724137931
176 0.5921942224953902 0.4942528735632184 0.022741241548862937 0.8275862068965517
207 0.6183159188690841 0.4942528735632184 0.024585125998770743 0.4367816091954023
195 0.6395205900430239 0.23563218390804597 0.014136447449293177 0.3563218390804598
128 0.686539643515673 0.5 0.05162876459741856 0.08045977011494253
48 0.7467732022126613 0.3908045977011494 0.0331899200983405 0.6666666666666666
20 0.7793484941610325 0.5172413793103449 0.012292562999385371 0.9195402298850575
207 0.8045482483097726 0.5172413793103449 0.023355869698832205 0.4367816091954023
39 0.8300553165334972 0.5057471264367817 0.01290719114935464 0.896551724137931
5 0.8558696988322064 0.45977011494252873 0.015365703749231713 0.896551724137931
196 0.8850645359557467 0.5172413793103449 0.024585125998770743 0.45977011494252873
84 0.9370006146281499 0.5344827586206896 0.047326367547633676 0.1954022988505747
211 0.9883220651505839 0.4425287356321839 0.02089735709895513 0.632183908045977
