201 0.023008849557522124 0.6717171717171718 0.04601769911504425 0.5757575757575758
71 0.06814159292035399 0.595959595959596 0.008849557522123894 0.38383838383838387
6 0.1336283185840708 0.4747474747474748 0.05132743362831858 0.6464646464646465
167 0.22212389380530972 0.5555555555555556 0.06371681415929203 0.30303030303030304
7 0.3123893805309734 0.4747474747474748 0.05486725663716814 0.6262626262626263
20 0.3561946902654867 0.30303030303030304 0.01327433628318584 0.5858585858585859
113 0.38495575221238937 0.2474747474747475 0.02654867256637168 0.43434343434343436
39 0.41238938053097346 0.297979797979798 0.012389380530973451 0.595959595959596
20 0.46946902654867256 0.5454545454545455 0.016814159292035398 0.8686868686868687
211 0.5013274336283186 0.47979797979797983 0.03274336283185841 0.6161616161616162
121 0.5699115044247788 0.5454545454545455 0.04424778761061947 0.686868686868687
113 0.6407079646017699 0.4595959595959596 0.033628318584070796 0.6363636363636365
121 0.7115044247787611 0.5454545454545455 0.04424778761061947 0.686868686868687
75 0.7814159292035399 0.4545454545454546 0.035398230088495575 0.6464646464646465
105 0.8097345132743363 0.4444444444444445 0.017699115044247787 0.6262626262626263
126 0.8526548672566372 0.5404040404040404 0.05929203539823009 0.43434343434343436
22 0.9367256637168141 0.4444444444444445 0.07345132743362831 0.6262626262626263
39 0.9893805309734514 0.5202020202020202 0.017699115044247787 0.8585858585858587
