3 0.02514792899408284 0.5029585798816568 0.05029585798816568 0.3431952662721893
20 0.0650887573964497 0.5502958579881657 0.02366863905325444 0.4615384615384615
207 0.10009861932938857 0.5562130177514792 0.04043392504930967 0.23668639053254437
72 0.1346153846153846 0.6863905325443787 0.014792899408284025 0.14201183431952663
7 0.1873767258382643 0.5029585798816568 0.05325443786982249 0.3313609467455621
39 0.23076923076923078 0.5443786982248521 0.025641025641025644 0.4497041420118343
84 0.3047337278106509 0.5414201183431953 0.05325443786982249 0.1242603550295858
94 0.4235700197238659 0.5473372781065089 0.121301775147929 0.04142011834319526
133 0.381163708086785 0.1804733727810651 0.03451676528599606 0.34911242603550297
154 0.4068047337278107 0.8757396449704142 0.038461538461538464 0.22485207100591714
211 0.4220907297830375 0.17751479289940827 0.037475345167652864 0.35502958579881655
93 0.45216962524654836 0.742603550295858 0.03254437869822485 0.21893491124260356
207 0.4644970414201184 0.23076923076923075 0.04142011834319527 0.23668639053254437
155 0.5424063116370809 0.5325443786982248 0.04733727810650888 0.28402366863905326
27 0.6222879684418147 0.48520710059171596 0.04930966469428008 0.3431952662721893
20 0.6637080867850099 0.5295857988165681 0.02366863905325444 0.4556213017751479
177 0.7199211045364892 0.5236686390532544 0.0611439842209073 0.5857988165680473
207 0.7741617357001973 0.5355029585798816 0.03944773175542406 0.23076923076923075
115 0.8180473372781065 0.47041420118343197 0.018737672583826432 0.33727810650887574
141 0.8505917159763314 0.5266272189349113 0.038461538461538464 0.23668639053254437
95 0.8944773175542406 0.5769230769230769 0.04339250493096647 0.33727810650887574
207 0.95069033530572 0.5236686390532544 0.03944773175542406 0.23076923076923075
39 0.9866863905325445 0.514792899408284 0.022682445759368838 0.4497041420118343
