196 0.025691699604743084 0.5121951219512195 0.05138339920948617 0.4878048780487805
145 0.07575757575757576 0.7317073170731707 0.02766798418972332 0.43902439024390244
20 0.12582345191040845 0.48170731707317077 0.03293807641633729 0.9390243902439025
207 0.17193675889328064 0.5060975609756098 0.056653491436100135 0.475609756097561
130 0.2173913043478261 0.8048780487804879 0.03162055335968379 0.3170731707317073
155 0.27272727272727276 0.7378048780487805 0.04216073781291173 0.4024390243902439
145 0.3326745718050066 0.7317073170731707 0.02503293807641634 0.43902439024390244
39 0.3728590250329381 0.46951219512195125 0.03162055335968379 0.9390243902439025
72 0.4090909090909091 0.7621951219512195 0.017127799736495388 0.2804878048780488
119 0.5039525691699605 0.676829268292683 0.08036890645586298 0.13414634146341464
72 0.5718050065876153 0.7682926829268293 0.01844532279314888 0.29268292682926833
196 0.6436100131752306 0.5060975609756098 0.05138339920948617 0.5
113 0.6870882740447958 0.75 0.030303030303030304 0.45121951219512196
20 0.7338603425559947 0.48170731707317077 0.034255599472990776 0.9390243902439025
207 0.7806324110671937 0.5060975609756098 0.05928853754940712 0.5
130 0.8274044795783927 0.8109756097560976 0.03162055335968379 0.3048780487804878
155 0.8827404479578393 0.7378048780487805 0.04216073781291173 0.4268292682926829
145 0.9413702239789197 0.75 0.02766798418972332 0.45121951219512196
39 0.9822134387351779 0.49390243902439024 0.030303030303030304 0.9390243902439025
