14 0.018234672304439748 0.4516129032258065 0.036469344608879496 0.3118279569892473
196 0.049682875264270614 0.4973118279569893 0.023255813953488372 0.20967741935483872
20 0.07399577167019028 0.5026881720430108 0.010570824524312896 0.42473118279569894
207 0.09619450317124736 0.5080645161290323 0.020084566596194505 0.19892473118279572
39 0.1178646934460888 0.48655913978494625 0.011627906976744186 0.41397849462365593
84 0.16411205073995772 0.5053763440860215 0.040697674418604654 0.08602150537634409
115 0.21379492600422834 0.44892473118279574 0.010042283298097253 0.3064516129032258
105 0.226215644820296 0.446236559139785 0.010570824524312896 0.3010752688172043
126 0.25158562367864695 0.5 0.03594080338266385 0.20430107526881722
110 0.3205602536997886 0.4408602150537635 0.047040169133192394 0.881720430107527
53 0.34487315010570824 0.8844086021505377 0.01427061310782241 0.14516129032258066
57 0.3594080338266385 0.1317204301075269 0.011627906976744186 0.18817204301075272
196 0.38028541226215645 0.49462365591397855 0.02167019027484144 0.20430107526881722
20 0.40486257928118397 0.5 0.010570824524312896 0.41935483870967744
209 0.4260042283298097 0.5483870967741936 0.019027484143763214 0.3010752688172043
39 0.4474101479915434 0.4919354838709678 0.011099365750528542 0.41397849462365593
75 0.47330866807610994 0.44354838709677424 0.019556025369978858 0.3064516129032258
209 0.49471458773784355 0.5483870967741936 0.019027484143763214 0.3010752688172043
110 0.5438689217758985 0.48655913978494625 0.045454545454545456 0.8978494623655915
129 0.5673890063424948 0.9005376344086022 0.0153276955602537 0.1774193548387097
116 0.5819238900634249 0.11559139784946237 0.014799154334038056 0.22043010752688175
168 0.5932875264270613 0.5 0.01427061310782241 0.20430107526881722
20 0.6297568710359408 0.5 0.011099365750528542 0.41935483870967744
207 0.6511627906976745 0.5 0.020084566596194505 0.20430107526881722
72 0.6672832980972516 0.6182795698924731 0.007928118393234672 0.13978494623655915
116 0.6955602536997886 0.47043010752688175 0.020084566596194505 0.2849462365591398
39 0.7164376321353065 0.49462365591397855 0.011099365750528542 0.41935483870967744
168 0.7378435517970402 0.5080645161290323 0.014799154334038056 0.20967741935483872
145 0.7542283298097252 0.5887096774193549 0.009513742071881607 0.15591397849462366
20 0.7740486257928119 0.5026881720430108 0.011099365750528542 0.42473118279569894
209 0.7954545454545455 0.5564516129032259 0.019027484143763214 0.3064516129032258
72 0.8115750528541227 0.6236559139784946 0.007928118393234672 0.13978494623655915
116 0.839323467230444 0.47580645161290325 0.020084566596194505 0.2849462365591398
39 0.8607293868921776 0.4919354838709678 0.011099365750528542 0.41397849462365593
116 0.8845137420718816 0.478494623655914 0.019556025369978858 0.2795698924731183
75 0.9080338266384779 0.44892473118279574 0.021141649048625793 0.3064516129032258
166 0.9267970401691332 0.5806451612903226 0.01849894291754757 0.25806451612903225
20 0.9503171247357294 0.5 0.011627906976744186 0.4301075268817205
116 0.9719873150105709 0.4731182795698925 0.020084566596194505 0.2795698924731183
39 0.9931289640591967 0.4919354838709678 0.011627906976744186 0.42473118279569894
