8 0.0496031746031746 0.45555555555555555 0.0992063492063492 0.6666666666666667
20 0.12996031746031744 0.5444444444444445 0.0496031746031746 0.8666666666666667
34 0.2103174603174603 0.5444444444444445 0.10317460317460317 0.8222222222222223
195 0.2996031746031746 0.20555555555555557 0.051587301587301584 0.41111111111111115
20 0.36706349206349204 0.5444444444444445 0.047619047619047616 0.8666666666666667
130 0.4384920634920635 0.5666666666666667 0.07142857142857142 0.4444444444444445
39 0.5049603174603174 0.5444444444444445 0.0496031746031746 0.8444444444444444
39 0.558531746031746 0.5444444444444445 0.04563492063492063 0.8444444444444444
84 0.6934523809523809 0.5388888888888889 0.10912698412698413 0.23333333333333334
126 0.8720238095238094 0.5666666666666667 0.125 0.4444444444444445
169 0.9811507936507936 0.6222222222222222 0.02976190476190476 0.6
