89 0.034303534303534305 0.5728155339805825 0.06860706860706861 0.7766990291262135
53 0.09667359667359668 0.7427184466019416 0.056133056133056136 0.2621359223300971
20 0.17671517671517672 0.5922330097087378 0.04573804573804574 0.7766990291262135
115 0.24532224532224534 0.4902912621359223 0.037422037422037424 0.5339805825242718
148 0.24844074844074845 0.1553398058252427 0.04365904365904366 0.07766990291262135
39 0.314968814968815 0.5728155339805825 0.04365904365904366 0.7572815533980581
84 0.49584199584199584 0.5776699029126213 0.1600831600831601 0.16504854368932037
148 0.8024948024948025 0.03398058252427184 0.3866943866943867 0.06796116504854369
89 0.6600831600831601 0.558252427184466 0.06860706860706861 0.7669902912621358
53 0.7245322245322245 0.733009708737864 0.056133056133056136 0.2621359223300971
20 0.8035343035343036 0.5776699029126213 0.04365904365904366 0.7669902912621358
115 0.8742203742203742 0.4757281553398058 0.0395010395010395 0.5631067961165048
39 0.9397089397089398 0.5631067961165048 0.04158004158004158 0.7572815533980581
