110 0.04967248908296943 0.49408284023668636 0.09934497816593886 0.9881656804733727
211 0.09061135371179038 0.8964497041420119 0.026200873362445413 0.1834319526627219
145 0.12827510917030566 0.09467455621301775 0.022925764192139736 0.17751479289940827
204 0.15338427947598252 0.4881656804733728 0.0054585152838427945 0.5029585798816568
168 0.20906113537117904 0.514792899408284 0.03165938864628821 0.23668639053254437
145 0.2412663755458515 0.6005917159763313 0.021834061135371178 0.17159763313609466
20 0.2838427947598253 0.514792899408284 0.021834061135371178 0.4615384615384615
207 0.32805676855895194 0.5118343195266272 0.042576419213973794 0.21893491124260356
72 0.36080786026200873 0.650887573964497 0.016375545851528384 0.15384615384615385
115 0.4115720524017467 0.4615384615384615 0.01965065502183406 0.3431952662721893
39 0.44650655021834057 0.5088757396449703 0.021834061135371178 0.4497041420118343
204 0.48962882096069865 0.4970414201183432 0.0054585152838427945 0.5088757396449703
195 0.5420305676855894 0.3875739644970414 0.022925764192139736 0.17159763313609466
75 0.6058951965065502 0.4615384615384615 0.04148471615720524 0.3431952662721893
207 0.6495633187772926 0.5207100591715976 0.04148471615720524 0.22485207100591714
123 0.7385371179039301 0.5236686390532544 0.0665938864628821 0.3609467455621302
155 0.853711790393013 0.5236686390532544 0.07641921397379912 0.42011834319526625
109 0.9683406113537117 0.5266272189349113 0.05895196506550218 0.20118343195266272
