84 0.014033264033264034 0.47802197802197804 0.028066528066528068 0.27472527472527475
105 0.04911642411642412 0.38461538461538464 0.009875259875259876 0.6813186813186813
130 0.06730769230769232 0.5 0.02234927234927235 0.45054945054945056
89 0.08705821205821207 0.38461538461538464 0.015072765072765074 0.7032967032967034
23 0.10654885654885655 0.4835164835164836 0.014553014553014554 0.9670329670329672
17 0.13721413721413722 0.4010989010989011 0.036382536382536385 0.6923076923076924
8 0.1691787941787942 0.631868131868132 0.02442827442827443 0.4945054945054945
20 0.19490644490644493 0.4945054945054945 0.009355509355509356 0.9450549450549451
200 0.21335758835758836 0.532967032967033 0.019230769230769232 0.45054945054945056
39 0.2325883575883576 0.48901098901098905 0.009875259875259876 0.9560439560439561
204 0.24766112266112267 0.4945054945054945 0.002598752598752599 0.9450549450549451
88 0.2658523908523909 0.40659340659340665 0.019230769230769232 0.7032967032967034
201 0.2928794178794179 0.6263736263736264 0.02650727650727651 0.6373626373626374
108 0.33419958419958423 0.5 0.02390852390852391 0.5824175824175825
14 0.3765592515592516 0.4120879120879121 0.029625779625779627 0.6923076923076924
141 0.4030665280665281 0.532967032967033 0.019230769230769232 0.45054945054945056
115 0.42021829521829523 0.40659340659340665 0.008835758835758836 0.6813186813186813
20 0.4352910602910603 0.5 0.009875259875259876 0.9560439560439561
8 0.4607588357588358 0.4010989010989011 0.030665280665280667 0.6923076923076924
72 0.4851871101871102 0.7527472527472528 0.005717255717255718 0.27472527472527475
22 0.521049896049896 0.40659340659340665 0.04313929313929314 0.6813186813186813
39 0.551975051975052 0.5 0.010395010395010396 0.9560439560439561
71 0.5717255717255718 0.532967032967033 0.005197505197505198 0.4285714285714286
201 0.6078482328482329 0.6208791208791209 0.02650727650727651 0.6263736263736264
20 0.6314968814968815 0.4945054945054945 0.010395010395010396 0.9450549450549451
210 0.6507276507276507 0.5384615384615385 0.018711018711018712 0.4395604395604396
39 0.6686590436590437 0.4945054945054945 0.009875259875259876 0.9450549450549451
84 0.7063409563409564 0.5 0.028066528066528068 0.2527472527472528
207 0.746881496881497 0.532967032967033 0.01975051975051975 0.45054945054945056
72 0.7653326403326404 0.7637362637362638 0.005717255717255718 0.27472527472527475
75 0.8037941787941788 0.39560439560439564 0.02027027027027027 0.6813186813186813
201 0.8297817047817049 0.6043956043956045 0.02650727650727651 0.6153846153846154
20 0.8534303534303534 0.47802197802197804 0.009355509355509356 0.9340659340659342
200 0.8721413721413722 0.5109890109890111 0.018711018711018712 0.4285714285714286
39 0.8911122661122661 0.47252747252747257 0.009875259875259876 0.9450549450549451
84 0.9287941787941788 0.47802197802197804 0.028066528066528068 0.2527472527472528
208 0.9693347193347194 0.4835164835164836 0.017671517671517672 0.8351648351648352
24 0.9916839916839917 0.4670329670329671 0.014553014553014554 0.9340659340659342
