186 0.010702054794520547 0.4157303370786517 0.021404109589041095 0.6067415730337078
108 0.07577054794520548 0.398876404494382 0.047089041095890405 0.5280898876404494
45 0.16309931506849315 0.3595505617977528 0.05051369863013698 0.7191011235955056
130 0.1896404109589041 0.8258426966292135 0.023116438356164382 0.3033707865168539
128 0.22988013698630136 0.7696629213483146 0.033390410958904104 0.056179775280898875
145 0.2701198630136986 0.7415730337078652 0.019691780821917807 0.449438202247191
84 0.3377568493150685 0.4044943820224719 0.0488013698630137 0.2247191011235955
25 0.4242294520547945 0.3707865168539326 0.060787671232876705 0.7191011235955056
195 0.4601883561643835 0.747191011235955 0.021404109589041095 0.4606741573033708
130 0.4922945205479452 0.8258426966292135 0.02054794520547945 0.3033707865168539
128 0.5308219178082192 0.7752808988764045 0.030821917808219176 0.0449438202247191
195 0.5710616438356164 0.747191011235955 0.023972602739726026 0.4606741573033708
40 0.6472602739726027 0.42696629213483145 0.06506849315068493 0.38202247191011235
186 0.7247431506849314 0.4438202247191011 0.021404109589041095 0.5955056179775281
209 0.7491438356164383 0.6123595505617977 0.04280821917808219 0.7078651685393258
128 0.8257705479452054 0.42696629213483145 0.045376712328767124 0.06741573033707865
209 0.8938356164383561 0.6123595505617977 0.0410958904109589 0.7078651685393258
108 0.9738869863013698 0.42134831460674155 0.0488013698630137 0.5280898876404494
