0 0.04553415061295972 0.4050632911392405 0.09106830122591944 0.7341772151898734
84 0.19439579684763572 0.4810126582278481 0.09807355516637478 0.3037974683544304
113 0.330122591943958 0.3924050632911392 0.06830122591943957 0.7594936708860759
4 0.38966725043782835 0.49367088607594933 0.03677758318739054 0.9620253164556962
207 0.4404553415061296 0.5189873417721519 0.07530647985989491 0.5063291139240507
145 0.500875656742557 0.6518987341772152 0.024518388791593695 0.5189873417721519
72 0.5490367775831874 0.7848101265822784 0.02626970227670753 0.27848101265822783
119 0.6681260945709282 0.6962025316455696 0.138353765323993 0.12658227848101267
72 0.7924693520140105 0.7784810126582279 0.02626970227670753 0.2911392405063291
207 0.862521891418564 0.5126582278481012 0.07180385288966726 0.49367088607594933
130 0.9238178633975481 0.7215189873417721 0.047285464098073555 0.35443037974683544
5 0.978984238178634 0.4810126582278481 0.03502626970227671 0.9620253164556962
