22 0.08450704225352114 0.36868686868686873 0.16901408450704228 0.6363636363636365
58 0.21529175050301813 0.44949494949494956 0.06438631790744467 0.8787878787878789
4 0.28571428571428575 0.44949494949494956 0.028169014084507046 0.8989898989898991
61 0.37424547283702214 0.4444444444444445 0.12474849094567406 0.888888888888889
54 0.48792756539235416 0.792929292929293 0.0744466800804829 0.29292929292929293
108 0.5784708249496983 0.7676767676767677 0.0744466800804829 0.42424242424242425
0 0.6790744466800805 0.7121212121212122 0.09054325955734407 0.4545454545454546
13 0.8138832997987928 0.37878787878787884 0.09054325955734407 0.6363636363636365
54 0.9124748490945674 0.6717171717171718 0.0744466800804829 0.29292929292929293
5 0.9828973843058351 0.4595959595959596 0.026156941649899398 0.8989898989898991
