47 0.02862783810463968 0.36036036036036034 0.05725567620927936 0.5765765765765766
115 0.06120434353405725 0.6306306306306306 0.013820335636722605 0.3963963963963964
56 0.0769990128331688 0.2072072072072072 0.02369200394866732 0.21621621621621623
84 0.15449160908193485 0.42792792792792794 0.05626850937808489 0.2072072072072072
89 0.23297137216189534 0.4189189189189189 0.04146100691016782 0.7117117117117117
128 0.2843040473840079 0.21171171171171171 0.039486673247778874 0.04504504504504504
145 0.3287265547877591 0.18018018018018017 0.019743336623889437 0.36036036036036034
20 0.3657453109575518 0.42342342342342343 0.018756169792694965 0.7747747747747747
8 0.4151036525172754 0.34684684684684686 0.058242843040473835 0.5675675675675675
56 0.4664363277393879 0.22072072072072071 0.022704837117472853 0.2072072072072072
145 0.4674234945705824 0.6846846846846847 0.02073050345508391 0.36036036036036034
176 0.49999999999999994 0.7207207207207207 0.024679170779861793 0.5225225225225225
115 0.5266535044422507 0.6756756756756757 0.012833168805528133 0.3963963963963964
39 0.5562685093780848 0.42792792792792794 0.018756169792694965 0.7657657657657657
72 0.5848963474827246 0.6531531531531531 0.01085883514313919 0.22522522522522523
115 0.6307996051332675 0.36036036036036034 0.017769002961500493 0.5585585585585585
84 0.6999012833168805 0.4369369369369369 0.053307008884501475 0.2072072072072072
145 0.7759131293188548 0.3783783783783784 0.02764067127344521 0.5225225225225225
72 0.8070088845014807 0.6621621621621622 0.01085883514313919 0.22522522522522523
195 0.8534057255676208 0.36936936936936937 0.03257650542941757 0.5405405405405406
72 0.8840078973346495 0.6531531531531531 0.01085883514313919 0.22522522522522523
119 0.9570582428430404 0.5945945945945946 0.08193484698914116 0.09009009009009009
