188 0.022595596755504054 0.375 0.04519119351100811 0.7282608695652174
20 0.07242178447276941 0.5 0.026651216685979143 0.9130434782608695
53 0.13151796060254925 0.5163043478260869 0.05214368482039397 0.46739130434782605
172 0.19119351100811124 0.21195652173913043 0.03244495944380069 0.2934782608695652
176 0.24275782155272305 0.5217391304347826 0.06373117033603708 0.9130434782608695
53 0.30243337195828507 0.5271739130434783 0.046349942062572425 0.46739130434782605
39 0.35341830822711473 0.5108695652173912 0.02549246813441483 0.9130434782608695
84 0.4438006952491309 0.44565217391304346 0.06720741599073 0.21739130434782608
166 0.5504055619930475 0.6141304347826086 0.04866743916570104 0.6413043478260869
20 0.6054461181923523 0.5 0.026651216685979143 0.9130434782608695
53 0.6610660486674391 0.5217391304347826 0.047508690614136734 0.4782608695652174
39 0.712630359212051 0.5054347826086957 0.02549246813441483 0.9239130434782609
116 0.7734646581691773 0.3695652173913043 0.05214368482039397 0.7391304347826086
211 0.8337195828505214 0.7554347826086957 0.033603707995365 0.44565217391304346
20 0.8765932792584009 0.4945652173913043 0.026651216685979143 0.9239130434782609
53 0.9322132097334879 0.5163043478260869 0.04519119351100811 0.46739130434782605
39 0.9837775202780996 0.5 0.027809965237543453 0.9130434782608695
