30 0.023175542406311637 0.38764044943820225 0.046351084812623275 0.6629213483146067
20 0.0596646942800789 0.449438202247191 0.022682445759368838 0.8539325842696629
22 0.10256410256410257 0.38764044943820225 0.07100591715976332 0.6404494382022472
72 0.14151873767258383 0.7022471910112359 0.010848126232741617 0.21348314606741572
163 0.20019723865877714 0.46629213483146065 0.02958579881656805 0.4382022471910112
39 0.22583826429980278 0.5 0.021696252465483234 0.8202247191011236
84 0.2963510848126233 0.4157303370786517 0.04832347140039448 0.24719101123595505
23 0.3658777120315582 0.4382022471910112 0.021696252465483234 0.8089887640449438
207 0.40384615384615385 0.47752808988764045 0.04240631163708087 0.4606741573033708
108 0.4822485207100592 0.38764044943820225 0.04930966469428008 0.5730337078651685
35 0.5636094674556213 0.38202247191011235 0.05029585798816568 0.6292134831460674
126 0.6153846153846154 0.15168539325842695 0.04930966469428008 0.3033707865168539
71 0.6696252465483234 0.4382022471910112 0.009861932938856016 0.42696629213483145
204 0.7214003944773176 0.4101123595505618 0.006903353057199212 0.7528089887640449
149 0.7495069033530573 0.5393258426966292 0.04142011834319527 0.6292134831460674
105 0.7835305719921105 0.7528089887640449 0.014792899408284025 0.449438202247191
20 0.8086785009861933 0.42696629213483145 0.021696252465483234 0.8314606741573034
207 0.841715976331361 0.4550561797752809 0.04240631163708087 0.4382022471910112
39 0.878698224852071 0.4831460674157303 0.021696252465483234 0.8089887640449438
204 0.9033530571992111 0.4044943820224719 0.00591715976331361 0.7415730337078652
123 0.9709072978303748 0.37640449438202245 0.054240631163708086 0.6404494382022472
