0 0.04597701149425287 0.4444444444444444 0.09195402298850575 0.8333333333333333
145 0.13136288998357964 0.7291666666666666 0.019704433497536946 0.4861111111111111
195 0.17733990147783252 0.2638888888888889 0.029556650246305417 0.5277777777777778
84 0.30377668308702793 0.4236111111111111 0.09852216748768472 0.3472222222222222
0 0.44499178981937604 0.4375 0.09195402298850575 0.8472222222222222
195 0.5295566502463054 0.7152777777777778 0.034482758620689655 0.5138888888888888
195 0.5763546798029556 0.25 0.03284072249589491 0.5
84 0.7003284072249589 0.4097222222222222 0.09688013136288998 0.3472222222222222
128 0.8711001642036125 0.4097222222222222 0.09688013136288998 0.09722222222222221
189 0.9696223316912972 0.4375 0.0541871921182266 0.8194444444444444
