96 0.03551912568306011 0.6027397260273972 0.07103825136612021 0.7123287671232876
104 0.0883424408014572 0.45890410958904104 0.03460837887067395 0.0958904109589041
53 0.14663023679417123 0.48630136986301364 0.06375227686703097 0.5342465753424657
149 0.21129326047358835 0.5821917808219178 0.07285974499089254 0.726027397260274
149 0.2887067395264117 0.595890410958904 0.07103825136612021 0.7534246575342465
163 0.35974499089253187 0.4657534246575342 0.052823315118397086 0.5205479452054794
141 0.4198542805100182 0.4794520547945205 0.06739526411657559 0.5205479452054794
207 0.49271402550091076 0.4726027397260274 0.07468123861566485 0.5342465753424657
105 0.5601092896174863 0.3698630136986301 0.03825136612021858 0.7397260273972602
126 0.6302367941712204 0.48630136986301364 0.10564663023679417 0.5068493150684932
53 0.7249544626593807 0.4726027397260274 0.061930783242258654 0.5068493150684932
186 0.7905282331511839 0.4178082191780822 0.04735883424408015 0.6164383561643836
105 0.8287795992714025 0.363013698630137 0.04007285974499089 0.726027397260274
141 0.8834244080145719 0.4657534246575342 0.0692167577413479 0.547945205479452
130 0.9626593806921676 0.4520547945205479 0.06739526411657559 0.5205479452054794
