110 0.050920910075839654 0.4881656804733728 0.10184182015167931 0.9763313609467456
145 0.09479956663055254 0.8994082840236686 0.02275189599133261 0.17751479289940827
109 0.15167930660888407 0.09763313609467456 0.03683640303358613 0.13609467455621302
204 0.16197183098591547 0.4911242603550296 0.005417118093174431 0.5088757396449703
196 0.22210184182015166 0.5059171597633136 0.04550379198266522 0.23076923076923075
20 0.27356446370530874 0.5088757396449703 0.02275189599133261 0.4615384615384615
207 0.3179848320693391 0.5059171597633136 0.04225352112676056 0.21893491124260356
72 0.35048754062838566 0.636094674556213 0.018418201516793065 0.15976331360946744
113 0.4100758396533044 0.4437869822485207 0.04008667388949079 0.3431952662721893
39 0.45557963163596965 0.5 0.02275189599133261 0.4556213017751479
204 0.4978331527627302 0.4911242603550296 0.005417118093174431 0.5088757396449703
195 0.5503791982665222 0.3727810650887574 0.021668472372697724 0.17751479289940827
75 0.6110509209100758 0.4526627218934911 0.041170097508125676 0.33727810650887574
207 0.6554712892741061 0.5088757396449703 0.041170097508125676 0.22485207100591714
122 0.7416034669555795 0.49408284023668636 0.07475622968580714 0.42011834319526625
155 0.8542795232936078 0.5177514792899408 0.07692307692307691 0.42011834319526625
109 0.9680390032502708 0.5088757396449703 0.05958829902491874 0.20118343195266272
