6 0.02866593164277839 0.4734042553191489 0.05733186328555678 0.6276595744680851
71 0.07772877618522601 0.5638297872340425 0.009922822491730982 0.425531914893617
17 0.17475192943770673 0.46808510638297873 0.06945975744211687 0.6170212765957447
190 0.18632855567805953 0.05851063829787234 0.02866593164277839 0.11702127659574468
211 0.23373759647188533 0.7606382978723404 0.030871003307607496 0.39361702127659576
18 0.2960308710033076 0.46808510638297873 0.05843439911797133 0.6170212765957447
20 0.3533627342888644 0.5585106382978723 0.020948180815876516 0.8191489361702128
17 0.4046306504961411 0.4787234042553191 0.07056229327453142 0.6170212765957447
72 0.4531422271223815 0.8031914893617021 0.013230429988974642 0.22340425531914893
145 0.5071664829106947 0.46808510638297873 0.026460859977949284 0.6170212765957447
72 0.538037486218302 0.8085106382978723 0.013230429988974642 0.23404255319148937
145 0.5937155457552371 0.4734042553191489 0.027563395810363836 0.6063829787234042
39 0.6284454244762955 0.5585106382978723 0.02205071664829107 0.8191489361702128
167 0.7028665931642778 0.5478723404255319 0.08489525909592062 0.30851063829787234
34 0.7998897464167586 0.5797872340425532 0.05622932745314223 0.7978723404255319
163 0.8500551267916208 0.5797872340425532 0.030871003307607496 0.39361702127659576
20 0.8880926130099228 0.5585106382978723 0.020948180815876516 0.8191489361702128
17 0.938257993384785 0.48936170212765956 0.07056229327453142 0.6170212765957447
39 0.9873208379272327 0.5638297872340425 0.020948180815876516 0.8085106382978723
