113 0.027929155313351498 0.44680851063829785 0.055858310626702996 0.6382978723404256
4 0.07493188010899182 0.5425531914893617 0.027247956403269755 0.8085106382978723
207 0.11239782016348773 0.5585106382978723 0.055858310626702996 0.4148936170212766
145 0.1600817438692098 0.675531914893617 0.01771117166212534 0.4361702127659574
72 0.1989100817438692 0.7819148936170213 0.01907356948228883 0.24468085106382978
119 0.2908719346049046 0.7127659574468085 0.1103542234332425 0.10638297872340426
72 0.3862397820163488 0.7819148936170213 0.020435967302452316 0.24468085106382978
207 0.4420980926430518 0.5585106382978723 0.05858310626702997 0.4148936170212766
130 0.49046321525885556 0.7393617021276595 0.03542234332425068 0.28723404255319146
128 0.5395095367847411 0.7234042553191489 0.051771117166212535 0.06382978723404255
145 0.5912806539509536 0.6702127659574468 0.01907356948228883 0.44680851063829785
72 0.6294277929155313 0.776595744680851 0.01907356948228883 0.23404255319148937
207 0.6859673024523161 0.5478723404255319 0.055858310626702996 0.4148936170212766
130 0.7343324250681199 0.7393617021276595 0.03814713896457766 0.28723404255319146
72 0.7752043596730245 0.776595744680851 0.01907356948228883 0.23404255319148937
207 0.8303814713896458 0.5531914893617021 0.05858310626702997 0.425531914893617
130 0.8787465940054495 0.8297872340425532 0.03542234332425068 0.2978723404255319
128 0.8903269754768393 0.26595744680851063 0.05313351498637602 0.06382978723404255
145 0.9420980926430518 0.2180851063829787 0.01771117166212534 0.4361702127659574
5 0.9829700272479563 0.5319148936170213 0.02861035422343324 0.8085106382978723
