14 0.02528901734104046 0.3529411764705882 0.05057803468208092 0.6823529411764706
84 0.09609826589595376 0.44705882352941173 0.05491329479768786 0.18823529411764706
128 0.1708815028901734 0.4411764705882353 0.06141618497109826 0.058823529411764705
75 0.23410404624277456 0.34705882352941175 0.028901734104046242 0.6705882352941176
195 0.25903179190751446 0.18823529411764706 0.015173410404624277 0.3529411764705882
176 0.2835982658959537 0.4647058823529412 0.028179190751445087 0.8588235294117647
75 0.31575144508670516 0.3352941176470588 0.02745664739884393 0.6705882352941176
207 0.34573699421965315 0.45294117647058824 0.028179190751445087 0.43529411764705883
195 0.37102601156069365 0.19411764705882353 0.016618497109826588 0.3411764705882353
155 0.4252167630057803 0.47058823529411764 0.051300578034682076 0.8470588235294118
140 0.48121387283236994 0.5176470588235293 0.02023121387283237 0.3764705882352941
20 0.5097543352601156 0.4588235294117647 0.015173410404624277 0.9176470588235294
140 0.5368497109826589 0.5294117647058824 0.02023121387283237 0.3764705882352941
155 0.5899566473988439 0.4647058823529412 0.051300578034682076 0.8352941176470589
145 0.6484826589595375 0.3764705882352941 0.020953757225433526 0.6352941176470588
39 0.6781069364161849 0.47058823529411764 0.015173410404624277 0.9176470588235294
176 0.7120664739884393 0.4764705882352941 0.02673410404624277 0.8588235294117647
207 0.7424132947976878 0.48823529411764705 0.028179190751445087 0.43529411764705883
195 0.7677023121387283 0.22352941176470587 0.015173410404624277 0.3529411764705882
155 0.8226156069364161 0.48823529411764705 0.051300578034682076 0.8352941176470589
48 0.8930635838150288 0.38235294117647056 0.03901734104046243 0.6941176470588235
20 0.9313583815028901 0.5176470588235293 0.014450867052023121 0.9176470588235294
207 0.9613439306358381 0.5117647058823529 0.028179190751445087 0.43529411764705883
39 0.9909682080924855 0.5176470588235293 0.015173410404624277 0.9176470588235294
