23 0.024029574861367836 0.584070796460177 0.04805914972273567 0.7964601769911505
130 0.1321626617375231 0.584070796460177 0.07578558225508318 0.37168141592920356
20 0.2208872458410351 0.5663716814159292 0.04251386321626617 0.7433628318584071
57 0.30868761552680224 0.47787610619469023 0.07763401109057301 0.584070796460177
39 0.38817005545286504 0.5575221238938053 0.04066543438077634 0.7433628318584071
204 0.47134935304990755 0.5796460176991151 0.011090573012939002 0.7522123893805309
57 0.5609981515711645 0.47787610619469023 0.07578558225508318 0.584070796460177
177 0.711645101663586 0.415929203539823 0.19963031423290203 0.831858407079646
54 0.7393715341959335 0.5707964601769911 0.08502772643253234 0.36283185840707965
108 0.9463955637707948 0.5 0.09981515711645102 0.415929203539823
