20 0.024229074889867842 0.48295454545454547 0.048458149779735685 0.9659090909090909
47 0.16079295154185025 0.39204545454545453 0.14537444933920707 0.7386363636363636
20 0.26101321585903087 0.4943181818181818 0.050660792951541855 0.9659090909090909
145 0.3469162995594714 0.375 0.07268722466960353 0.7272727272727273
39 0.4273127753303965 0.48295454545454547 0.052863436123348026 0.9659090909090909
72 0.4889867841409692 0.7727272727272727 0.030837004405286347 0.2727272727272727
47 0.6343612334801763 0.38636363636363635 0.13656387665198239 0.7272727272727273
20 0.7312775330396476 0.48295454545454547 0.048458149779735685 0.9659090909090909
145 0.8160792951541851 0.38636363636363635 0.07709251101321586 0.7272727272727273
39 0.8986784140969164 0.48863636363636365 0.05726872246696036 0.9545454545454546
39 0.9691629955947137 0.48295454545454547 0.052863436123348026 0.9431818181818182
