163 0.021505376344086023 0.5483870967741936 0.043010752688172046 0.4301075268817205
158 0.06115591397849463 0.23655913978494625 0.020161290322580648 0.32258064516129037
84 0.16263440860215056 0.5215053763440861 0.07258064516129033 0.24731182795698928
20 0.2681451612903226 0.5161290322580645 0.025537634408602152 0.924731182795699
145 0.3165322580645162 0.446236559139785 0.038978494623655914 0.6344086021505377
128 0.415994623655914 0.5215053763440861 0.06586021505376345 0.07526881720430108
83 0.5134408602150538 0.5430107526881721 0.0456989247311828 0.4838709677419355
211 0.5638440860215054 0.6720430107526882 0.038978494623655914 0.4623655913978495
176 0.6209677419354839 0.510752688172043 0.0456989247311828 0.935483870967742
195 0.676747311827957 0.4408602150537635 0.04435483870967742 0.6451612903225807
39 0.7244623655913979 0.510752688172043 0.02688172043010753 0.913978494623656
128 0.7869623655913979 0.25806451612903225 0.05241935483870968 0.06451612903225806
145 0.8474462365591399 0.22043010752688175 0.028225806451612906 0.4408602150537635
163 0.8991935483870969 0.5483870967741936 0.043010752688172046 0.4301075268817205
211 0.9455645161290324 0.6827956989247312 0.038978494623655914 0.4623655913978495
169 0.9905913978494625 0.6290322580645161 0.013440860215053765 0.5698924731182796
