30 0.028678304239401497 0.4782608695652174 0.057356608478802994 0.6304347826086957
20 0.0754364089775561 0.532608695652174 0.028678304239401497 0.8260869565217391
149 0.11596009975062344 0.657608695652174 0.04987531172069826 0.6195652173913043
72 0.15399002493765584 0.7826086956521738 0.016209476309226933 0.21739130434782608
163 0.22755610972568577 0.5597826086956521 0.03865336658354115 0.44565217391304346
39 0.2593516209476309 0.5760869565217391 0.029925187032418952 0.8043478260869565
84 0.348503740648379 0.5163043478260869 0.06359102244389027 0.25
23 0.4557356608478803 0.5163043478260869 0.031172069825436407 0.7934782608695652
20 0.5018703241895262 0.532608695652174 0.031172069825436407 0.8260869565217391
207 0.5399002493765586 0.5652173913043478 0.05486284289276808 0.43478260869565216
72 0.5791770573566085 0.7771739130434783 0.016209476309226933 0.22826086956521738
209 0.6546134663341646 0.6358695652173912 0.057356608478802994 0.6195652173913043
39 0.7051122194513716 0.5489130434782609 0.031172069825436407 0.7934782608695652
108 0.7905236907730673 0.47282608695652173 0.06483790523690773 0.5543478260869565
6 0.8852867830423939 0.46739130434782605 0.05486284289276808 0.6304347826086957
195 0.940149625935162 0.22282608695652173 0.034912718204488775 0.44565217391304346
71 0.990648379052369 0.5217391304347826 0.01371571072319202 0.43478260869565216
