30 0.0501002004008016 0.3924050632911392 0.1002004008016032 0.7341772151898734
20 0.1222444889779559 0.47468354430379744 0.04008016032064128 0.9493670886075949
82 0.1943887775551102 0.4873417721518987 0.09619238476953906 0.7721518987341772
72 0.26152304609218435 0.7658227848101266 0.022044088176352703 0.26582278481012656
82 0.3777555110220441 0.4620253164556962 0.10220440881763526 0.7721518987341772
39 0.4478957915831663 0.47468354430379744 0.04208416833667334 0.9240506329113924
84 0.5861723446893787 0.45569620253164556 0.09819639278557113 0.27848101265822783
35 0.7595190380761523 0.4113924050632911 0.10420841683366733 0.7215189873417721
126 0.8657314629258517 0.18987341772151897 0.09619238476953906 0.35443037974683544
39 0.9719438877755511 0.5 0.04809619238476953 0.9493670886075949
