47 0.045950155763239874 0.3902439024390244 0.09190031152647975 0.7317073170731707
20 0.13006230529595014 0.48170731707317077 0.03894080996884735 0.9390243902439025
143 0.19080996884735202 0.5182926829268293 0.0763239875389408 0.475609756097561
39 0.2507788161993769 0.48170731707317077 0.040498442367601244 0.9390243902439025
84 0.367601246105919 0.4329268292682927 0.08411214953271028 0.25609756097560976
59 0.5077881619937694 0.475609756097561 0.0778816199376947 0.951219512195122
20 0.5911214953271028 0.5060975609756098 0.03894080996884735 0.9390243902439025
143 0.6510903426791277 0.5365853658536586 0.0778816199376947 0.4634146341463415
39 0.7126168224299065 0.5060975609756098 0.03894080996884735 0.9390243902439025
128 0.823208722741433 0.45121951219512196 0.0794392523364486 0.07317073170731708
143 0.9587227414330218 0.5487804878048781 0.0763239875389408 0.4634146341463415
