168 0.0074896694214876035 0.4606741573033708 0.014979338842975207 0.449438202247191
145 0.022985537190082644 0.6235955056179775 0.00981404958677686 0.3258426966292135
20 0.04261363636363637 0.4606741573033708 0.01084710743801653 0.8764044943820224
207 0.06404958677685951 0.4550561797752809 0.01962809917355372 0.4157303370786517
72 0.07954545454545454 0.7078651685393258 0.008264462809917356 0.29213483146067415
113 0.10795454545454546 0.34269662921348315 0.01859504132231405 0.6404494382022472
195 0.1262913223140496 0.21348314606741572 0.01084710743801653 0.33707865168539325
39 0.14385330578512398 0.449438202247191 0.01084710743801653 0.8764044943820224
84 0.1890495867768595 0.4550561797752809 0.03925619834710744 0.16853932584269662
145 0.2308884297520661 0.3707865168539326 0.015495867768595042 0.6067415730337078
176 0.2525826446280992 0.4550561797752809 0.01859504132231405 0.8202247191011236
195 0.2740185950413223 0.3595505617977528 0.017045454545454544 0.6067415730337078
105 0.2915805785123967 0.348314606741573 0.011880165289256199 0.651685393258427
113 0.30991735537190085 0.348314606741573 0.01859504132231405 0.6292134831460674
23 0.33212809917355374 0.449438202247191 0.012396694214876033 0.8764044943820224
0 0.35640495867768596 0.33707865168539325 0.026859504132231406 0.6741573033707865
20 0.3866219008264463 0.47191011235955055 0.01084710743801653 0.8764044943820224
128 0.41864669421487605 0.47191011235955055 0.042871900826446284 0.06741573033707865
113 0.4628099173553719 0.3651685393258427 0.01859504132231405 0.6404494382022472
39 0.4837293388429752 0.46629213483146065 0.01084710743801653 0.8651685393258427
196 0.5082644628099173 0.4831460674157303 0.02169421487603306 0.42696629213483145
20 0.5327995867768596 0.4831460674157303 0.00981404958677686 0.898876404494382
207 0.5539772727272727 0.4887640449438202 0.020144628099173556 0.4157303370786517
72 0.5689566115702479 0.7359550561797753 0.007747933884297521 0.2808988764044944
113 0.5960743801652892 0.37640449438202245 0.01859504132231405 0.6404494382022472
39 0.6169938016528925 0.4382022471910112 0.01084710743801653 0.8089887640449438
125 0.6616735537190083 0.4943820224719101 0.04338842975206612 0.06741573033707865
0 0.7071280991735538 0.3932584269662921 0.026859504132231406 0.651685393258427
20 0.7368285123966942 0.5224719101123595 0.01084710743801653 0.8876404494382022
113 0.7587809917355373 0.398876404494382 0.01859504132231405 0.6404494382022472
39 0.7802169421487604 0.5112359550561798 0.01084710743801653 0.8651685393258427
196 0.8052685950413223 0.5224719101123595 0.022727272727272728 0.4382022471910112
20 0.8290289256198348 0.5337078651685393 0.010330578512396695 0.8876404494382022
207 0.8504648760330579 0.5224719101123595 0.020144628099173556 0.4157303370786517
72 0.8654442148760331 0.7752808988764045 0.007747933884297521 0.29213483146067415
128 0.9041838842975207 0.5393258426966292 0.04390495867768595 0.06741573033707865
113 0.9480888429752067 0.42696629213483145 0.019111570247933883 0.651685393258427
39 0.9692665289256198 0.5337078651685393 0.01084710743801653 0.8876404494382022
24 0.9925103305785125 0.5393258426966292 0.012913223140495868 0.8764044943820224
