49 0.04589114194236927 0.5 0.09178228388473854 0.5714285714285714
190 0.04429028815368197 0.06696428571428571 0.0288153681963714 0.13392857142857142
145 0.09711846318036287 0.8035714285714285 0.023479188900747065 0.3571428571428571
20 0.13180362860192102 0.5848214285714285 0.024546424759871933 0.7589285714285714
186 0.17662753468516543 0.5491071428571428 0.024546424759871933 0.4732142857142857
39 0.2145144076840982 0.5803571428571428 0.023479188900747065 0.75
89 0.2630736392742796 0.5669642857142857 0.052294557097118465 0.7767857142857142
84 0.3569903948772679 0.5223214285714285 0.05869797225186767 0.16964285714285712
42 0.4749199573105657 0.49107142857142855 0.064034151547492 0.6607142857142857
53 0.560298826040555 0.5848214285714285 0.042689434364994665 0.3839285714285714
105 0.6029882604055496 0.7946428571428571 0.014941302027748134 0.33928571428571425
188 0.6435432230522946 0.46428571428571425 0.040554962646744935 0.6071428571428571
105 0.6744930629669157 0.7901785714285714 0.014941302027748134 0.33035714285714285
20 0.7081109925293491 0.5714285714285714 0.024546424759871933 0.75
186 0.7513340448239061 0.5401785714285714 0.023479188900747065 0.4732142857142857
39 0.7913553895410886 0.5580357142857143 0.024546424759871933 0.7589285714285714
89 0.8404482390608325 0.5535714285714285 0.0544290288153682 0.7678571428571428
105 0.8692636072572039 0.7857142857142857 0.016008537886873 0.33928571428571425
155 0.9690501600853789 0.5044642857142857 0.0576307363927428 0.49107142857142855
