15 0.018976897689768978 0.4070796460176991 0.037953795379537955 0.5132743362831859
130 0.07508250825082509 0.48672566371681414 0.06765676567656766 0.35398230088495575
200 0.14603960396039603 0.4823008849557522 0.06435643564356436 0.34513274336283184
12 0.21782178217821782 0.5973451327433629 0.0627062706270627 0.3805309734513274
20 0.2887788778877888 0.48672566371681414 0.039603960396039604 0.9734513274336283
6 0.35973597359735976 0.41150442477876104 0.08250825082508251 0.5221238938053098
145 0.4249174917491749 0.41150442477876104 0.03135313531353135 0.5221238938053098
20 0.46947194719471946 0.5 0.037953795379537955 0.6637168141592921
50 0.5387788778877888 0.4247787610619469 0.11056105610561057 0.5132743362831859
18 0.6031353135313532 0.6061946902654867 0.04785478547854786 0.36283185840707965
39 0.6617161716171617 0.49557522123893805 0.039603960396039604 0.6548672566371682
39 0.7087458745874587 0.49557522123893805 0.041254125412541254 0.9734513274336283
84 0.8374587458745875 0.4823008849557522 0.09405940594059406 0.20353982300884954
211 0.9661716171617162 0.42920353982300885 0.06105610561056106 0.5221238938053098
