50 0.044715447154471545 0.4336734693877551 0.08943089430894309 0.6020408163265306
176 0.11043360433604336 0.49999999999999994 0.044715447154471545 0.9183673469387754
176 0.17682926829268292 0.5102040816326531 0.044715447154471545 0.9183673469387754
45 0.25203252032520324 0.4336734693877551 0.06504065040650406 0.6020408163265306
84 0.3617886178861789 0.49999999999999994 0.07859078590785908 0.24489795918367346
50 0.48509485094850946 0.4336734693877551 0.08943089430894309 0.6224489795918366
45 0.5460704607046071 0.21428571428571427 0.04336043360433604 0.42857142857142855
191 0.6402439024390244 0.4948979591836734 0.058265582655826556 0.4387755102040816
48 0.7615176151761518 0.4387755102040816 0.06775067750677506 0.5918367346938775
176 0.823170731707317 0.520408163265306 0.044715447154471545 0.9183673469387754
176 0.8895663956639567 0.5153061224489796 0.04742547425474255 0.9285714285714285
45 0.9654471544715447 0.4387755102040816 0.06368563685636856 0.5918367346938775
