6 0.06965174129353234 0.47252747252747257 0.13930348258706468 0.7032967032967034
56 0.1853233830845771 0.14285714285714288 0.0572139303482587 0.28571428571428575
56 0.26990049751243783 0.14285714285714288 0.0572139303482587 0.28571428571428575
104 0.3582089552238806 0.576923076923077 0.05472636815920398 0.09890109890109891
89 0.4427860696517413 0.45054945054945056 0.0845771144278607 0.7032967032967034
53 0.5286069651741293 0.5714285714285715 0.09203980099502487 0.4835164835164836
126 0.6703980099502488 0.565934065934066 0.17164179104477612 0.47252747252747257
105 0.7972636815920398 0.4560439560439561 0.05223880597014925 0.6923076923076924
115 0.8582089552238806 0.46153846153846156 0.04477611940298507 0.6813186813186813
209 0.9440298507462687 0.6593406593406594 0.10199004975124377 0.6373626373626374
