110 0.028580603725112393 0.45054945054945056 0.05716120745022479 0.9010989010989011
53 0.05394990366088632 0.9175824175824177 0.01669877970456005 0.14285714285714288
57 0.07578676942838793 0.13461538461538464 0.014129736673089274 0.19230769230769232
75 0.09762363519588953 0.46153846153846156 0.02569043031470777 0.3076923076923077
209 0.12331406551059729 0.565934065934066 0.023121387283236993 0.3076923076923077
204 0.15960179833012203 0.5054945054945056 0.0032113037893384713 0.46153846153846156
110 0.21836865767501604 0.4560439560439561 0.057803468208092484 0.9010989010989011
8 0.24694926140012843 0.8571428571428572 0.0224791265253693 0.23076923076923078
168 0.2822736030828516 0.5164835164835165 0.017341040462427744 0.2087912087912088
145 0.3012202954399486 0.598901098901099 0.011560693641618497 0.16483516483516486
20 0.3265895953757225 0.5164835164835165 0.01348747591522158 0.4285714285714286
207 0.352922286448298 0.5137362637362638 0.023763648041104687 0.20329670329670332
72 0.371868978805395 0.6401098901098902 0.00899165061014772 0.13736263736263737
116 0.40622992935131663 0.48901098901098905 0.023763648041104687 0.28571428571428575
39 0.4319203596660244 0.5192307692307693 0.012202954399486191 0.42307692307692313
168 0.4576107899807321 0.5164835164835165 0.017341040462427744 0.2087912087912088
145 0.4771997430956968 0.6071428571428572 0.011560693641618497 0.15934065934065936
20 0.5012845215157353 0.5192307692307693 0.01348747591522158 0.42307692307692313
209 0.527296082209377 0.576923076923077 0.023121387283236993 0.3076923076923077
72 0.546242774566474 0.6401098901098902 0.009633911368015413 0.13736263736263737
116 0.5806037251123956 0.4945054945054945 0.024405908798972382 0.28571428571428575
39 0.6062941554271034 0.5192307692307693 0.012845215157353885 0.42307692307692313
75 0.6374438021836866 0.4752747252747253 0.023763648041104687 0.3131868131868132
166 0.6602440590879897 0.6071428571428572 0.021836865767501604 0.25824175824175827
20 0.6894669235709697 0.532967032967033 0.01348747591522158 0.4285714285714286
116 0.7157996146435452 0.5 0.023763648041104687 0.28571428571428575
39 0.7411689145793191 0.521978021978022 0.012845215157353885 0.4285714285714286
204 0.7665382145150931 0.5137362637362638 0.0032113037893384713 0.4670329670329671
195 0.7989723827874117 0.4120879120879121 0.014129736673089274 0.16483516483516486
123 0.8477842003853564 0.5274725274725275 0.03982016698779704 0.3296703296703297
155 0.913615928066795 0.5384615384615385 0.04560051380860629 0.38461538461538464
109 0.981053307642903 0.5247252747252747 0.035324341682723186 0.19230769230769232
