4 0.00853018372703412 0.5159574468085106 0.01706036745406824 0.8404255319148936
196 0.03543307086614173 0.5585106382978723 0.028871391076115485 0.4148936170212766
200 0.06233595800524934 0.5478723404255319 0.02230971128608924 0.4148936170212766
5 0.08759842519685039 0.49468085106382975 0.016404199475065617 0.8404255319148936
20 0.11942257217847768 0.5531914893617021 0.014435695538057743 0.851063829787234
207 0.1466535433070866 0.5585106382978723 0.024278215223097113 0.39361702127659576
39 0.1729002624671916 0.5319148936170213 0.013779527559055118 0.8297872340425532
84 0.229002624671916 0.5425531914893617 0.049868766404199474 0.1702127659574468
149 0.2844488188976378 0.6382978723404256 0.025590551181102362 0.6170212765957447
20 0.3159448818897638 0.5212765957446809 0.013779527559055118 0.851063829787234
207 0.343503937007874 0.5159574468085106 0.025590551181102362 0.39361702127659576
39 0.3694225721784777 0.5053191489361702 0.014435695538057743 0.8404255319148936
4 0.4019028871391076 0.4734042553191489 0.016404199475065617 0.8404255319148936
196 0.4281496062992126 0.5053191489361702 0.02821522309711286 0.4148936170212766
20 0.45931758530183725 0.5159574468085106 0.014435695538057743 0.8404255319148936
207 0.48622047244094485 0.5053191489361702 0.024934383202099737 0.39361702127659576
39 0.5131233595800525 0.48936170212765956 0.013123359580052493 0.8297872340425532
200 0.541994750656168 0.5106382978723404 0.02230971128608924 0.40425531914893614
158 0.5610236220472441 0.19680851063829788 0.013123359580052493 0.26595744680851063
20 0.5853018372703412 0.48936170212765956 0.014435695538057743 0.8297872340425532
207 0.6122047244094488 0.49468085106382975 0.024934383202099737 0.39361702127659576
39 0.6387795275590551 0.48404255319148937 0.013779527559055118 0.8191489361702128
128 0.6958661417322834 0.48404255319148937 0.054461942257217844 0.05319148936170213
200 0.7496719160104987 0.4787234042553191 0.021653543307086614 0.40425531914893614
20 0.7798556430446194 0.48404255319148937 0.015091863517060367 0.8404255319148936
207 0.8061023622047244 0.4787234042553191 0.024278215223097113 0.40425531914893614
39 0.8326771653543307 0.44148936170212766 0.014435695538057743 0.8191489361702128
196 0.8648293963254593 0.4627659574468085 0.028871391076115485 0.4148936170212766
158 0.8858267716535433 0.18085106382978722 0.011811023622047244 0.2978723404255319
20 0.9091207349081365 0.4787234042553191 0.015091863517060367 0.851063829787234
207 0.9360236220472441 0.46808510638297873 0.024278215223097113 0.40425531914893614
39 0.9622703412073491 0.44680851063829785 0.013779527559055118 0.8297872340425532
5 0.9904855643044619 0.4148936170212766 0.016404199475065617 0.8297872340425532
