20 0.013392857142857142 0.48148148148148145 0.026785714285714284 0.9382716049382716
207 0.05357142857142857 0.5185185185185185 0.05133928571428571 0.49382716049382713
195 0.09877232142857142 0.7407407407407407 0.03013392857142857 0.4444444444444444
128 0.16238839285714285 0.48148148148148145 0.05915178571428571 0.07407407407407407
145 0.22935267857142855 0.4074074074074074 0.0234375 0.7160493827160493
39 0.26450892857142855 0.48765432098765427 0.026785714285714284 0.9506172839506173
186 0.31194196428571425 0.4444444444444444 0.0234375 0.5925925925925926
145 0.34598214285714285 0.7407407407407407 0.024553571428571428 0.4444444444444444
128 0.4107142857142857 0.4691358024691358 0.06026785714285714 0.09876543209876543
20 0.48046875 0.48148148148148145 0.027901785714285712 0.9629629629629629
207 0.51953125 0.49382716049382713 0.05022321428571428 0.49382716049382713
145 0.5647321428571428 0.7407407407407407 0.02232142857142857 0.4691358024691358
128 0.6283482142857143 0.47530864197530864 0.05803571428571428 0.08641975308641975
145 0.6947544642857143 0.3765432098765432 0.0234375 0.7037037037037037
39 0.7310267857142857 0.4691358024691358 0.026785714285714284 0.9382716049382716
186 0.7790178571428571 0.43209876543209874 0.02232142857142857 0.5925925925925926
195 0.8113839285714285 0.7098765432098765 0.03125 0.4567901234567901
84 0.8922991071428571 0.4567901234567901 0.06138392857142857 0.2716049382716049
196 0.9765625 0.48765432098765427 0.04241071428571428 0.48148148148148145
