205 0.04128440366972477 0.5180722891566265 0.08256880733944955 0.4819277108433735
78 0.12660550458715597 0.18674698795180725 0.062385321100917435 0.27710843373493976
20 0.20458715596330276 0.4819277108433735 0.045871559633027525 0.963855421686747
207 0.26880733944954127 0.5180722891566265 0.07889908256880734 0.4819277108433735
130 0.3321100917431193 0.8132530120481928 0.044036697247706424 0.3253012048192771
39 0.381651376146789 0.4879518072289157 0.044036697247706424 0.9277108433734941
121 0.5082568807339449 0.5 0.09541284403669725 0.7349397590361446
200 0.6403669724770642 0.5120481927710844 0.05871559633027523 0.46987951807228917
78 0.7137614678899082 0.18072289156626506 0.06605504587155964 0.28915662650602414
20 0.7935779816513762 0.47590361445783136 0.045871559633027525 0.9277108433734941
207 0.8587155963302753 0.5060240963855422 0.08073394495412844 0.4819277108433735
130 0.9238532110091744 0.7951807228915663 0.045871559633027525 0.3132530120481928
39 0.9743119266055047 0.4819277108433735 0.044036697247706424 0.9156626506024097
