204 0.003754693366708386 0.4807692307692307 0.007509386733416772 0.9102564102564102
204 0.02065081351689612 0.4807692307692307 0.006257822277847309 0.9102564102564102
149 0.06320400500625782 0.5897435897435898 0.05381727158948686 0.6923076923076923
204 0.11514392991239049 0.4807692307692307 0.007509386733416772 0.9102564102564102
204 0.1320400500625782 0.4807692307692307 0.006257822277847309 0.9102564102564102
17 0.1739674593241552 0.6602564102564102 0.0425531914893617 0.5256410256410257
71 0.24843554443053817 0.5128205128205128 0.01376720901126408 0.5128205128205128
84 0.3016270337922403 0.5 0.07008760951188986 0.28205128205128205
126 0.4205256570713392 0.5 0.08760951188986232 0.5128205128205128
53 0.49624530663329164 0.5064102564102564 0.05131414267834793 0.5256410256410257
207 0.5531914893617021 0.5064102564102564 0.057571964956195244 0.5
210 0.6013767209011264 0.7564102564102564 0.03379224030037547 0.358974358974359
108 0.6401752190237797 0.75 0.03379224030037547 0.3974358974358974
17 0.6858573216520651 0.6858974358974359 0.0425531914893617 0.5256410256410257
23 0.7334167709637046 0.5 0.025031289111389236 0.923076923076923
204 0.7665832290362954 0.5064102564102564 0.006257822277847309 0.9102564102564102
149 0.804755944931164 0.6217948717948718 0.0525657071339174 0.7051282051282051
20 0.853566958698373 0.4423076923076923 0.017521902377972465 0.8846153846153846
210 0.8904881101376722 0.5256410256410257 0.04630788485607009 0.5128205128205128
39 0.9236545682102628 0.4487179487179487 0.017521902377972465 0.8717948717948718
204 0.9530663329161452 0.5064102564102564 0.006257822277847309 0.9102564102564102
24 0.9856070087609512 0.5 0.023779724655819776 0.923076923076923
