49 0.03666666666666667 0.47706422018348627 0.07333333333333333 0.6055045871559633
190 0.03416666666666667 0.05045871559633028 0.023333333333333334 0.10091743119266056
145 0.07583333333333334 0.798165137614679 0.018333333333333333 0.3669724770642202
20 0.10416666666666667 0.555045871559633 0.021666666666666667 0.7798165137614679
186 0.13958333333333334 0.5275229357798166 0.020833333333333336 0.48623853211009177
39 0.17208333333333334 0.555045871559633 0.020833333333333336 0.7798165137614679
54 0.21708333333333335 0.5825688073394496 0.037500000000000006 0.3761467889908257
84 0.29208333333333336 0.5045871559633028 0.0475 0.1834862385321101
42 0.3720833333333334 0.47706422018348627 0.052500000000000005 0.6788990825688074
188 0.43041666666666667 0.45412844036697253 0.0325 0.6330275229357798
105 0.45583333333333337 0.798165137614679 0.013333333333333334 0.3486238532110092
20 0.48208333333333336 0.555045871559633 0.01916666666666667 0.7798165137614679
186 0.5154166666666667 0.5229357798165137 0.01916666666666667 0.4954128440366973
39 0.5441666666666667 0.5504587155963303 0.02 0.7706422018348624
54 0.5870833333333334 0.573394495412844 0.037500000000000006 0.3761467889908257
105 0.6183333333333334 0.8027522935779817 0.011666666666666667 0.3394495412844037
84 0.6779166666666667 0.5 0.04916666666666667 0.1926605504587156
42 0.7566666666666667 0.47247706422018354 0.05 0.6880733944954129
54 0.8150000000000001 0.5779816513761469 0.03666666666666667 0.3853211009174312
105 0.8454166666666667 0.798165137614679 0.0125 0.3486238532110092
84 0.9033333333333334 0.5045871559633028 0.04666666666666667 0.1834862385321101
54 0.9791666666666667 0.5825688073394496 0.03833333333333334 0.3761467889908257
