49 0.0640194489465154 0.4375 0.1280388978930308 0.6704545454545455
20 0.16288492706645055 0.5340909090909091 0.04051863857374392 0.8863636363636364
207 0.2285251215559157 0.5568181818181819 0.0713128038897893 0.4545454545454546
72 0.28606158833063206 0.7784090909090909 0.02106969205834684 0.26136363636363635
114 0.3784440842787682 0.5511363636363636 0.05672609400324149 0.4431818181818182
72 0.4278768233387358 0.7784090909090909 0.01944894651539708 0.26136363636363635
45 0.546191247974068 0.39204545454545453 0.09076175040518639 0.7840909090909091
20 0.6239870340356564 0.5170454545454546 0.03889789303079416 0.875
50 0.7050243111831442 0.42613636363636365 0.10372771474878444 0.6704545454545455
39 0.7901134521880064 0.5227272727272727 0.04051863857374392 0.8863636363636364
39 0.8346839546191248 0.5227272727272727 0.03889789303079416 0.8863636363636364
84 0.9538087520259318 0.46022727272727276 0.08589951377633712 0.23863636363636365
