20 0.01763668430335097 0.5526315789473684 0.03527336860670194 0.8526315789473684
149 0.08112874779541446 0.631578947368421 0.08465608465608465 0.6105263157894737
72 0.17724867724867724 0.8105263157894737 0.02292768959435626 0.25263157894736843
115 0.2742504409171076 0.4473684210526316 0.04409171075837742 0.6842105263157895
39 0.3298059964726631 0.5526315789473684 0.03527336860670194 0.8526315789473684
71 0.3968253968253968 0.5631578947368421 0.021164021164021163 0.4526315789473684
50 0.5317460317460317 0.4631578947368421 0.12169312169312169 0.631578947368421
167 0.7169312169312169 0.5421052631578948 0.12522045855379188 0.30526315789473685
6 0.8915343915343915 0.46842105263157896 0.09700176366843033 0.6631578947368421
195 0.9735449735449735 0.23157894736842105 0.04585537918871252 0.4631578947368421
