20 0.006378258458125347 0.54 0.012756516916250694 0.84
45 0.038546866333887965 0.455 0.03272323904603439 0.63
20 0.06239600665557405 0.54 0.013865779256794233 0.84
126 0.0976150859678314 0.56 0.03771491957848031 0.42
39 0.13089295618413757 0.545 0.013311148086522465 0.85
153 0.1591791458679978 0.5750000000000001 0.025513033832501388 0.73
39 0.18358291735995563 0.54 0.012201885745978925 0.84
20 0.2004991680532446 0.54 0.012756516916250694 0.84
207 0.22739877981142542 0.5650000000000001 0.025513033832501388 0.43
39 0.25374376039933444 0.545 0.012756516916250694 0.85
84 0.298114254021076 0.485 0.03161397670549085 0.19
188 0.3466444814198558 0.435 0.021075984470327234 0.67
20 0.3696616749861343 0.54 0.012756516916250694 0.84
53 0.39656128674431507 0.555 0.023294509151414313 0.43
172 0.4240155296727676 0.27 0.016084303937881312 0.26
53 0.44259567387687193 0.555 0.023294509151414313 0.43
128 0.47088186356073214 0.265 0.01663893510815308 0.05
145 0.49057127010538 0.21 0.011647254575707157 0.4
39 0.5094287298946201 0.54 0.012756516916250694 0.84
166 0.5354963948973933 0.64 0.02273987798114254 0.58
20 0.5610094287298947 0.55 0.012756516916250694 0.84
53 0.5876317249029396 0.5650000000000001 0.02273987798114254 0.43
39 0.6125901275651692 0.545 0.012756516916250694 0.85
204 0.6317249029395453 0.5650000000000001 0.003327787021630616 0.8300000000000001
25 0.6608430393788132 0.45 0.039378813089295625 0.64
53 0.6921797004991681 0.5650000000000001 0.022185246810870772 0.43
204 0.7129783693843594 0.5650000000000001 0.0038824181919023854 0.8300000000000001
145 0.7271214642262895 0.215 0.012201885745978925 0.41000000000000003
176 0.7481974486966169 0.27 0.021075984470327234 0.54
195 0.7681641708264005 0.20500000000000002 0.014420410427066002 0.41000000000000003
153 0.7900721020521354 0.585 0.027176927343316698 0.73
20 0.8169717138103162 0.545 0.013311148086522465 0.85
207 0.8435940099833611 0.56 0.02440377149195785 0.42
53 0.8699389905712702 0.555 0.02273987798114254 0.43
195 0.8976705490848587 0.215 0.014975041597337771 0.41000000000000003
53 0.9173599556295065 0.5650000000000001 0.023294509151414313 0.43
128 0.9464780920687743 0.27 0.01719356627842485 0.04
172 0.9711591791458681 0.28 0.014420410427066002 0.26
39 0.9925124792013312 0.54 0.012756516916250694 0.84
