186 0.01932367149758454 0.49288256227758004 0.03864734299516908 0.18861209964412812
20 0.07971014492753623 0.48576512455516013 0.037037037037037035 0.34519572953736655
187 0.15861513687600645 0.5142348754448398 0.05958132045088567 0.14590747330960854
39 0.23107890499194847 0.48576512455516013 0.037037037037037035 0.34519572953736655
84 0.3607085346215781 0.48398576512455516 0.09017713365539452 0.07117437722419928
20 0.5088566827697263 0.494661921708185 0.03864734299516908 0.98932384341637
145 0.6014492753623188 0.16014234875444838 0.0499194847020934 0.2277580071174377
187 0.7431561996779388 0.5 0.05958132045088567 0.1387900355871886
145 0.8880837359098228 0.8291814946619217 0.05314009661835749 0.2277580071174377
39 0.9782608695652174 0.49644128113879 0.037037037037037035 0.99288256227758
