89 0.025116279069767444 0.49462365591397855 0.05023255813953489 0.8387096774193549
84 0.09488372093023256 0.467741935483871 0.052093023255813956 0.24731182795698928
182 0.18930232558139537 0.48924731182795705 0.07906976744186046 0.9784946236559141
89 0.25627906976744186 0.478494623655914 0.051162790697674425 0.8494623655913979
54 0.2837209302325582 0.6827956989247312 0.03348837209302326 0.3118279569892473
207 0.32093023255813957 0.5053763440860215 0.037209302325581395 0.40860215053763443
54 0.35813953488372097 0.19354838709677422 0.03162790697674419 0.3010752688172043
108 0.42511627906976746 0.467741935483871 0.04093023255813954 0.5698924731182796
0 0.49348837209302326 0.39247311827956993 0.04558139534883721 0.6129032258064516
84 0.5711627906976745 0.4516129032258065 0.05023255813953489 0.25806451612903225
113 0.6413953488372094 0.37634408602150543 0.036279069767441864 0.6451612903225807
4 0.6734883720930233 0.4731182795698925 0.018604651162790697 0.8172043010752689
207 0.6986046511627907 0.48924731182795705 0.037209302325581395 0.41935483870967744
145 0.7325581395348838 0.6129032258064516 0.012093023255813955 0.4301075268817205
72 0.7590697674418605 0.7311827956989247 0.013023255813953489 0.23655913978494625
119 0.8237209302325582 0.6559139784946237 0.07534883720930233 0.10752688172043012
72 0.8888372093023257 0.7258064516129032 0.013953488372093025 0.24731182795698928
207 0.9269767441860466 0.5 0.03813953488372093 0.41935483870967744
130 0.9595348837209303 0.6881720430107527 0.023255813953488372 0.3010752688172043
5 0.9879069767441861 0.478494623655914 0.02046511627906977 0.8279569892473119
