201 0.04399323181049069 0.6333333333333333 0.08798646362098138 0.6222222222222222
108 0.17766497461928935 0.5055555555555555 0.077834179357022 0.5888888888888889
14 0.3155668358714044 0.4166666666666667 0.09644670050761421 0.6777777777777778
141 0.4027072758037225 0.5388888888888889 0.06091370558375634 0.45555555555555555
115 0.45685279187817257 0.4 0.03045685279187817 0.6888888888888889
20 0.5042301184433164 0.49444444444444446 0.0338409475465313 0.9666666666666667
8 0.5879864636209814 0.3944444444444445 0.09983079526226735 0.7000000000000001
163 0.6734348561759729 0.7222222222222222 0.04399323181049069 0.3111111111111111
72 0.7267343485617597 0.7611111111111112 0.018612521150592216 0.2777777777777778
7 0.8299492385786802 0.4 0.10998307952622673 0.6888888888888889
211 0.9170896785109983 0.7333333333333334 0.05414551607445008 0.48888888888888893
158 0.9086294416243654 0.2 0.02707275803722504 0.35555555555555557
39 0.9796954314720812 0.47222222222222227 0.0338409475465313 0.9444444444444445
