20 0.01749271137026239 0.45054945054945056 0.03498542274052478 0.8351648351648352
57 0.0641399416909621 0.3626373626373627 0.052478134110787174 0.6593406593406594
145 0.12099125364431487 0.6758241758241759 0.029154518950437316 0.40659340659340665
72 0.16326530612244897 0.7142857142857143 0.02040816326530612 0.26373626373626374
119 0.27040816326530615 0.631868131868132 0.09183673469387756 0.1208791208791209
72 0.34475218658892126 0.7142857142857143 0.018950437317784258 0.26373626373626374
57 0.423469387755102 0.3626373626373627 0.05393586005830904 0.6593406593406594
112 0.46574344023323616 0.7307692307692308 0.039358600583090375 0.4945054945054945
72 0.5036443148688047 0.7032967032967034 0.018950437317784258 0.2417582417582418
57 0.5809037900874635 0.3626373626373627 0.05393586005830904 0.6593406593406594
112 0.629737609329446 0.7252747252747254 0.037900874635568516 0.5054945054945056
158 0.6290087463556852 0.19230769230769232 0.018950437317784258 0.2527472527472528
155 0.6909620991253644 0.6648351648351649 0.04664723032069971 0.38461538461538464
145 0.7551020408163265 0.6703296703296704 0.029154518950437316 0.39560439560439564
72 0.7973760932944606 0.7032967032967034 0.02040816326530612 0.26373626373626374
119 0.9016034985422741 0.6208791208791209 0.09183673469387756 0.1208791208791209
39 0.9795918367346939 0.42307692307692313 0.03498542274052478 0.8461538461538463
