89 0.03641207815275311 0.5594059405940595 0.07282415630550622 0.7821782178217822
70 0.14920071047957373 0.5643564356435644 0.056838365896980464 0.33663366336633666
31 0.2735346358792185 0.4801980198019802 0.08880994671403197 0.6039603960396039
20 0.35701598579040855 0.5544554455445545 0.03197158081705151 0.8514851485148515
196 0.42539964476021314 0.5891089108910891 0.0763765541740675 0.38613861386138615
72 0.4911190053285968 0.7970297029702971 0.019538188277087035 0.24752475247524752
200 0.5710479573712256 0.5841584158415841 0.06216696269982238 0.39603960396039606
39 0.635879218472469 0.5396039603960396 0.03197158081705151 0.8415841584158416
84 0.7646536412078153 0.5495049504950495 0.0941385435168739 0.22772277227722773
200 0.8978685612788633 0.5742574257425742 0.06216696269982238 0.39603960396039606
113 0.9706927175843695 0.2079207920792079 0.05150976909413855 0.4158415841584158
