54 0.04282655246252677 0.3448275862068966 0.08565310492505354 0.6551724137931034
145 0.11349036402569594 0.6637931034482758 0.047109207708779445 0.603448275862069
72 0.16488222698072805 0.6551724137931034 0.02569593147751606 0.3793103448275862
54 0.28693790149892934 0.3448275862068966 0.08565310492505354 0.6206896551724138
195 0.36402569593147754 0.646551724137931 0.047109207708779445 0.603448275862069
72 0.41541755888650966 0.646551724137931 0.02569593147751606 0.3620689655172414
119 0.6092077087794433 0.5431034482758621 0.22055674518201285 0.1896551724137931
72 0.7762312633832977 0.6379310344827586 0.023554603854389723 0.3793103448275862
54 0.9004282655246253 0.3189655172413793 0.0835117773019272 0.6379310344827586
163 0.9710920770877944 0.6637931034482758 0.049250535331905786 0.46551724137931033
