27 0.06933333333333333 0.48333333333333334 0.13866666666666666 0.9666666666666667
104 0.176 0.6083333333333333 0.058666666666666666 0.15
64 0.25866666666666666 0.625 0.07466666666666666 0.65
141 0.35866666666666663 0.625 0.088 0.65
130 0.476 0.6333333333333333 0.09333333333333332 0.6666666666666666
168 0.576 0.625 0.06933333333333333 0.65
186 0.66 0.5416666666666666 0.050666666666666665 0.8166666666666667
53 0.748 0.625 0.09866666666666667 0.65
130 0.872 0.6416666666666666 0.096 0.65
186 0.9693333333333333 0.5416666666666666 0.050666666666666665 0.8166666666666667
