196 0.019315188762071993 0.55 0.038630377524143986 0.43333333333333335
20 0.061018437225636525 0.5333333333333333 0.018437225636523266 0.888888888888889
207 0.09657594381035997 0.5388888888888889 0.03511852502194908 0.43333333333333335
72 0.12291483757682177 0.788888888888889 0.014047410008779631 0.2888888888888889
116 0.16944688323090432 0.48333333333333334 0.033362598770851626 0.5888888888888889
39 0.20500438981562774 0.5277777777777778 0.02019315188762072 0.8777777777777778
84 0.28138718173836696 0.5333333333333333 0.06760316066725197 0.17777777777777778
4 0.35776997366110624 0.5333333333333333 0.021949078138718173 0.888888888888889
10 0.398595258999122 0.4277777777777778 0.050921861281826165 0.6555555555555556
20 0.44644424934152765 0.5277777777777778 0.018437225636523266 0.8777777777777778
116 0.4820017559262511 0.46111111111111114 0.03687445127304653 0.5888888888888889
39 0.517998244073749 0.5 0.019315188762071993 0.8666666666666667
128 0.5952589991220368 0.5111111111111112 0.07550482879719052 0.08888888888888889
10 0.6755926251097454 0.3944444444444445 0.05004389815627744 0.6555555555555556
20 0.7243195785776997 0.5166666666666667 0.019315188762071993 0.8777777777777778
211 0.7611940298507462 0.4166666666666667 0.029850746268656716 0.6111111111111112
39 0.7967515364354697 0.48888888888888893 0.02019315188762072 0.8666666666666667
5 0.8340649692712906 0.4444444444444445 0.0228270412642669 0.888888888888889
196 0.8753292361720808 0.49444444444444446 0.03687445127304653 0.43333333333333335
20 0.9165935030728709 0.48888888888888893 0.019315188762071993 0.888888888888889
207 0.9534679543459175 0.48888888888888893 0.03511852502194908 0.4222222222222222
39 0.9881474978050921 0.4777777777777778 0.02019315188762072 0.8666666666666667
