149 0.028768699654775604 0.6234567901234568 0.05753739930955121 0.7037037037037037
84 0.1478711162255466 0.3765432098765432 0.06789413118527042 0.30864197530864196
189 0.2508630609896433 0.4012345679012346 0.04142692750287687 0.7530864197530864
145 0.3009205983889528 0.3950617283950617 0.028768699654775604 0.7407407407407407
189 0.3469505178365938 0.38888888888888884 0.04027617951668585 0.7530864197530864
72 0.38837744533947066 0.7530864197530864 0.012658227848101266 0.24691358024691357
175 0.4626006904487917 0.38271604938271603 0.04142692750287687 0.7407407407407407
91 0.5086306098964327 0.38271604938271603 0.04142692750287687 0.7407407407407407
189 0.5569620253164557 0.3950617283950617 0.039125431530494824 0.7407407407407407
72 0.596662830840046 0.7654320987654321 0.012658227848101266 0.2716049382716049
175 0.6720368239355581 0.3765432098765432 0.04142692750287687 0.7530864197530864
170 0.7220943613348677 0.38271604938271603 0.04027617951668585 0.7407407407407407
170 0.7692750287686997 0.3765432098765432 0.04027617951668585 0.728395061728395
72 0.8072497123130035 0.7654320987654321 0.012658227848101266 0.2716049382716049
170 0.883199079401611 0.37037037037037035 0.04027617951668585 0.7407407407407407
170 0.9315304948216341 0.37037037037037035 0.04027617951668585 0.7407407407407407
189 0.977560414269275 0.4012345679012346 0.04027617951668585 0.7530864197530864
