20 0.015600624024960999 0.5 0.031201248049921998 0.951219512195122
126 0.10140405616224649 0.5060975609756098 0.093603744149766 0.45121951219512196
84 0.24960998439937598 0.5060975609756098 0.11856474258970359 0.20731707317073172
145 0.37753510140405616 0.4207317073170732 0.046801872074883 0.6707317073170732
72 0.4266770670826833 0.7682926829268293 0.0265210608424337 0.3170731707317073
195 0.5093603744149766 0.39634146341463417 0.0514820592823713 0.6707317073170732
72 0.5569422776911077 0.7560975609756098 0.0249609984399376 0.3170731707317073
189 0.6396255850234009 0.41463414634146345 0.0499219968798752 0.6585365853658537
72 0.6879875195007801 0.7621951219512195 0.0249609984399376 0.3048780487804878
67 0.8447737909516381 0.43902439024390244 0.2106084243369735 0.1951219512195122
39 0.9804992199687987 0.475609756097561 0.0327613104524181 0.951219512195122
