195 0.03216911764705882 0.5 0.06433823529411764 0.9344262295081968
130 0.12224264705882353 0.6557377049180328 0.06433823529411764 0.6229508196721312
104 0.18474264705882354 0.6475409836065574 0.03860294117647059 0.11475409836065574
75 0.25275735294117646 0.4754098360655738 0.07169117647058823 0.9508196721311476
105 0.31525735294117646 0.4672131147540984 0.027573529411764705 0.9344262295081968
126 0.3988970588235294 0.6229508196721312 0.11397058823529412 0.6229508196721312
80 0.4963235294117647 0.6311475409836066 0.05514705882352941 0.639344262295082
130 0.5726102941176471 0.6311475409836066 0.07169117647058823 0.639344262295082
168 0.6433823529411765 0.6311475409836066 0.044117647058823525 0.639344262295082
105 0.6939338235294118 0.4672131147540984 0.03125 0.9344262295081968
141 0.7564338235294118 0.6311475409836066 0.06801470588235294 0.639344262295082
130 0.8419117647058824 0.6311475409836066 0.07352941176470588 0.639344262295082
53 0.9246323529411764 0.6147540983606558 0.0625 0.639344262295082
115 0.9816176470588235 0.4672131147540984 0.029411764705882353 0.9344262295081968
