7 0.04360056258790436 0.4120879120879121 0.08720112517580872 0.6703296703296704
64 0.11251758087201125 0.7362637362637363 0.030942334739803096 0.3076923076923077
84 0.2180028129395218 0.5109890109890111 0.0759493670886076 0.2527472527472528
89 0.33122362869198313 0.5164835164835165 0.057665260196905765 0.8571428571428572
128 0.4050632911392405 0.2692307692307693 0.053445850914205346 0.05494505494505495
145 0.46835443037974683 0.2197802197802198 0.02812939521800281 0.4395604395604396
20 0.5225035161744023 0.5164835164835165 0.026722925457102673 0.9230769230769231
64 0.5682137834036568 0.565934065934066 0.04219409282700422 0.4285714285714286
39 0.6132208157524613 0.521978021978022 0.02531645569620253 0.9120879120879122
72 0.6547116736990155 0.8076923076923077 0.015471167369901548 0.27472527472527475
64 0.739803094233474 0.5604395604395604 0.04219409282700422 0.4395604395604396
108 0.8354430379746836 0.5384615384615385 0.06469760900140648 0.5714285714285715
8 0.9563994374120957 0.45054945054945056 0.08157524613220817 0.6813186813186813
