20 0.025835866261398176 0.4609375 0.05167173252279635 0.890625
47 0.15653495440729484 0.375 0.13069908814589665 0.71875
20 0.2689969604863222 0.46875 0.04559270516717325 0.90625
189 0.3525835866261398 0.359375 0.0668693009118541 0.71875
39 0.43465045592705165 0.4765625 0.0486322188449848 0.921875
72 0.4969604863221884 0.75 0.02127659574468085 0.25
47 0.6337386018237082 0.390625 0.12462006079027356 0.71875
20 0.7386018237082067 0.5 0.0486322188449848 0.90625
145 0.8206686930091185 0.3828125 0.0668693009118541 0.703125
39 0.9027355623100304 0.5 0.0486322188449848 0.90625
39 0.9696048632218845 0.5078125 0.0486322188449848 0.921875
