76 0.01810436634717785 0.4504950495049505 0.0362087326943557 0.3069306930693069
158 0.058040468583599576 0.3564356435643564 0.015974440894568693 0.10891089108910891
84 0.13738019169329074 0.49257425742574257 0.059637912673056445 0.10396039603960396
159 0.27156549520766776 0.4876237623762376 0.08093716719914804 0.4702970297029703
149 0.27209797657082 0.905940594059406 0.028753993610223644 0.16831683168316833
20 0.37965921192758256 0.5024752475247525 0.03727369542066028 0.9356435643564357
145 0.43823216187433445 0.452970297029703 0.030883919062832804 0.29207920792079206
155 0.5324813631522897 0.48514851485148514 0.05111821086261981 0.2376237623762376
94 0.7689030883919064 0.48267326732673266 0.3514376996805112 0.04455445544554455
149 0.6171458998935038 0.7970297029702971 0.04579339723109692 0.27722772277227725
195 0.6613418530351438 0.655940594059406 0.027689030883919066 0.18316831683168316
20 0.6948881789137381 0.7475247524752475 0.02449414270500533 0.38613861386138615
149 0.7353567625133121 0.7945544554455446 0.0415335463258786 0.2821782178217822
145 0.7667731629392972 0.1782178217821782 0.029818956336528223 0.2871287128712871
155 0.8194888178913738 0.7425742574257426 0.052183173588924395 0.2376237623762376
145 0.895101171458999 0.7029702970297029 0.028753993610223644 0.297029702970297
39 0.9313099041533547 0.7326732673267327 0.028753993610223644 0.38613861386138615
39 0.9787007454739085 0.46782178217821785 0.03833865814696486 0.9356435643564357
