205 0.03355263157894737 0.5182926829268293 0.06710526315789474 0.475609756097561
20 0.09539473684210525 0.5 0.03289473684210526 0.951219512195122
89 0.15 0.48170731707317077 0.06315789473684211 0.9634146341463415
20 0.20657894736842106 0.4878048780487805 0.031578947368421054 0.951219512195122
207 0.25921052631578945 0.5182926829268293 0.05789473684210526 0.5
39 0.3111842105263158 0.5 0.03289473684210526 0.951219512195122
72 0.3427631578947368 0.7621951219512195 0.017105263157894738 0.2804878048780488
153 0.42236842105263156 0.5365853658536586 0.060526315789473685 0.8292682926829269
39 0.4697368421052632 0.4878048780487805 0.031578947368421054 0.951219512195122
179 0.5697368421052631 0.5121951219512195 0.07105263157894737 0.7804878048780488
205 0.6888157894736842 0.5 0.06973684210526315 0.4878048780487805
20 0.7506578947368421 0.49390243902439024 0.03289473684210526 0.9634146341463415
207 0.8039473684210526 0.5121951219512195 0.05789473684210526 0.4878048780487805
72 0.8506578947368421 0.7560975609756098 0.017105263157894738 0.29268292682926833
160 0.9309210526315789 0.5 0.06184210526315789 0.926829268292683
39 0.981578947368421 0.48170731707317077 0.031578947368421054 0.9634146341463415
