84 0.04296296296296296 0.45054945054945056 0.08592592592592592 0.2197802197802198
188 0.17777777777777776 0.38461538461538464 0.06518518518518518 0.7472527472527473
20 0.2459259259259259 0.5109890109890111 0.038518518518518514 0.9340659340659342
186 0.3081481481481481 0.4670329670329671 0.035555555555555556 0.5824175824175825
39 0.3644444444444444 0.5 0.035555555555555556 0.9120879120879122
54 0.44 0.5274725274725275 0.06518518518518518 0.4395604395604396
155 0.5725925925925925 0.4285714285714286 0.08444444444444445 0.6153846153846154
188 0.7088888888888889 0.37362637362637363 0.06074074074074074 0.7472527472527473
20 0.7733333333333333 0.5 0.035555555555555556 0.9340659340659342
186 0.8340740740740741 0.46153846153846156 0.035555555555555556 0.5934065934065934
39 0.8874074074074073 0.5054945054945056 0.035555555555555556 0.9230769230769231
59 0.9592592592592593 0.47802197802197804 0.07555555555555556 0.9340659340659342
