89 0.027777777777777776 0.5454545454545455 0.05555555555555555 0.787878787878788
71 0.08875338753387534 0.5808080808080809 0.012195121951219513 0.37373737373737376
10 0.19173441734417343 0.4646464646464647 0.07994579945799458 0.6262626262626263
78 0.26151761517615174 0.2676767676767677 0.04336043360433604 0.31313131313131315
167 0.4078590785907859 0.5454545454545455 0.0975609756097561 0.2828282828282829
6 0.5684281842818428 0.4595959595959596 0.07994579945799458 0.6565656565656566
30 0.6571815718157181 0.4595959595959596 0.07588075880758807 0.6161616161616162
145 0.728319783197832 0.20202020202020204 0.025745257452574527 0.4040404040404041
58 0.7838753387533876 0.5454545454545455 0.04200542005420054 0.8686868686868687
150 0.8462059620596206 0.4545454545454546 0.06097560975609756 0.6464646464646465
48 0.9254742547425474 0.4696969696969697 0.07859078590785908 0.6363636363636365
130 0.9735772357723578 0.7525252525252526 0.04742547425474255 0.29292929292929293
