149 0.05073995771670191 0.6234567901234568 0.10147991543340382 0.7037037037037037
190 0.0708245243128964 0.13580246913580246 0.052854122621564484 0.12345679012345678
3 0.15856236786469347 0.38888888888888884 0.10993657505285413 0.728395061728395
4 0.24947145877378438 0.48148148148148145 0.042283298097251586 0.9382716049382716
196 0.31712473572938693 0.5123456790123456 0.08033826638477802 0.48148148148148145
145 0.3964059196617336 0.6419753086419753 0.027484143763213533 0.49382716049382713
72 0.45665961945031713 0.7654320987654321 0.029598308668076112 0.2716049382716049
67 0.6025369978858351 0.6790123456790123 0.16913319238900634 0.12345679012345678
72 0.7505285412262157 0.7530864197530864 0.029598308668076112 0.2716049382716049
196 0.8435517970401691 0.49382716049382713 0.07610993657505286 0.4691358024691358
163 0.9143763213530656 0.7098765432098765 0.052854122621564484 0.3333333333333333
5 0.9735729386892178 0.4691358024691358 0.04439746300211417 0.9382716049382716
