0 0.031877213695395513 0.3860759493670886 0.06375442739079103 0.7215189873417721
153 0.11511216056670602 0.4873417721518987 0.05548996458087367 0.9746835443037974
71 0.16824085005903186 0.49367088607594933 0.01062573789846517 0.5063291139240507
22 0.2756788665879575 0.3860759493670886 0.09327036599763872 0.7215189873417721
167 0.3896103896103896 0.47468354430379744 0.089728453364817 0.3670886075949367
14 0.4970484061393152 0.37341772151898733 0.07319952774498228 0.7215189873417721
141 0.5619834710743802 0.4810126582278481 0.0448642266824085 0.5316455696202531
126 0.6292798110979929 0.47468354430379744 0.08264462809917356 0.5189873417721519
35 0.6989374262101534 0.7341772151898734 0.04250295159386068 0.45569620253164556
20 0.743211334120425 0.4810126582278481 0.02243211334120425 0.9620253164556962
22 0.806375442739079 0.3860759493670886 0.09681227863046045 0.7215189873417721
72 0.8683589138134592 0.7784810126582279 0.015348288075560802 0.26582278481012656
35 0.935064935064935 0.3987341772151899 0.06375442739079103 0.7215189873417721
39 0.985832349468713 0.4810126582278481 0.023612750885478158 0.9620253164556962
