20 0.015597920277296359 0.4747474747474748 0.031195840554592718 0.7676767676767677
128 0.10398613518197573 0.47979797979797983 0.08665511265164644 0.05050505050505051
145 0.20883882149046792 0.4040404040404041 0.03986135181975736 0.5858585858585859
39 0.2651646447140381 0.47979797979797983 0.03466204506065858 0.7575757575757577
172 0.3136915077989601 0.2474747474747475 0.04852686308492201 0.25252525252525254
149 0.365684575389948 0.43434343434343436 0.04506065857885615 0.32323232323232326
176 0.4150779896013865 0.2272727272727273 0.025996533795493933 0.4545454545454546
195 0.4601386481802426 0.18181818181818182 0.04332755632582322 0.36363636363636365
89 0.5441941074523396 0.4646464646464647 0.08318890814558058 0.7676767676767677
149 0.5883882149046793 0.8181818181818182 0.04332755632582322 0.32323232323232326
20 0.6568457538994801 0.4747474747474748 0.031195840554592718 0.7676767676767677
76 0.7097053726169844 0.37878787878787884 0.05719237435008665 0.6161616161616162
39 0.7660311958405546 0.4646464646464647 0.03466204506065858 0.7676767676767677
100 0.8552859618717504 0.4696969696969697 0.09185441941074522 0.43434343434343436
211 0.9644714038128249 0.38383838383838387 0.06412478336221837 0.5858585858585859
