17 0.047656250000000004 0.4668246445497631 0.09531250000000001 0.26066350710900477
20 0.13203125000000002 0.5023696682464456 0.029687500000000002 0.3601895734597157
149 0.1796875 0.5497630331753555 0.059375000000000004 0.2559241706161138
72 0.22812500000000002 0.6113744075829385 0.018750000000000003 0.1042654028436019
50 0.325 0.46919431279620855 0.096875 0.26540284360189575
39 0.3953125 0.504739336492891 0.028125 0.35545023696682465
84 0.47734375 0.5 0.07968750000000001 0.09004739336492892
105 0.58515625 0.4573459715639811 0.029687500000000002 0.27014218009478674
130 0.63828125 0.5023696682464456 0.0671875 0.18009478672985785
89 0.696875 0.4573459715639811 0.043750000000000004 0.2796208530805687
23 0.7953125000000001 0.49526066350710907 0.059375000000000004 0.9905213270142181
204 0.8421875000000001 0.5023696682464456 0.00625 0.35071090047393366
54 0.89609375 0.514218009478673 0.0546875 0.18483412322274884
204 0.9476562500000001 0.5023696682464456 0.0078125 0.35071090047393366
71 0.98984375 0.5118483412322276 0.0140625 0.18957345971563982
