20 0.02218430034129693 0.4896907216494845 0.04436860068259386 0.8144329896907216
128 0.10238907849829351 0.4845360824742268 0.08873720136518772 0.061855670103092786
145 0.20989761092150172 0.4175257731958763 0.03754266211604096 0.6082474226804123
39 0.2636518771331058 0.4896907216494845 0.03242320819112628 0.7938144329896907
172 0.3097269624573379 0.24742268041237114 0.04607508532423208 0.24742268041237114
149 0.363481228668942 0.42783505154639173 0.04436860068259386 0.3402061855670103
176 0.4044368600682594 0.23711340206185566 0.023890784982935155 0.4536082474226804
195 0.454778156996587 0.18556701030927836 0.042662116040955635 0.3711340206185567
89 0.5511945392491467 0.4793814432989691 0.08532423208191127 0.7938144329896907
149 0.5964163822525598 0.8041237113402062 0.04607508532423208 0.35051546391752575
20 0.6629692832764505 0.5 0.03242320819112628 0.7938144329896907
76 0.7175767918088737 0.41237113402061853 0.059726962457337884 0.6391752577319587
39 0.7738907849829352 0.5 0.03242320819112628 0.7938144329896907
100 0.8592150170648464 0.5051546391752577 0.09044368600682594 0.4536082474226804
211 0.9650170648464164 0.422680412371134 0.06313993174061433 0.6185567010309279
