205 0.03858784893267652 0.5517241379310345 0.07717569786535304 0.45977011494252873
158 0.09688013136288998 0.24137931034482757 0.019704433497536946 0.25287356321839083
20 0.14614121510673234 0.5287356321839081 0.03940886699507389 0.8735632183908046
207 0.20525451559934318 0.5574712643678161 0.07553366174055828 0.4482758620689655
126 0.2766830870279146 0.8160919540229885 0.05747126436781609 0.27586206896551724
39 0.33004926108374383 0.5229885057471264 0.03940886699507389 0.8850574712643678
128 0.4014778325123153 0.1896551724137931 0.0541871921182266 0.05747126436781609
145 0.4753694581280788 0.20689655172413793 0.034482758620689655 0.41379310344827586
205 0.5533661740558292 0.5632183908045977 0.07881773399014778 0.45977011494252873
158 0.6133004926108374 0.22988505747126436 0.02134646962233169 0.25287356321839083
20 0.6633825944170771 0.5287356321839081 0.03940886699507389 0.8735632183908046
145 0.7151067323481116 0.46551724137931033 0.034482758620689655 0.6551724137931034
39 0.7701149425287356 0.5287356321839081 0.03940886699507389 0.896551724137931
108 0.8505747126436781 0.5574712643678161 0.06239737274220033 0.47126436781609193
6 0.9540229885057471 0.4540229885057471 0.08538587848932676 0.6781609195402298
