149 0.02148846960167715 0.6479591836734694 0.0429769392033543 0.5816326530612245
128 0.07232704402515723 0.3010204081632653 0.041928721174004195 0.07142857142857142
145 0.12002096436058701 0.260204081632653 0.022012578616352203 0.4387755102040816
20 0.16037735849056606 0.5306122448979591 0.020964360587002098 0.8979591836734693
41 0.20649895178197067 0.44897959183673464 0.050314465408805034 0.673469387755102
39 0.25209643605870025 0.5306122448979591 0.019916142557651992 0.8979591836734693
178 0.32914046121593293 0.520408163265306 0.05450733752620546 0.5510204081632653
6 0.4255765199161426 0.4336734693877551 0.06289308176100629 0.6632653061224489
195 0.4806079664570231 0.2193877551020408 0.02830188679245283 0.4387755102040816
20 0.5513626834381552 0.5051020408163265 0.020964360587002098 0.8877551020408162
149 0.5880503144654088 0.6224489795918366 0.04402515723270441 0.5918367346938775
108 0.6645702306079665 0.49999999999999994 0.04821802935010482 0.5510204081632653
6 0.7552410901467506 0.4183673469387755 0.06184486373165619 0.673469387755102
4 0.8066037735849058 0.4897959183673469 0.013626834381551364 0.9183673469387754
207 0.840146750524109 0.520408163265306 0.0429769392033543 0.42857142857142855
72 0.8768343815513627 0.7295918367346939 0.011530398322851153 0.25510204081632654
209 0.9250524109014675 0.6020408163265306 0.04088050314465409 0.5918367346938775
5 0.9570230607966458 0.47959183673469385 0.012578616352201259 0.9183673469387754
39 0.9874213836477987 0.47959183673469385 0.020964360587002098 0.8979591836734693
