13 0.030453257790368272 0.43157894736842106 0.060906515580736544 0.6526315789473685
64 0.08994334277620397 0.7473684210526316 0.032577903682719546 0.29473684210526313
84 0.19617563739376773 0.5210526315789473 0.07790368271954674 0.24210526315789474
89 0.31019830028328615 0.5157894736842105 0.059490084985835696 0.8421052631578947
128 0.3838526912181303 0.2736842105263158 0.053824362606232294 0.06315789473684211
145 0.44688385269121816 0.2263157894736842 0.029745042492917848 0.43157894736842106
20 0.5 0.5263157894736842 0.028328611898016998 0.9052631578947368
64 0.548158640226629 0.5631578947368421 0.042492917847025496 0.43157894736842106
39 0.5934844192634561 0.5210526315789473 0.028328611898016998 0.9157894736842105
65 0.6777620396600567 0.4894736842105263 0.06657223796033995 0.5789473684210527
148 0.7847025495750709 0.031578947368421054 0.09348441926345609 0.06315789473684211
3 0.7839943342776204 0.4421052631578947 0.08356940509915015 0.6526315789473685
83 0.8555240793201133 0.7526315789473684 0.0368271954674221 0.3263157894736842
155 0.9164305949008499 0.731578947368421 0.059490084985835696 0.47368421052631576
76 0.9780453257790369 0.6631578947368421 0.03824362606232295 0.4631578947368421
