48 0.016860821581851624 0.4 0.03372164316370325 0.6888888888888889
141 0.04353157572041692 0.5 0.02329858982219497 0.48888888888888893
115 0.06376456161863887 0.3944444444444445 0.01226241569589209 0.6777777777777778
7 0.09012875536480686 0.6333333333333333 0.029429797670141016 0.4666666666666667
64 0.11404046597179644 0.8555555555555556 0.01103617412630288 0.22222222222222224
20 0.137952176578786 0.48888888888888893 0.01103617412630288 0.9333333333333333
48 0.16646229307173513 0.40555555555555556 0.03494788473329246 0.6777777777777778
64 0.18546903740036785 0.7222222222222222 0.014101778050275904 0.3111111111111111
39 0.2066217044757817 0.48333333333333334 0.01103617412630288 0.9444444444444445
121 0.2510729613733905 0.5 0.030042918454935622 0.7333333333333334
113 0.299202942979767 0.40555555555555556 0.02329858982219497 0.6777777777777778
4 0.3218884120171674 0.48333333333333334 0.006131207847946045 0.9666666666666667
20 0.33721643163703247 0.48333333333333334 0.01103617412630288 0.9222222222222223
145 0.36020846106683013 0.4166666666666667 0.015328019619865112 0.6333333333333333
155 0.4031269160024525 0.5 0.03126916002452483 0.6
83 0.4457388105456775 0.5222222222222223 0.019619865113427344 0.4666666666666667
39 0.46689147762109134 0.48888888888888893 0.011649294911097485 0.9333333333333333
48 0.49662783568362967 0.41111111111111115 0.03310852237890864 0.6888888888888889
141 0.5226854690374003 0.5111111111111112 0.022685469037400367 0.48888888888888893
115 0.542611894543225 0.40555555555555556 0.01226241569589209 0.6777777777777778
7 0.5683629675045984 0.6444444444444445 0.028203556100551808 0.4666666666666667
211 0.5935009196811771 0.8111111111111111 0.0134886572654813 0.33333333333333337
20 0.6186388718577559 0.49444444444444446 0.01103617412630288 0.9222222222222223
48 0.6468424279583077 0.4166666666666667 0.034334763948497854 0.6777777777777778
211 0.667381974248927 0.6555555555555556 0.01778050275904353 0.4666666666666667
39 0.6897608828939301 0.48888888888888893 0.01103617412630288 0.9333333333333333
155 0.7317596566523604 0.48888888888888893 0.032495401594114036 0.6
83 0.7740649908031881 0.5166666666666667 0.02023298589822195 0.4777777777777778
48 0.8133047210300429 0.4 0.03372164316370325 0.6888888888888889
141 0.8393623543838136 0.5 0.02329858982219497 0.48888888888888893
115 0.8595953402820355 0.3944444444444445 0.01226241569589209 0.6777777777777778
143 0.8810545677498467 0.7222222222222222 0.02329858982219497 0.2888888888888889
20 0.9086450030656039 0.4777777777777778 0.01103617412630288 0.9333333333333333
48 0.937155119558553 0.40555555555555556 0.03494788473329246 0.6777777777777778
211 0.9573881054567749 0.6444444444444445 0.01778050275904353 0.4666666666666667
39 0.9791538933169834 0.4777777777777778 0.01103617412630288 0.9333333333333333
5 0.9954015941140404 0.48333333333333334 0.00674432863274065 0.9666666666666667
