51 0.024288107202680067 0.40476190476190477 0.048576214405360134 0.7142857142857142
45 0.06197654941373534 0.6190476190476191 0.02680067001675042 0.42857142857142855
70 0.09631490787269682 0.20833333333333331 0.02345058626465662 0.34523809523809523
20 0.11976549413735343 0.45238095238095233 0.01675041876046901 0.8809523809523809
149 0.152428810720268 0.6369047619047619 0.04187604690117253 0.6785714285714285
39 0.1888609715242881 0.45238095238095233 0.017587939698492462 0.8571428571428571
20 0.23618090452261306 0.46428571428571425 0.01675041876046901 0.8809523809523809
149 0.2696817420435511 0.6309523809523809 0.04187604690117253 0.6666666666666666
84 0.35510887772194305 0.38095238095238093 0.051926298157453935 0.30952380952380953
189 0.43006700167504186 0.40476190476190477 0.02931323283082077 0.7142857142857142
91 0.4652428810720268 0.38095238095238093 0.03098827470686767 0.738095238095238
189 0.5 0.3988095238095238 0.02847571189279732 0.7261904761904762
72 0.5301507537688442 0.75 0.010050251256281407 0.26190476190476186
175 0.585427135678392 0.375 0.02847571189279732 0.7261904761904762
91 0.61892797319933 0.38095238095238093 0.03015075376884422 0.738095238095238
189 0.6528475711892797 0.38690476190476186 0.02931323283082077 0.7261904761904762
72 0.6838358458961474 0.75 0.009212730318257957 0.26190476190476186
175 0.7382747068676717 0.375 0.03098827470686767 0.7261904761904762
170 0.77428810720268 0.369047619047619 0.02931323283082077 0.7142857142857142
170 0.8086264656616415 0.369047619047619 0.02931323283082077 0.7142857142857142
72 0.8366834170854272 0.744047619047619 0.010050251256281407 0.2738095238095238
170 0.8919597989949749 0.369047619047619 0.03015075376884422 0.7142857142857142
170 0.9267169179229481 0.3571428571428571 0.03098827470686767 0.7142857142857142
189 0.958961474036851 0.38095238095238093 0.03015075376884422 0.738095238095238
39 0.9895309882747069 0.44047619047619047 0.017587939698492462 0.8571428571428571
