14 0.02990033222591362 0.478494623655914 0.05980066445182724 0.8064516129032259
56 0.08859357696566998 0.2634408602150538 0.03322259136212624 0.37634408602150543
84 0.18161683277962348 0.5 0.08637873754152824 0.1827956989247312
23 0.27464008859357697 0.4838709677419355 0.026578073089700997 0.8387096774193549
153 0.32447397563676633 0.5376344086021506 0.04872646733111849 0.7096774193548387
204 0.39147286821705424 0.48924731182795705 0.007751937984496124 0.9784946236559141
204 0.44518272425249167 0.49462365591397855 0.006644518272425249 0.8387096774193549
204 0.4584717607973422 0.49462365591397855 0.006644518272425249 0.8387096774193549
153 0.5249169435215947 0.5483870967741936 0.04872646733111849 0.7096774193548387
204 0.5913621262458472 0.49462365591397855 0.006644518272425249 0.8387096774193549
204 0.6035437430786268 0.49462365591397855 0.006644518272425249 0.8387096774193549
123 0.6888150609080841 0.510752688172043 0.06866002214839424 0.6559139784946237
155 0.8034330011074197 0.5161290322580645 0.07862679955703211 0.7741935483870969
109 0.9163898117386489 0.5 0.06090808416389811 0.37634408602150543
24 0.9839424141749723 0.5 0.02768549280177187 0.8279569892473119
