207 0.026418786692759294 0.8066666666666668 0.05283757338551859 0.16
108 0.09393346379647749 0.8066666666666668 0.043052837573385516 0.16
61 0.1780821917808219 0.31333333333333335 0.12524461839530332 0.6266666666666667
45 0.17123287671232876 0.7733333333333334 0.06457925636007827 0.22666666666666668
149 0.22896281800391388 0.9066666666666667 0.043052837573385516 0.16
28 0.3180039138943248 0.7666666666666667 0.07240704500978473 0.24000000000000002
41 0.43737769080234834 0.26666666666666666 0.07632093933463796 0.3866666666666667
20 0.5225048923679061 0.3166666666666667 0.03522504892367906 0.4866666666666667
50 0.6105675146771037 0.27 0.11741682974559686 0.3666666666666667
39 0.700587084148728 0.32 0.03522504892367906 0.49333333333333335
84 0.8033268101761252 0.31333333333333335 0.09980430528375733 0.12000000000000001
28 0.9442270058708414 0.27 0.10371819960861056 0.38
