23 0.014612452350698857 0.4476744186046512 0.029224904701397714 0.8953488372093024
208 0.06353240152477764 0.42441860465116277 0.04066073697585769 0.8488372093023255
108 0.12515883100381195 0.47093023255813954 0.04955527318932656 0.47674418604651164
3 0.20139771283354513 0.37790697674418605 0.0673443456162643 0.6627906976744186
163 0.25730622617534943 0.47674418604651164 0.03430749682337993 0.4418604651162791
17 0.34498094027954257 0.37209302325581395 0.08005082592121983 0.6744186046511628
71 0.4110546378653113 0.47674418604651164 0.011435832274459976 0.46511627906976744
64 0.5101651842439644 0.4825581395348837 0.03939008894536214 0.45348837209302323
56 0.5603557814485388 0.7848837209302325 0.03811944091486658 0.38372093023255816
208 0.6378653113087674 0.436046511627907 0.04066073697585769 0.8488372093023255
84 0.7115628970775095 0.4418604651162791 0.06861499364675985 0.23255813953488372
128 0.8189326556543838 0.45930232558139533 0.0673443456162643 0.05813953488372093
208 0.900889453621347 0.436046511627907 0.04066073697585769 0.8488372093023255
24 0.9453621346886912 0.46511627906976744 0.02795425667090216 0.9069767441860465
71 0.9911054637865312 0.47674418604651164 0.012706480304955529 0.46511627906976744
