207 0.025934861278648972 0.44366197183098594 0.051869722557297944 0.5774647887323944
145 0.07539203860072376 0.6971830985915494 0.02533172496984318 0.5211267605633803
72 0.11158021712907117 0.7183098591549296 0.015681544028950542 0.3380281690140845
119 0.19903498190591074 0.6408450704225352 0.07720144752714113 0.15492957746478875
72 0.26357056694813025 0.7323943661971831 0.015681544028950542 0.3380281690140845
207 0.330518697225573 0.4225352112676056 0.053075995174909525 0.5633802816901409
130 0.37213510253317245 0.7887323943661972 0.030156815440289503 0.36619718309859156
128 0.42219541616405304 0.6901408450704225 0.038600723763570564 0.08450704225352113
145 0.47527141133896256 0.6971830985915494 0.024125452352231604 0.5211267605633803
72 0.5108564535585042 0.7323943661971831 0.015681544028950542 0.3380281690140845
186 0.5747889022919179 0.35211267605633806 0.02533172496984318 0.7042253521126761
145 0.6115802171290712 0.6901408450704225 0.024125452352231604 0.5070422535211268
72 0.6471652593486128 0.7323943661971831 0.015681544028950542 0.3380281690140845
119 0.7358262967430639 0.6267605633802817 0.07478890229191797 0.15492957746478875
72 0.7973462002412545 0.7183098591549296 0.016887816646562123 0.3380281690140845
186 0.8528347406513872 0.35211267605633806 0.024125452352231604 0.7042253521126761
130 0.8805790108564535 0.7605633802816901 0.02895054282267792 0.36619718309859156
128 0.9312424607961398 0.6690140845070423 0.04101326899879373 0.09859154929577466
145 0.985524728588661 0.6690140845070423 0.024125452352231604 0.5211267605633803
