126 0.0451559934318555 0.5714285714285715 0.090311986863711 0.4175824175824176
53 0.1297208538587849 0.576923076923077 0.06239737274220033 0.4285714285714286
149 0.19376026272577995 0.6703296703296704 0.07881773399014778 0.6153846153846154
71 0.25779967159277506 0.5714285714285715 0.029556650246305417 0.4175824175824176
154 0.34729064039408863 0.576923076923077 0.07060755336617405 0.40659340659340665
18 0.4088669950738916 0.6978021978021979 0.04597701149425287 0.45054945054945056
71 0.4638752052545156 0.565934065934066 0.0180623973727422 0.4285714285714286
50 0.550903119868637 0.47802197802197804 0.10673234811165845 0.6263736263736264
190 0.555008210180624 0.049450549450549455 0.03940886699507389 0.09890109890109891
18 0.6133004926108374 0.6978021978021979 0.047619047619047616 0.45054945054945056
167 0.7536945812807881 0.543956043956044 0.13464696223316913 0.3186813186813187
50 0.9105090311986863 0.47252747252747257 0.11001642036124794 0.6373626373626374
18 0.9720853858784892 0.6978021978021979 0.04926108374384236 0.45054945054945056
