35 0.05511811023622047 0.42574257425742573 0.11023622047244094 0.5742574257425742
20 0.1437007874015748 0.49504950495049505 0.047244094488188976 0.7722772277227723
207 0.21456692913385828 0.5148514851485149 0.0826771653543307 0.39603960396039606
39 0.28641732283464566 0.48514851485148514 0.049212598425196846 0.7722772277227723
84 0.41732283464566927 0.49504950495049505 0.10236220472440945 0.21782178217821782
27 0.5816929133858267 0.43564356435643564 0.10039370078740158 0.5742574257425742
20 0.6653543307086615 0.4900990099009901 0.051181102362204724 0.7623762376237624
177 0.7864173228346456 0.4900990099009901 0.13188976377952755 0.9801980198019802
207 0.8996062992125984 0.5297029702970297 0.0826771653543307 0.40594059405940597
39 0.9724409448818897 0.504950495049505 0.047244094488188976 0.7722772277227723
