49 0.06311475409836066 0.48672566371681414 0.12622950819672132 0.5486725663716814
84 0.22704918032786886 0.5530973451327433 0.09016393442622951 0.20353982300884954
201 0.3704918032786885 0.6460176991150443 0.08524590163934426 0.49557522123893805
190 0.38114754098360654 0.24778761061946902 0.04426229508196721 0.10619469026548672
20 0.44672131147540983 0.5442477876106194 0.03114754098360656 0.7699115044247787
48 0.521311475409836 0.47787610619469023 0.09508196721311475 0.5486725663716814
39 0.6032786885245902 0.5398230088495575 0.03278688524590164 0.7610619469026548
178 0.7254098360655737 0.5353982300884955 0.08360655737704918 0.4690265486725664
13 0.860655737704918 0.46017699115044247 0.07213114754098361 0.5486725663716814
190 0.860655737704918 0.048672566371681415 0.04590163934426229 0.09734513274336283
211 0.9311475409836065 0.27876106194690264 0.04918032786885246 0.3805309734513274
83 0.9286885245901639 0.7831858407079646 0.04426229508196721 0.2743362831858407
145 0.9827868852459016 0.8495575221238938 0.027868852459016394 0.2654867256637168
