205 0.03951367781155015 0.48765432098765427 0.0790273556231003 0.48148148148148145
20 0.11246200607902736 0.47530864197530864 0.0364741641337386 0.9506172839506173
149 0.1762917933130699 0.5925925925925926 0.0729483282674772 0.691358024691358
72 0.23632218844984804 0.7469135802469136 0.019756838905775075 0.2839506172839506
160 0.32598784194528874 0.5 0.07142857142857142 0.9259259259259258
39 0.385258358662614 0.48148148148148145 0.037993920972644375 0.9629629629629629
135 0.5015197568389058 0.4444444444444444 0.0972644376899696 0.7407407407407407
205 0.6458966565349544 0.5 0.0790273556231003 0.48148148148148145
20 0.7196048632218845 0.48148148148148145 0.037993920972644375 0.9629629629629629
161 0.7796352583586627 0.5987654320987654 0.060790273556231005 0.7037037037037037
72 0.8290273556231003 0.7592592592592592 0.019756838905775075 0.2839506172839506
160 0.9202127659574468 0.5123456790123456 0.07142857142857142 0.9259259259259258
39 0.9787234042553191 0.49382716049382713 0.0364741641337386 0.9629629629629629
