17 0.04259259259259259 0.43478260869565216 0.08518518518518518 0.6739130434782609
20 0.1111111111111111 0.5108695652173912 0.024691358024691357 0.9347826086956521
7 0.17407407407407408 0.44021739130434784 0.07654320987654321 0.6630434782608695
211 0.2345679012345679 0.6793478260869565 0.0345679012345679 0.46739130434782605
169 0.2759259259259259 0.6358695652173912 0.011111111111111112 0.5760869565217391
207 0.3345679012345679 0.5543478260869565 0.04938271604938271 0.43478260869565216
211 0.3851851851851852 0.6847826086956521 0.037037037037037035 0.4782608695652174
72 0.42777777777777776 0.7880434782608695 0.013580246913580247 0.2717391304347826
208 0.4876543209876543 0.5271739130434783 0.04197530864197531 0.8369565217391304
211 0.5302469135802469 0.6739130434782609 0.03580246913580247 0.4782608695652174
39 0.575925925925926 0.5054347826086957 0.023456790123456788 0.9239130434782609
121 0.667283950617284 0.5217391304347826 0.06296296296296296 0.7391304347826086
20 0.7598765432098765 0.5108695652173912 0.025925925925925925 0.9347826086956521
163 0.8012345679012346 0.5434782608695652 0.03950617283950617 0.43478260869565216
158 0.8382716049382716 0.2391304347826087 0.019753086419753086 0.34782608695652173
39 0.8728395061728395 0.5054347826086957 0.024691358024691357 0.9456521739130435
128 0.9277777777777778 0.2717391304347826 0.04814814814814815 0.06521739130434782
145 0.9839506172839506 0.22282608695652173 0.027160493827160494 0.44565217391304346
