141 0.03327495621716287 0.5185185185185185 0.06654991243432574 0.49382716049382713
130 0.11120840630472854 0.5185185185185185 0.06830122591943957 0.49382716049382713
115 0.17162872154115588 0.38888888888888884 0.028021015761821366 0.728395061728395
209 0.22416812609457093 0.6234567901234568 0.06304728546409807 0.7037037037037037
39 0.2819614711033275 0.49382716049382713 0.03152364273204904 0.9382716049382716
71 0.3318739054290718 0.5123456790123456 0.01576182136602452 0.48148148148148145
41 0.4343257443082312 0.38888888888888884 0.07355516637478109 0.728395061728395
64 0.5262697022767076 0.5246913580246914 0.0542907180385289 0.48148148148148145
108 0.6085814360770578 0.5246913580246914 0.06479859894921192 0.5061728395061729
52 0.712784588441331 0.3950617283950617 0.09106830122591944 0.7160493827160493
176 0.7854640980735552 0.47530864197530864 0.047285464098073555 0.9506172839506173
195 0.8441330998248686 0.38888888888888884 0.06304728546409807 0.7037037037037037
52 0.9492119089316988 0.3950617283950617 0.09457092819614711 0.7160493827160493
