196 0.03338278931750742 0.5 0.06676557863501484 0.4878048780487805
113 0.0897626112759644 0.6402439024390244 0.040059347181008904 0.4268292682926829
20 0.1483679525222552 0.49390243902439024 0.032640949554896145 0.9634146341463415
207 0.21142433234421365 0.49390243902439024 0.060830860534124634 0.475609756097561
39 0.2707715133531157 0.48170731707317077 0.03115727002967359 0.9634146341463415
173 0.3991097922848665 0.4573170731707317 0.12759643916913946 0.3048780487804878
64 0.5185459940652819 0.5121951219512195 0.04302670623145401 0.4634146341463415
141 0.5719584569732938 0.5121951219512195 0.04896142433234422 0.4878048780487805
130 0.6335311572700297 0.5 0.06231454005934718 0.43902439024390244
168 0.6913946587537092 0.5060975609756098 0.03857566765578635 0.475609756097561
186 0.7359050445103857 0.3902439024390244 0.03857566765578635 0.7073170731707318
151 0.7781899109792285 0.701219512195122 0.02225519287833828 0.18292682926829268
207 0.8501483679525222 0.5121951219512195 0.05934718100890208 0.4634146341463415
140 0.9005934718100891 0.3048780487804878 0.032640949554896145 0.3170731707317073
155 0.9391691394658754 0.28658536585365857 0.03560830860534125 0.3048780487804878
145 0.9814540059347181 0.25 0.03115727002967359 0.3780487804878049
