207 0.010632780082987552 0.5478723404255319 0.021265560165975105 0.4148936170212766
84 0.05316390041493776 0.5106382978723404 0.028526970954356846 0.2553191489361702
52 0.0962136929460581 0.4521276595744681 0.026452282157676348 0.6276595744680851
195 0.1146265560165975 0.2180851063829787 0.012448132780082988 0.4361702127659574
155 0.14756224066390042 0.44680851063829785 0.023340248962655602 0.46808510638297873
145 0.18179460580912862 0.4627659574468085 0.009854771784232365 0.6063829787234042
72 0.1983921161825726 0.7872340425531915 0.007780082987551867 0.23404255319148937
209 0.2225103734439834 0.6542553191489362 0.022821576763485476 0.5851063829787234
84 0.2645228215767635 0.5319148936170213 0.029045643153526972 0.2553191489361702
145 0.30601659751037347 0.46808510638297873 0.01037344398340249 0.6170212765957447
155 0.33973029045643155 0.46808510638297873 0.023858921161825725 0.46808510638297873
195 0.37318464730290457 0.4734042553191489 0.019190871369294607 0.6276595744680851
52 0.3975622406639004 0.4734042553191489 0.026452282157676348 0.6276595744680851
45 0.42479253112033194 0.4787234042553191 0.023858921161825725 0.6170212765957447
155 0.4553941908713693 0.48404255319148937 0.022821576763485476 0.4574468085106383
20 0.4854771784232365 0.5797872340425532 0.011410788381742738 0.7978723404255319
52 0.5051867219917012 0.49468085106382975 0.026970954356846474 0.6276595744680851
195 0.5238589211618258 0.26063829787234044 0.012448132780082988 0.4361702127659574
155 0.5575726141078838 0.48404255319148937 0.022821576763485476 0.4574468085106383
145 0.5907676348547718 0.5 0.011410788381742738 0.6170212765957447
39 0.6094398340248963 0.5744680851063829 0.012448132780082988 0.7872340425531915
45 0.633298755186722 0.49468085106382975 0.024896265560165977 0.6276595744680851
195 0.6506742738589212 0.26063829787234044 0.012966804979253113 0.4361702127659574
72 0.6664937759336099 0.8297872340425532 0.007261410788381743 0.23404255319148937
200 0.6932053941908713 0.6063829787234042 0.01815352697095436 0.40425531914893614
84 0.7331431535269709 0.5585106382978723 0.028526970954356846 0.24468085106382978
52 0.7764522821576764 0.5053191489361702 0.025933609958506226 0.6276595744680851
155 0.8117219917012448 0.49468085106382975 0.023858921161825725 0.4574468085106383
20 0.8410269709543569 0.5744680851063829 0.011929460580912862 0.7872340425531915
52 0.8609958506224067 0.49468085106382975 0.025933609958506226 0.6276595744680851
195 0.8796680497925311 0.26063829787234044 0.013485477178423237 0.4361702127659574
155 0.9128630705394191 0.49468085106382975 0.022821576763485476 0.4574468085106383
145 0.9452800829875518 0.49468085106382975 0.010892116182572614 0.6063829787234042
39 0.9639522821576764 0.5744680851063829 0.011929460580912862 0.7872340425531915
45 0.9867738589211619 0.5 0.02437759336099585 0.6170212765957447
