59 0.040337711069418386 0.4629629629629629 0.08067542213883677 0.9259259259259258
84 0.18761726078799248 0.43827160493827155 0.10131332082551595 0.2839506172839506
20 0.3227016885553471 0.4629629629629629 0.0450281425891182 0.9259259259259258
57 0.3874296435272045 0.3641975308641975 0.06941838649155722 0.728395061728395
145 0.4521575984990619 0.6296296296296295 0.0225140712945591 0.49382716049382713
72 0.5075046904315197 0.7592592592592592 0.024390243902439025 0.25925925925925924
119 0.6388367729831145 0.6975308641975309 0.14821763602251406 0.13580246913580246
72 0.7673545966228893 0.7777777777777777 0.026266416510318948 0.2716049382716049
57 0.849906191369606 0.3950617283950617 0.0675422138836773 0.7407407407407407
130 0.9127579737335835 0.7345679012345678 0.04690431519699812 0.3333333333333333
39 0.975609756097561 0.5061728395061729 0.04127579737335835 0.9382716049382716
