20 0.021825396825396824 0.5119047619047619 0.04365079365079365 0.9285714285714285
12 0.12698412698412698 0.369047619047619 0.09523809523809523 0.7142857142857142
207 0.2103174603174603 0.6785714285714285 0.05555555555555555 0.30952380952380953
84 0.36408730158730157 0.5059523809523809 0.15277777777777776 0.20238095238095238
75 0.5307539682539683 0.39285714285714285 0.0734126984126984 0.6904761904761905
12 0.6359126984126984 0.39285714285714285 0.09722222222222221 0.7142857142857142
176 0.7291666666666666 0.5238095238095237 0.0734126984126984 0.8809523809523809
75 0.8204365079365079 0.39285714285714285 0.07738095238095238 0.6904761904761905
207 0.9007936507936507 0.5178571428571428 0.07539682539682539 0.46428571428571425
39 0.9722222222222222 0.4821428571428571 0.047619047619047616 0.9642857142857142
