161 0.008547008547008548 0.5495049504950495 0.017094017094017096 0.5643564356435644
158 0.024291497975708502 0.19306930693069307 0.005398110661268557 0.22772277227722773
20 0.038461538461538464 0.45544554455445546 0.011246063877642825 0.7722772277227723
207 0.05420602789023842 0.46534653465346537 0.020242914979757085 0.39603960396039606
130 0.06995051731893838 0.7128712871287128 0.0103463787674314 0.25742574257425743
155 0.0883940620782726 0.6485148514851485 0.01484480431848853 0.34653465346534656
145 0.10796221322537113 0.6584158415841584 0.008097165991902834 0.36633663366336633
39 0.12078272604588394 0.4504950495049505 0.0103463787674314 0.7623762376237624
84 0.15069725596041386 0.4504950495049505 0.023391812865497078 0.2079207920792079
205 0.18735942420152948 0.4752475247524752 0.022042285200179937 0.39603960396039606
145 0.20670265407107513 0.6683168316831684 0.009446693657219974 0.34653465346534656
20 0.22379667116509222 0.4603960396039604 0.011246063877642825 0.7821782178217822
207 0.23954116059379219 0.4752475247524752 0.01934322986954566 0.39603960396039606
130 0.25528565002249215 0.7227722772277227 0.011246063877642825 0.25742574257425743
155 0.2741790373369321 0.6633663366336634 0.01484480431848853 0.33663366336633666
145 0.294646873594242 0.6683168316831684 0.00899685110211426 0.36633663366336633
39 0.3081421502474134 0.45544554455445546 0.010796221322537113 0.7524752475247525
205 0.33333333333333337 0.48514851485148514 0.021592442645074227 0.39603960396039606
145 0.35245164192532613 0.6732673267326733 0.009446693657219974 0.3564356435643564
20 0.3697705802968961 0.45544554455445546 0.010796221322537113 0.8118811881188119
207 0.38618983355825465 0.4752475247524752 0.01934322986954566 0.39603960396039606
130 0.40215924426450744 0.7227722772277227 0.010796221322537113 0.25742574257425743
155 0.42082771030139454 0.6683168316831684 0.01484480431848853 0.34653465346534656
145 0.44174538911381017 0.6683168316831684 0.00899685110211426 0.36633663366336633
207 0.4658119658119658 0.4900990099009901 0.020242914979757085 0.40594059405940597
130 0.4820062977957715 0.7227722772277227 0.0103463787674314 0.25742574257425743
39 0.49370220422852 0.4603960396039604 0.0103463787674314 0.7623762376237624
128 0.5121457489878543 0.1782178217821782 0.01484480431848853 0.0594059405940594
145 0.5319388214125056 0.1782178217821782 0.009446693657219974 0.3564356435643564
20 0.5506072874493927 0.4801980198019802 0.009896536212325686 0.9405940594059407
149 0.5661268556005399 0.5693069306930694 0.021142600089968513 0.5445544554455446
20 0.5865946918578497 0.4801980198019802 0.010796221322537113 0.7425742574257426
207 0.6023391812865497 0.4900990099009901 0.01979307242465137 0.40594059405940597
130 0.6180836707152497 0.7376237623762376 0.010796221322537113 0.24752475247524752
39 0.6304543409806568 0.46534653465346537 0.011246063877642825 0.7722772277227723
128 0.655195681511471 0.4702970297029703 0.02384165542060279 0.06930693069306931
149 0.6799370220422852 0.5792079207920792 0.020242914979757085 0.5445544554455446
20 0.7001799370220423 0.46534653465346537 0.0103463787674314 0.7920792079207921
207 0.7154745838956366 0.49504950495049505 0.01934322986954566 0.39603960396039606
130 0.7314439946018894 0.7425742574257426 0.010796221322537113 0.25742574257425743
155 0.7503373819163293 0.6732673267326733 0.014394961763382817 0.33663366336633666
145 0.7708052181736392 0.6881188118811882 0.009446693657219974 0.36633663366336633
207 0.7950967161493477 0.49504950495049505 0.020242914979757085 0.39603960396039606
130 0.8112910481331534 0.7475247524752475 0.0103463787674314 0.24752475247524752
39 0.822986954565902 0.4752475247524752 0.0103463787674314 0.7722772277227723
39 0.835357624831309 0.504950495049505 0.010796221322537113 0.9504950495049505
155 0.8645973909131804 0.4752475247524752 0.023391812865497078 0.5346534653465347
149 0.8891138101664418 0.5792079207920792 0.020242914979757085 0.5445544554455446
20 0.9102564102564102 0.4702970297029703 0.011246063877642825 0.7623762376237624
207 0.9257759784075574 0.49504950495049505 0.01979307242465137 0.39603960396039606
130 0.942195231668916 0.7376237623762376 0.011246063877642825 0.24752475247524752
155 0.960863697705803 0.6732673267326733 0.014394961763382817 0.33663366336633666
145 0.9808816914080072 0.6782178217821783 0.008547008547008548 0.36633663366336633
39 0.9939271255060729 0.4702970297029703 0.0103463787674314 0.7623762376237624
