204 0.003754693366708386 0.5353535353535354 0.007509386733416772 0.888888888888889
49 0.08760951188986232 0.4747474747474748 0.09762202753441802 0.6060606060606061
20 0.16458072590738423 0.5505050505050505 0.03128911138923655 0.7777777777777778
149 0.21777221526908636 0.6414141414141414 0.06007509386733417 0.5757575757575758
72 0.26783479349186484 0.7727272727272728 0.017521902377972465 0.23232323232323235
114 0.33854818523153946 0.5707070707070707 0.04380475594493116 0.393939393939394
72 0.37734668335419275 0.7626262626262627 0.016270337922403004 0.23232323232323235
45 0.4668335419274093 0.4191919191919192 0.07008760951188986 0.696969696969697
20 0.5262828535669587 0.5353535353535354 0.03128911138923655 0.787878787878788
116 0.5613266583229036 0.2070707070707071 0.0362953692115144 0.4141414141414142
50 0.6157697121401753 0.4545454545454546 0.08010012515644556 0.6060606060606061
39 0.6802252816020026 0.5353535353535354 0.03128911138923655 0.787878787878788
39 0.714017521902378 0.5404040404040404 0.028785982478097622 0.7777777777777778
204 0.7453066332916145 0.5252525252525253 0.008760951188986232 0.8686868686868687
121 0.8366708385481852 0.48484848484848486 0.058823529411764705 0.5656565656565657
195 0.9392991239048811 0.43939393939393945 0.04881101376720901 0.6161616161616162
114 0.9818523153942428 0.297979797979798 0.03128911138923655 0.25252525252525254
