160 0.020344287949921755 0.6260162601626017 0.04068857589984351 0.48780487804878053
207 0.05203442879499218 0.8577235772357724 0.025821596244131457 0.2520325203252033
71 0.09820031298904539 0.5650406504065041 0.008607198748043818 0.3658536585365854
84 0.1322378716744914 0.5569105691056911 0.04225352112676056 0.1869918699186992
160 0.2050078247261346 0.6260162601626017 0.04068857589984351 0.48780487804878053
204 0.23826291079812206 0.5609756097560976 0.003912363067292645 0.6829268292682927
20 0.2609546165884194 0.5609756097560976 0.01486697965571205 0.6666666666666667
23 0.2887323943661972 0.5609756097560976 0.02190923317683881 0.6829268292682927
207 0.3251173708920188 0.5650406504065041 0.03834115805946792 0.3658536585365854
24 0.36502347417840375 0.5609756097560976 0.02112676056338028 0.6829268292682927
191 0.42136150234741787 0.5569105691056911 0.032081377151799685 0.33333333333333337
6 0.4843505477308294 0.48780487804878053 0.04381846635367762 0.5203252032520326
113 0.5230829420970267 0.1910569105691057 0.024256651017214397 0.3821138211382114
128 0.5582942097026604 0.23983739837398377 0.03051643192488263 0.04065040650406505
145 0.5915492957746479 0.20731707317073172 0.010954616588419406 0.34959349593495936
39 0.6189358372456965 0.5569105691056911 0.014084507042253521 0.6747967479674798
71 0.6486697965571205 0.5609756097560976 0.009389671361502348 0.3577235772357724
6 0.702660406885759 0.48780487804878053 0.04381846635367762 0.5203252032520326
113 0.7402190923317684 0.1951219512195122 0.023474178403755867 0.3739837398373984
128 0.7758215962441315 0.24390243902439027 0.03051643192488263 0.04878048780487805
145 0.8098591549295775 0.20731707317073172 0.010954616588419406 0.34959349593495936
167 0.8744131455399061 0.5569105691056911 0.05555555555555556 0.23577235772357727
6 0.9491392801251957 0.48780487804878053 0.04381846635367762 0.5203252032520326
113 0.986697965571205 0.1951219512195122 0.023474178403755867 0.3739837398373984
