20 0.006442577030812325 0.550561797752809 0.01288515406162465 0.8539325842696629
145 0.02464985994397759 0.4606741573033708 0.012324929971988795 0.651685393258427
155 0.05770308123249299 0.5337078651685393 0.029131652661064423 0.5955056179775281
207 0.09271708683473388 0.5617977528089888 0.024089635854341734 0.449438202247191
145 0.11512605042016806 0.7752808988764045 0.010644257703081231 0.4044943820224719
93 0.13529411764705881 0.20786516853932585 0.017366946778711482 0.3932584269662921
39 0.15238095238095237 0.5337078651685393 0.013445378151260503 0.8651685393258427
119 0.1837535014005602 0.7247191011235955 0.034733893557422964 0.12359550561797752
20 0.2176470588235294 0.5337078651685393 0.01288515406162465 0.8651685393258427
145 0.23529411764705882 0.449438202247191 0.011204481792717085 0.651685393258427
155 0.2683473389355742 0.5393258426966292 0.029131652661064423 0.6067415730337078
207 0.30504201680672266 0.550561797752809 0.025210084033613443 0.449438202247191
130 0.3252100840336134 0.8258426966292135 0.014005602240896357 0.2808988764044944
93 0.34369747899159664 0.20224719101123595 0.018487394957983194 0.4044943820224719
39 0.36022408963585434 0.5337078651685393 0.013445378151260503 0.8651685393258427
23 0.3859943977591036 0.5280898876404494 0.013445378151260503 0.8539325842696629
20 0.40504201680672264 0.5337078651685393 0.013445378151260503 0.8426966292134831
207 0.4246498599439776 0.5561797752808989 0.02464985994397759 0.4382022471910112
195 0.44621848739495795 0.7640449438202247 0.015126050420168066 0.4044943820224719
128 0.47927170868347335 0.5280898876404494 0.02969187675070028 0.06741573033707865
145 0.5137254901960784 0.4550561797752809 0.012324929971988795 0.6404494382022472
39 0.5322128851540616 0.5280898876404494 0.013445378151260503 0.8539325842696629
20 0.5518207282913165 0.5224719101123595 0.013445378151260503 0.9101123595505618
145 0.5703081232492997 0.449438202247191 0.012324929971988795 0.651685393258427
155 0.603641456582633 0.5337078651685393 0.02969187675070028 0.5955056179775281
207 0.6403361344537815 0.550561797752809 0.02464985994397759 0.449438202247191
145 0.6624649859943977 0.7696629213483146 0.011764705882352941 0.4157303370786517
39 0.6792717086834733 0.5280898876404494 0.01288515406162465 0.8764044943820224
186 0.7028011204481792 0.5 0.010644257703081231 0.5280898876404494
145 0.7187675070028011 0.7584269662921348 0.011204481792717085 0.4157303370786517
128 0.7521008403361344 0.5280898876404494 0.02969187675070028 0.06741573033707865
20 0.7859943977591036 0.5393258426966292 0.013445378151260503 0.8539325842696629
207 0.8064425770308122 0.5449438202247191 0.025210084033613443 0.4382022471910112
145 0.8294117647058823 0.7696629213483146 0.010644257703081231 0.3932584269662921
195 0.8492997198879552 0.20224719101123595 0.014565826330532211 0.4044943820224719
128 0.8815126050420168 0.5168539325842696 0.02969187675070028 0.0898876404494382
145 0.915406162464986 0.4438202247191011 0.012324929971988795 0.6404494382022472
39 0.9333333333333332 0.5280898876404494 0.013445378151260503 0.8764044943820224
186 0.9579831932773109 0.4831460674157303 0.011204481792717085 0.5393258426966292
195 0.9733893557422969 0.747191011235955 0.015126050420168066 0.3932584269662921
24 0.99187675070028 0.5280898876404494 0.014005602240896357 0.8539325842696629
