113 0.018207282913165267 0.3695652173913043 0.036414565826330535 0.6304347826086957
126 0.05882352941176471 0.6739130434782609 0.0392156862745098 0.2826086956521739
84 0.13865546218487396 0.4782608695652174 0.07189542483660132 0.17391304347826086
105 0.207749766573296 0.3858695652173913 0.02334267040149393 0.6413043478260869
204 0.2525676937441643 0.4782608695652174 0.004668534080298786 0.9565217391304348
113 0.30718954248366015 0.3695652173913043 0.035480859010270774 0.6521739130434783
126 0.34733893557422973 0.6793478260869565 0.0392156862745098 0.2934782608695652
204 0.4024276377217554 0.4891304347826087 0.0056022408963585435 0.9782608695652174
20 0.4850606909430439 0.4945652173913043 0.021475256769374416 0.858695652173913
126 0.5368814192343604 0.4891304347826087 0.056022408963585436 0.41304347826086957
84 0.6260504201680672 0.4891304347826087 0.07376283846872082 0.17391304347826086
145 0.7021475256769375 0.3967391304347826 0.028011204481792718 0.5978260869565217
72 0.73109243697479 0.733695652173913 0.014939309056956116 0.2934782608695652
195 0.7801120448179272 0.41304347826086957 0.03081232492997199 0.6086956521739131
72 0.8085901027077498 0.7391304347826086 0.014939309056956116 0.2826086956521739
67 0.9052287581699346 0.45652173913043476 0.12605042016806722 0.17391304347826086
39 0.9878618113912232 0.5163043478260869 0.02054154995331466 0.858695652173913
