205 0.057279236276849645 0.4945652173913043 0.11455847255369929 0.42391304347826086
20 0.16467780429594273 0.45108695652173914 0.057279236276849645 0.8804347826086957
207 0.24582338902147974 0.4945652173913043 0.10501193317422435 0.42391304347826086
126 0.3448687350835322 0.7554347826086957 0.0883054892601432 0.2717391304347826
39 0.42482100238663484 0.46195652173913043 0.057279236276849645 0.8369565217391304
72 0.48806682577565635 0.717391304347826 0.03579952267303103 0.2608695652173913
200 0.6431980906921241 0.483695652173913 0.0739856801909308 0.42391304347826086
20 0.7338902147971361 0.43478260869565216 0.05966587112171838 0.8695652173913043
207 0.8174224343675418 0.4782608695652174 0.10739856801909309 0.43478260869565216
149 0.8973747016706445 0.7934782608695652 0.06682577565632458 0.3695652173913043
39 0.9653937947494033 0.44565217391304346 0.05966587112171838 0.8260869565217391
