14 0.0572354211663067 0.43809523809523815 0.1144708423326134 0.5523809523809524
141 0.16090712742980562 0.5238095238095238 0.07991360691144708 0.380952380952381
115 0.2289416846652268 0.43333333333333335 0.038876889848812095 0.5428571428571429
20 0.28941684665226786 0.480952380952381 0.05615550755939525 0.7333333333333334
48 0.39740820734341253 0.42380952380952386 0.11663066954643629 0.5619047619047619
83 0.47732181425485964 0.7857142857142858 0.05183585313174946 0.29523809523809524
72 0.5291576673866091 0.9095238095238096 0.02591792656587473 0.14285714285714288
163 0.5971922246220303 0.7666666666666667 0.05399568034557236 0.2761904761904762
72 0.6403887688984882 0.6952380952380953 0.032397408207343416 0.1904761904761905
30 0.7786177105831534 0.4285714285714286 0.11015118790496761 0.5714285714285715
163 0.8617710583153348 0.7666666666666667 0.05183585313174946 0.2761904761904762
211 0.8833693304535638 0.2 0.06911447084233262 0.4
39 0.9686825053995681 0.46666666666666673 0.05399568034557236 0.7428571428571429
