41 0.02606951871657754 0.42134831460674155 0.05213903743315508 0.6629213483146067
196 0.08422459893048127 0.5280898876404494 0.053475935828877004 0.449438202247191
149 0.13970588235294118 0.6235955056179775 0.05481283422459893 0.6404494382022472
149 0.19652406417112298 0.6235955056179775 0.053475935828877004 0.6404494382022472
89 0.2586898395721925 0.5112359550561798 0.07352941176470588 0.8651685393258427
84 0.36163101604278075 0.4887640449438202 0.07352941176470588 0.2584269662921348
23 0.4672459893048128 0.4831460674157303 0.04144385026737968 0.9662921348314606
54 0.5334224598930482 0.5168539325842696 0.0641711229946524 0.449438202247191
204 0.6089572192513368 0.4943820224719101 0.009358288770053475 0.9438202247191011
89 0.6744652406417112 0.5 0.07352941176470588 0.8651685393258427
54 0.711898395721925 0.7191011235955056 0.044117647058823525 0.3146067415730337
135 0.8141711229946523 0.5 0.0748663101604278 0.9101123595505618
211 0.9197860962566844 0.43258426966292135 0.05080213903743315 0.6629213483146067
24 0.9772727272727272 0.4943820224719101 0.040106951871657755 0.9662921348314606
