20 0.012903225806451613 0.47368421052631576 0.025806451612903226 0.7999999999999999
3 0.05268817204301075 0.38421052631578945 0.05591397849462366 0.6210526315789473
176 0.10698924731182796 0.46842105263157896 0.03763440860215054 0.9368421052631579
126 0.16612903225806452 0.4894736842105263 0.05698924731182796 0.4105263157894737
39 0.21236559139784947 0.47368421052631576 0.024731182795698924 0.7999999999999999
4 0.2435483870967742 0.4789473684210526 0.02258064516129032 0.8105263157894737
196 0.27903225806451615 0.49473684210526314 0.03978494623655914 0.42105263157894735
145 0.317741935483871 0.6157894736842106 0.013978494623655914 0.43157894736842106
72 0.3510752688172043 0.7210526315789474 0.016129032258064516 0.24210526315789474
119 0.4258064516129032 0.6578947368421052 0.08817204301075268 0.09473684210526316
72 0.5016129032258064 0.731578947368421 0.013978494623655914 0.24210526315789474
196 0.5478494623655914 0.5105263157894737 0.03978494623655914 0.4105263157894737
163 0.5849462365591398 0.7 0.025806451612903226 0.28421052631578947
5 0.6129032258064516 0.49473684210526314 0.021505376344086023 0.7999999999999999
167 0.7010752688172043 0.4894736842105263 0.09032258064516129 0.30526315789473685
0 0.7978494623655914 0.43157894736842106 0.053763440860215055 0.6105263157894737
176 0.8564516129032258 0.5052631578947369 0.03763440860215054 0.9473684210526315
126 0.9145161290322581 0.531578947368421 0.05913978494623656 0.4105263157894737
0 0.9704301075268817 0.4526315789473684 0.054838709677419356 0.6105263157894737
