0 0.03074027603513174 0.3597560975609756 0.06148055207026348 0.6951219512195123
84 0.1386449184441656 0.43902439024390244 0.06900878293601004 0.29268292682926833
113 0.23776662484316183 0.36585365853658536 0.04893350062735257 0.7317073170731707
4 0.2797992471769134 0.46951219512195125 0.02509410288582183 0.9146341463414634
14 0.33563362609786696 0.3780487804878049 0.08406524466750313 0.7073170731707318
145 0.38582183186951063 0.6341463414634146 0.01631116687578419 0.4878048780487805
72 0.4222082810539523 0.7621951219512195 0.018820577164366373 0.2804878048780488
119 0.508155583437892 0.6829268292682927 0.10037641154328732 0.12195121951219512
72 0.596612296110414 0.7682926829268293 0.01631116687578419 0.2682926829268293
14 0.6675031367628607 0.4024390243902439 0.08531994981179422 0.7073170731707318
130 0.7170639899623588 0.7317073170731707 0.031367628607277286 0.34146341463414637
128 0.7634880803011291 0.7134146341463415 0.04893350062735257 0.06097560975609756
145 0.8117942283563362 0.6524390243902439 0.01756587202007528 0.5
72 0.8500627352572145 0.7804878048780488 0.018820577164366373 0.2682926829268293
207 0.9008782936010037 0.5304878048780488 0.05269761606022584 0.475609756097561
130 0.9447929736511919 0.7439024390243902 0.03262233375156838 0.34146341463414637
5 0.9849435382685068 0.5121951219512195 0.02509410288582183 0.926829268292683
