209 0.034458509142053444 0.6 0.06891701828410689 0.6888888888888889
108 0.1617440225035162 0.41111111111111115 0.07876230661040788 0.5333333333333333
27 0.2946554149085795 0.35555555555555557 0.07172995780590717 0.7111111111111111
10 0.3649789029535865 0.75 0.057665260196905765 0.45555555555555555
72 0.4177215189873418 0.7555555555555555 0.01687763713080169 0.26666666666666666
153 0.5246132208157525 0.5111111111111112 0.06751054852320676 0.8
20 0.5914205344585092 0.4777777777777778 0.03234880450070324 0.9333333333333333
209 0.6624472573839663 0.5944444444444444 0.06751054852320676 0.7000000000000001
39 0.729254571026723 0.4777777777777778 0.03234880450070324 0.9333333333333333
84 0.8410689170182841 0.4166666666666667 0.08157524613220817 0.2111111111111111
211 0.9683544303797469 0.3611111111111111 0.057665260196905765 0.7222222222222222
