143 0.05697674418604651 0.3833333333333333 0.11395348837209301 0.6333333333333333
104 0.14651162790697675 0.35 0.05116279069767442 0.13333333333333333
168 0.21627906976744185 0.3416666666666667 0.06046511627906977 0.6833333333333333
80 0.29767441860465116 0.35833333333333334 0.07441860465116279 0.6833333333333333
161 0.3918604651162791 0.48333333333333334 0.09534883720930232 0.9666666666666667
196 0.5011627906976744 0.35 0.09534883720930232 0.6666666666666666
80 0.5953488372093023 0.3416666666666667 0.07441860465116279 0.6833333333333333
130 0.6941860465116279 0.35 0.1 0.6666666666666666
64 0.7953488372093023 0.3416666666666667 0.07906976744186046 0.6833333333333333
80 0.8825581395348837 0.35 0.07674418604651162 0.7
168 0.9651162790697674 0.3416666666666667 0.06046511627906977 0.6833333333333333
