205 0.015463917525773196 0.4247787610619469 0.030927835051546393 0.33628318584070793
20 0.045178896300788356 0.43805309734513276 0.015160703456640388 0.7522123893805309
207 0.07155852031534263 0.42920353982300885 0.026682838083687085 0.34513274336283184
72 0.09308671922377199 0.6150442477876106 0.007883565797453002 0.20353982300884954
153 0.12977562158884173 0.4469026548672566 0.027895694360218316 0.5929203539823009
39 0.15251667677380232 0.4424778761061947 0.013947847180109158 0.7433628318584071
84 0.19951485748938752 0.38495575221238937 0.031534263189812006 0.18584070796460178
23 0.2498483929654336 0.46017699115044247 0.015767131594906003 0.9203539823008849
53 0.28077622801698 0.4469026548672566 0.02425712553062462 0.34513274336283184
179 0.3320194057004245 0.4469026548672566 0.03214069132807763 0.5575221238938053
114 0.3823529411764706 0.46017699115044247 0.021224984839296544 0.33628318584070793
71 0.40418435415403275 0.4469026548672566 0.006670709520921771 0.36283185840707965
207 0.44057004244996967 0.4557522123893805 0.02607640994542147 0.34513274336283184
108 0.49363250454821106 0.41150442477876104 0.03274711946634324 0.45132743362831856
6 0.5479078229229837 0.37610619469026546 0.03456640388114009 0.5398230088495575
115 0.5721649484536082 0.37610619469026546 0.011522134627046696 0.5398230088495575
74 0.6234081261370528 0.4469026548672566 0.03759854457246816 0.5752212389380531
23 0.668890236506974 0.4911504424778761 0.015767131594906003 0.8761061946902655
153 0.697089144936325 0.504424778761062 0.02850212249848393 0.6017699115044248
20 0.7219526986052153 0.4911504424778761 0.015160703456640388 0.7522123893805309
54 0.747725894481504 0.49557522123893805 0.025469981807155852 0.33628318584070793
39 0.7734990903577926 0.49557522123893805 0.015160703456640388 0.7610619469026548
71 0.7926015767131596 0.48672566371681414 0.006064281382656155 0.37168141592920356
54 0.8295936931473621 0.504424778761062 0.025469981807155852 0.33628318584070793
108 0.883262583383869 0.4469026548672566 0.03335354760460885 0.45132743362831856
53 0.9342025469981807 0.504424778761062 0.023650697392359005 0.35398230088495575
24 0.9624014554275319 0.5132743362831859 0.015767131594906003 0.8849557522123894
24 0.9909035779260158 0.5176991150442478 0.015767131594906003 0.9292035398230089
