18 0.05038022813688213 0.37341772151898733 0.10076045627376426 0.7215189873417721
211 0.13022813688212928 0.7531645569620253 0.043726235741444866 0.4430379746835443
72 0.17870722433460076 0.7531645569620253 0.019011406844106463 0.26582278481012656
22 0.31653992395437264 0.37341772151898733 0.15019011406844107 0.7215189873417721
211 0.42015209125475284 0.7531645569620253 0.045627376425855515 0.4430379746835443
72 0.467680608365019 0.7468354430379747 0.022813688212927757 0.25316455696202533
119 0.6387832699619772 0.6708860759493671 0.19391634980988592 0.12658227848101267
72 0.7842205323193916 0.7468354430379747 0.02091254752851711 0.27848101265822783
34 0.9011406844106464 0.44936708860759494 0.09125475285171103 0.8987341772151899
211 0.9762357414448669 0.7468354430379747 0.039923954372623575 0.43037974683544306
