161 0.02901785714285714 0.6025641025641026 0.05803571428571428 0.5042735042735044
130 0.08258928571428571 0.8504273504273505 0.040178571428571425 0.26495726495726496
71 0.1688988095238095 0.5555555555555556 0.016369047619047616 0.3760683760683761
84 0.23363095238095236 0.5427350427350428 0.07738095238095238 0.1965811965811966
209 0.3482142857142857 0.6153846153846154 0.06547619047619047 0.5128205128205129
166 0.42857142857142855 0.623931623931624 0.06547619047619047 0.5299145299145299
130 0.49553571428571425 0.22649572649572652 0.041666666666666664 0.26495726495726496
155 0.5982142857142857 0.5512820512820513 0.08035714285714285 0.47008547008547014
172 0.706845238095238 0.5641025641025642 0.06547619047619047 0.3760683760683761
166 0.7901785714285714 0.6367521367521368 0.06547619047619047 0.5213675213675214
130 0.8563988095238094 0.23504273504273507 0.040178571428571425 0.26495726495726496
128 0.9226190476190476 0.21794871794871798 0.05654761904761904 0.042735042735042736
145 0.9873511904761905 0.17948717948717952 0.019345238095238096 0.35897435897435903
