149 0.01684952978056426 0.6089743589743589 0.03369905956112852 0.7051282051282051
20 0.04898119122257053 0.4358974358974359 0.011755485893416927 0.8717948717948718
210 0.07288401253918494 0.5192307692307692 0.029780564263322883 0.5
39 0.09482758620689655 0.4423076923076923 0.0109717868338558 0.8846153846153846
84 0.14851097178683384 0.5192307692307692 0.04467084639498432 0.2692307692307692
53 0.2159090909090909 0.5256410256410257 0.03526645768025078 0.5128205128205128
130 0.24804075235109718 0.75 0.030564263322884012 0.3717948717948718
210 0.28409090909090906 0.5256410256410257 0.030564263322884012 0.5128205128205128
130 0.3134796238244514 0.21153846153846154 0.03134796238244514 0.3717948717948718
155 0.372257053291536 0.5128205128205128 0.045454545454545456 0.717948717948718
67 0.44984326018808773 0.5192307692307692 0.06426332288401254 0.14102564102564102
72 0.4976489028213166 0.8205128205128205 0.007836990595611285 0.3076923076923077
161 0.5419278996865203 0.6089743589743589 0.027429467084639496 0.7307692307692307
20 0.5717084639498432 0.4487179487179487 0.011755485893416927 0.8717948717948718
210 0.5956112852664577 0.5256410256410257 0.029780564263322883 0.5128205128205128
39 0.6171630094043887 0.4551282051282051 0.011755485893416927 0.8846153846153846
84 0.6704545454545454 0.5256410256410257 0.04467084639498432 0.28205128205128205
57 0.7323667711598746 0.4230769230769231 0.03213166144200627 0.7435897435897436
130 0.7672413793103448 0.7628205128205128 0.029780564263322883 0.3717948717948718
210 0.8028996865203761 0.532051282051282 0.028996865203761754 0.5
130 0.8318965517241379 0.22435897435897434 0.030564263322884012 0.3717948717948718
155 0.8894984326018809 0.5128205128205128 0.0438871473354232 0.717948717948718
67 0.9659090909090908 0.5192307692307692 0.06504702194357366 0.14102564102564102
