12 0.06823529411764705 0.49242424242424243 0.1364705882352941 0.9545454545454546
104 0.16941176470588235 0.6363636363636364 0.051764705882352935 0.12121212121212122
105 0.2329411764705882 0.46212121212121215 0.047058823529411764 0.9242424242424243
130 0.3211764705882353 0.6136363636363636 0.10117647058823528 0.6212121212121212
200 0.42470588235294116 0.6287878787878788 0.10117647058823528 0.5909090909090909
53 0.528235294117647 0.6287878787878788 0.08705882352941176 0.6515151515151515
163 0.6211764705882352 0.6212121212121212 0.07529411764705882 0.6363636363636364
105 0.6858823529411764 0.4696969696969697 0.04941176470588235 0.9393939393939394
53 0.768235294117647 0.6439393939393939 0.08705882352941176 0.6515151515151515
130 0.8752941176470588 0.6287878787878788 0.0988235294117647 0.6212121212121212
186 0.9670588235294116 0.5757575757575758 0.05647058823529411 0.7878787878787878
