14 0.030537830446672742 0.4526315789473684 0.061075660893345485 0.6105263157894737
105 0.06426618049225159 0.6789473684210526 0.011850501367365542 0.3894736842105263
84 0.12443026435733819 0.5263157894736842 0.05013673655423883 0.25263157894736843
207 0.1918869644484959 0.5684210526315789 0.039197812215132175 0.39999999999999997
105 0.21969006381039197 0.6947368421052631 0.01276207839562443 0.39999999999999997
155 0.2666362807657247 0.4631578947368421 0.04102096627164995 0.4631578947368421
14 0.33454876937101186 0.47368421052631576 0.06198723792160438 0.6105263157894737
190 0.33728350045578853 0.05263157894736842 0.023701002734731084 0.10526315789473684
105 0.3669097538742024 0.6947368421052631 0.013673655423883317 0.39999999999999997
108 0.422971741112124 0.5368421052631579 0.040109389243391066 0.5473684210526316
113 0.487693710118505 0.47368421052631576 0.03646308113035551 0.631578947368421
4 0.5195989061075661 0.5631578947368421 0.018231540565177756 0.7894736842105263
207 0.545123062898815 0.5894736842105263 0.03828623518687329 0.39999999999999997
145 0.5774840474020054 0.7052631578947368 0.011850501367365542 0.42105263157894735
72 0.6025524156791249 0.8105263157894737 0.01276207839562443 0.23157894736842105
119 0.6649954421148587 0.7526315789473684 0.07019143117593436 0.09473684210526316
72 0.7283500455788514 0.8105263157894737 0.01276207839562443 0.23157894736842105
207 0.7657247037374658 0.6052631578947368 0.03828623518687329 0.4105263157894737
130 0.7976298997265269 0.7842105263157895 0.02552415679124886 0.28421052631578947
128 0.8318140382862351 0.763157894736842 0.03555150410209663 0.05263157894736842
145 0.8655423883318141 0.7105263157894737 0.011850501367365542 0.43157894736842106
72 0.8933454876937101 0.8210526315789474 0.01276207839562443 0.23157894736842105
207 0.9298085688240656 0.6 0.03646308113035551 0.42105263157894735
130 0.9598906107566089 0.7894736842105263 0.023701002734731084 0.2736842105263158
5 0.9890610756608933 0.5842105263157895 0.018231540565177756 0.7894736842105263
