31 0.03360215053763441 0.3967391304347826 0.06720430107526883 0.6630434782608695
20 0.09677419354838711 0.483695652173913 0.02688172043010753 0.9239130434782609
8 0.16263440860215056 0.3913043478260869 0.07795698924731183 0.6739130434782609
163 0.23051075268817206 0.7065217391304348 0.03360215053763441 0.2826086956521739
191 0.3259408602150538 0.4782608695652174 0.05510752688172044 0.4782608695652174
8 0.43884408602150543 0.375 0.07661290322580645 0.6847826086956521
76 0.5067204301075269 0.733695652173913 0.03494623655913979 0.4891304347826087
56 0.5094086021505376 0.21195652173913043 0.02956989247311828 0.25
39 0.5571236559139785 0.46195652173913043 0.025537634408602152 0.9239130434782609
178 0.655241935483871 0.4782608695652174 0.0685483870967742 0.5652173913043478
22 0.7916666666666667 0.3804347826086956 0.11021505376344087 0.6739130434782609
58 0.8790322580645162 0.47282608695652173 0.040322580645161296 0.9239130434782609
7 0.9543010752688172 0.375 0.08602150537634409 0.6630434782608695
