205 0.04159733777038269 0.4821428571428571 0.08319467554076539 0.46428571428571425
211 0.11647254575707155 0.6726190476190476 0.036605657237936774 0.369047619047619
20 0.17970049916805325 0.4821428571428571 0.036605657237936774 0.9404761904761905
207 0.24875207986688852 0.4880952380952381 0.064891846921797 0.45238095238095233
39 0.3161397670549085 0.46428571428571425 0.036605657237936774 0.9285714285714285
84 0.46339434276206326 0.47619047619047616 0.1281198003327787 0.19047619047619047
168 0.5881863560732113 0.4880952380952381 0.048252911813643926 0.47619047619047616
145 0.6389351081530782 0.6666666666666666 0.033277870216306155 0.3571428571428571
20 0.7029950083194676 0.494047619047619 0.03826955074875208 0.9642857142857142
207 0.7720465890183028 0.4821428571428571 0.06655574043261231 0.46428571428571425
72 0.8227953410981698 0.7797619047619048 0.028286189683860232 0.3214285714285714
211 0.9093178036605657 0.40476190476190477 0.05823627287853578 0.6666666666666666
39 0.978369384359401 0.4880952380952381 0.036605657237936774 0.9285714285714285
