20 0.0078125 0.4270833333333333 0.015625 0.8541666666666666
126 0.052220394736842105 0.4427083333333333 0.055098684210526314 0.46875
211 0.09703947368421052 0.734375 0.023026315789473683 0.46875
145 0.12376644736842105 0.734375 0.010690789473684209 0.44791666666666663
72 0.1615953947368421 0.6875 0.010690789473684209 0.25
130 0.2138157894736842 0.4427083333333333 0.03289473684210526 0.46875
211 0.24794407894736842 0.734375 0.023848684210526314 0.46875
145 0.2746710526315789 0.7447916666666666 0.011513157894736841 0.44791666666666663
39 0.30386513157894735 0.4375 0.015625 0.8541666666666666
84 0.3626644736842105 0.4375 0.044407894736842105 0.25
20 0.4226973684210526 0.4427083333333333 0.01644736842105263 0.8645833333333333
126 0.4666940789473684 0.453125 0.055098684210526314 0.46875
145 0.5106907894736842 0.7552083333333333 0.011513157894736841 0.44791666666666663
145 0.537828947368421 0.7552083333333333 0.011513157894736841 0.44791666666666663
72 0.5748355263157895 0.6979166666666666 0.009868421052631578 0.25
130 0.6274671052631579 0.46354166666666663 0.03289473684210526 0.46875
145 0.6620065789473684 0.7552083333333333 0.011513157894736841 0.44791666666666663
145 0.6883223684210525 0.7552083333333333 0.011513157894736841 0.44791666666666663
39 0.717516447368421 0.453125 0.015625 0.8645833333333333
84 0.7767269736842105 0.453125 0.04358552631578947 0.23958333333333331
20 0.8359375 0.453125 0.015625 0.8645833333333333
145 0.8680098684210525 0.36979166666666663 0.01726973684210526 0.6354166666666666
72 0.9083059210526315 0.7083333333333333 0.010690789473684209 0.25
145 0.9601151315789473 0.36979166666666663 0.01726973684210526 0.6354166666666666
39 0.9905427631578947 0.46354166666666663 0.015625 0.8645833333333333
