11 0.038705583756345176 0.41891891891891897 0.07741116751269035 0.8108108108108109
145 0.09073604060913705 0.6959459459459459 0.016497461928934008 0.472972972972973
189 0.12182741116751268 0.6891891891891893 0.025380710659898477 0.4864864864864865
56 0.16370558375634517 0.26351351351351354 0.04314720812182741 0.5270270270270271
72 0.2081218274111675 0.8108108108108109 0.015228426395939085 0.2972972972972973
11 0.30076142131979694 0.4256756756756757 0.07614213197969542 0.7972972972972974
91 0.3508883248730964 0.6824324324324325 0.026649746192893398 0.5
93 0.383248730964467 0.6891891891891893 0.027918781725888322 0.4594594594594595
56 0.42576142131979694 0.2702702702702703 0.04187817258883248 0.5135135135135136
72 0.4708121827411167 0.8175675675675677 0.015228426395939085 0.31081081081081086
11 0.5609137055837563 0.44594594594594594 0.07360406091370558 0.8108108108108109
175 0.6129441624365481 0.7027027027027027 0.027918781725888322 0.4594594594594595
175 0.6440355329949238 0.7027027027027027 0.026649746192893398 0.4594594594594595
56 0.6859137055837563 0.27702702702702703 0.04187817258883248 0.5
72 0.7290609137055837 0.8175675675675677 0.013959390862944161 0.31081081081081086
11 0.8210659898477157 0.43243243243243246 0.07360406091370558 0.7837837837837838
195 0.8718274111675126 0.6959459459459459 0.025380710659898477 0.5
145 0.9035532994923857 0.6959459459459459 0.012690355329949238 0.472972972972973
175 0.9352791878172588 0.6891891891891893 0.027918781725888322 0.4594594594594595
56 0.9765228426395939 0.27702702702702703 0.04187817258883248 0.5
