168 0.014150943396226415 0.5053191489361702 0.02830188679245283 0.4574468085106383
20 0.04845626072041166 0.4787234042553191 0.02144082332761578 0.8936170212765957
126 0.10120068610634649 0.5106382978723404 0.05660377358490566 0.44680851063829785
39 0.15222984562607203 0.48404255319148937 0.01972555746140652 0.9042553191489362
59 0.19382504288164665 0.4574468085106383 0.044596912521440824 0.9148936170212766
20 0.23499142367066894 0.48404255319148937 0.020583190394511147 0.9042553191489362
126 0.28730703259005147 0.5053191489361702 0.0548885077186964 0.4574468085106383
145 0.33361921097770153 0.7606382978723404 0.018867924528301886 0.4361702127659574
72 0.3572041166380789 0.7606382978723404 0.011149228130360206 0.26595744680851063
126 0.4159519725557461 0.5053191489361702 0.05660377358490566 0.4574468085106383
195 0.4699828473413379 0.7553191489361702 0.022298456260720412 0.425531914893617
39 0.5025728987993139 0.48936170212765956 0.020583190394511147 0.8936170212765957
20 0.5291595197255574 0.48404255319148937 0.020583190394511147 0.9042553191489362
114 0.5707547169811321 0.5053191489361702 0.03344768439108062 0.4361702127659574
20 0.6067753001715266 0.49468085106382975 0.02144082332761578 0.9042553191489362
86 0.6487993138936535 0.6063829787234042 0.03516295025728988 0.6170212765957447
39 0.6873927958833619 0.48936170212765956 0.01972555746140652 0.8936170212765957
176 0.7264150943396226 0.5 0.04631217838765009 0.8936170212765957
114 0.7710120068610634 0.5106382978723404 0.032590051457975985 0.44680851063829785
20 0.8057461406518011 0.48936170212765956 0.01972555746140652 0.8936170212765957
86 0.8490566037735849 0.6063829787234042 0.03602058319039451 0.6170212765957447
25 0.8957975986277873 0.7606382978723404 0.04030874785591767 0.4361702127659574
53 0.9288164665523156 0.8297872340425532 0.024013722126929673 0.2978723404255319
39 0.9622641509433962 0.5 0.020583190394511147 0.8936170212765957
39 0.9879931389365352 0.49468085106382975 0.020583190394511147 0.9042553191489362
