18 0.03319783197831978 0.46195652173913043 0.06639566395663957 0.6413043478260869
20 0.09823848238482384 0.5380434782608695 0.025745257452574527 0.8369565217391304
6 0.15853658536585366 0.44565217391304346 0.07859078590785908 0.6521739130434783
72 0.21476964769647697 0.7934782608695652 0.017615176151761516 0.2391304347826087
145 0.28184281842818426 0.45108695652173914 0.03523035230352303 0.6413043478260869
72 0.3231707317073171 0.8043478260869565 0.017615176151761516 0.2391304347826087
128 0.4146341463414634 0.5489130434782609 0.07046070460704607 0.05434782608695652
145 0.5 0.46195652173913043 0.03252032520325203 0.6195652173913043
39 0.540650406504065 0.5434782608695652 0.024390243902439025 0.8260869565217391
20 0.6063685636856369 0.5489130434782609 0.025745257452574527 0.8369565217391304
17 0.6686991869918699 0.4782608695652174 0.08536585365853659 0.6304347826086957
190 0.6815718157181572 0.05434782608695652 0.03523035230352303 0.10869565217391304
211 0.741869918699187 0.7771739130434783 0.036585365853658534 0.40217391304347827
84 0.8224932249322493 0.5434782608695652 0.07588075880758807 0.21739130434782608
211 0.9065040650406504 0.4782608695652174 0.051490514905149054 0.6521739130434783
39 0.9518970189701897 0.5543478260869565 0.025745257452574527 0.8260869565217391
71 0.9905149051490515 0.5706521739130435 0.013550135501355014 0.44565217391304346
