17 0.036637931034482756 0.4382022471910112 0.07327586206896551 0.6741573033707865
84 0.140625 0.42134831460674155 0.06573275862068965 0.2808988764044944
89 0.21713362068965517 0.5337078651685393 0.061422413793103446 0.8426966292134831
56 0.2683189655172414 0.3202247191011236 0.036637931034482756 0.4157303370786517
20 0.3081896551724138 0.4887640449438202 0.021551724137931036 0.8202247191011236
17 0.3582974137931034 0.4438202247191011 0.07435344827586207 0.6629213483146067
126 0.4213362068965517 0.7191011235955056 0.03879310344827586 0.2696629213483146
105 0.4488146551724138 0.6573033707865168 0.011853448275862068 0.3932584269662921
130 0.4714439655172414 0.7191011235955056 0.02693965517241379 0.2696629213483146
39 0.5091594827586207 0.4887640449438202 0.02478448275862069 0.797752808988764
155 0.5883620689655172 0.43258426966292135 0.06465517241379311 0.6853932584269663
182 0.6875 0.3932584269662921 0.05603448275862069 0.7865168539325842
105 0.7300646551724138 0.6741573033707865 0.016163793103448277 0.38202247191011235
84 0.7634698275862069 0.6629213483146067 0.03771551724137931 0.1797752808988764
145 0.8033405172413793 0.6797752808988764 0.011853448275862068 0.3932584269662921
130 0.8345905172413793 0.3707865168539326 0.02478448275862069 0.24719101123595505
17 0.9046336206896551 0.4550561797752809 0.07219827586206896 0.6629213483146067
45 0.9649784482758621 0.6797752808988764 0.0334051724137931 0.4157303370786517
105 0.9897629310344828 0.7752808988764045 0.016163793103448277 0.4044943820224719
