89 0.039942938659058486 0.5084745762711864 0.07988587731811697 0.6949152542372882
130 0.07917261055634808 0.8389830508474576 0.03851640513552069 0.2542372881355932
71 0.1861626248216833 0.5466101694915254 0.015691868758915834 0.3644067796610169
84 0.24893009985734665 0.538135593220339 0.07560627674750357 0.19491525423728814
93 0.3880171184022825 0.4703389830508475 0.05706134094151213 0.5169491525423728
161 0.4543509272467903 0.6101694915254238 0.05563480741797432 0.4915254237288136
130 0.5057061340941512 0.8516949152542372 0.03851640513552069 0.2627118644067797
166 0.5784593437945792 0.6228813559322034 0.06419400855920114 0.5169491525423728
130 0.6412268188302426 0.2245762711864407 0.03851640513552069 0.2627118644067797
155 0.7004279600570613 0.22033898305084745 0.05135520684736092 0.3220338983050847
145 0.7553495007132668 0.17796610169491525 0.018544935805991442 0.3559322033898305
155 0.8651925820256776 0.5508474576271186 0.07560627674750357 0.4576271186440678
145 0.9821683309557775 0.4830508474576271 0.029957203994293868 0.5084745762711864
