31 0.03664036076662908 0.6368421052631579 0.07328072153325817 0.6631578947368421
71 0.09751972942502818 0.7368421052631579 0.012401352874859075 0.4631578947368421
50 0.18263810597519728 0.6368421052631579 0.07666290868094701 0.6421052631578947
191 0.282412626832018 0.7263157894736842 0.04622322435174746 0.42105263157894735
6 0.3742953776775648 0.6368421052631579 0.06313416009019165 0.6842105263157895
113 0.42897406989853437 0.25263157894736843 0.03494926719278467 0.4842105263157895
128 0.4802705749718151 0.30526315789473685 0.04284103720405862 0.06315789473684211
145 0.5287485907553551 0.25789473684210523 0.015783540022547914 0.4526315789473684
167 0.6240135287485907 0.7210526315789474 0.08004509582863585 0.30526315789473685
51 0.7423900789177 0.631578947368421 0.06200676437429538 0.6526315789473685
191 0.8342728297632469 0.7263157894736842 0.04509582863585118 0.42105263157894735
6 0.9267192784667417 0.631578947368421 0.06313416009019165 0.6736842105263158
113 0.9808342728297632 0.24210526315789474 0.033821871476888386 0.4842105263157895
