6 0.01731301939058172 0.44897959183673464 0.03462603878116344 0.29591836734693877
130 0.045706371191135735 0.635204081632653 0.015235457063711912 0.1173469387755102
20 0.08240997229916898 0.47959183673469385 0.019390581717451522 0.8877551020408162
149 0.1049168975069252 0.5357142857142857 0.025623268698060944 0.2755102040816326
72 0.12673130193905818 0.6045918367346939 0.008310249307479225 0.10714285714285714
94 0.19667590027700832 0.4821428571428571 0.0997229916897507 0.015306122448979591
150 0.16135734072022162 0.7372448979591836 0.0221606648199446 0.3010204081632653
205 0.19736842105263158 0.7908163265306122 0.0332409972299169 0.19387755102040816
150 0.19494459833795014 0.15051020408163265 0.022853185595567867 0.3010204081632653
145 0.22922437673130194 0.9005102040816326 0.0110803324099723 0.17857142857142855
206 0.2770083102493075 0.49234693877551017 0.029085872576177285 0.19897959183673466
119 0.3337950138504155 0.5739795918367346 0.0443213296398892 0.04591836734693877
206 0.39058171745152354 0.4948979591836734 0.029085872576177285 0.19387755102040816
94 0.4664127423822715 0.48724489795918363 0.09349030470914127 0.015306122448979591
150 0.4345567867036011 0.7372448979591836 0.022853185595567867 0.3010204081632653
150 0.46398891966759004 0.15051020408163265 0.023545706371191136 0.3010204081632653
205 0.4709141274238227 0.7908163265306122 0.0332409972299169 0.19387755102040816
130 0.4979224376731302 0.9311224489795917 0.015235457063711912 0.1173469387755102
20 0.53601108033241 0.48724489795918363 0.012465373961218837 0.3826530612244898
149 0.556786703601108 0.5357142857142857 0.02631578947368421 0.2755102040816326
39 0.5803324099722992 0.48724489795918363 0.012465373961218837 0.3826530612244898
39 0.6028393351800554 0.4846938775510204 0.02008310249307479 0.8877551020408162
84 0.6481994459833795 0.4846938775510204 0.036011080332409975 0.09183673469387754
168 0.6880193905817175 0.49234693877551017 0.01731301939058172 0.19897959183673466
196 0.7143351800554016 0.49234693877551017 0.028393351800554016 0.19897959183673466
149 0.746191135734072 0.5382653061224489 0.029778393351800554 0.29081632653061223
23 0.7863573407202216 0.4846938775510204 0.01592797783933518 0.3877551020408163
204 0.8047091412742382 0.48724489795918363 0.002770083102493075 0.3724489795918367
16 0.8272160664819944 0.4540816326530612 0.028393351800554016 0.2857142857142857
89 0.8611495844875346 0.4846938775510204 0.03393351800554017 0.3877551020408163
20 0.8923130193905817 0.48724489795918363 0.013157894736842105 0.3826530612244898
149 0.9134349030470914 0.5382653061224489 0.02631578947368421 0.2704081632653061
39 0.9369806094182825 0.49234693877551017 0.012465373961218837 0.3826530612244898
204 0.9504847645429363 0.48724489795918363 0.0034626038781163434 0.3724489795918367
195 0.9702216066481995 0.336734693877551 0.01662049861495845 0.18367346938775508
71 0.9954986149584487 0.4948979591836734 0.006232686980609419 0.2040816326530612
