204 0.00248015873015873 0.5441176470588235 0.00496031746031746 0.45294117647058824
204 0.014384920634920634 0.5441176470588235 0.00496031746031746 0.45294117647058824
153 0.07390873015873016 0.5705882352941176 0.04265873015873016 0.38823529411764707
204 0.13442460317460317 0.538235294117647 0.00496031746031746 0.45294117647058824
204 0.14583333333333331 0.538235294117647 0.005952380952380952 0.45294117647058824
195 0.19543650793650794 0.4117647058823529 0.021825396825396824 0.1764705882352941
84 0.2708333333333333 0.5470588235294117 0.07539682539682539 0.09411764705882353
110 0.38244047619047616 0.4852941176470588 0.09027777777777778 0.9705882352941176
128 0.41914682539682535 0.9294117647058824 0.026785714285714284 0.03529411764705882
155 0.4538690476190476 0.12941176470588234 0.022817460317460316 0.1411764705882353
109 0.46329365079365076 0.9205882352941176 0.03373015873015873 0.13529411764705881
109 0.49900793650793646 0.11764705882352941 0.03373015873015873 0.12941176470588234
204 0.4925595238095238 0.5147058823529411 0.00496031746031746 0.5
153 0.5520833333333333 0.5529411764705883 0.04265873015873016 0.38823529411764707
20 0.6011904761904762 0.5264705882352941 0.021825396825396824 0.4647058823529412
116 0.6408730158730158 0.49411764705882355 0.03968253968253968 0.3058823529411765
39 0.681547619047619 0.5205882352941177 0.01984126984126984 0.45294117647058824
204 0.7222222222222222 0.5117647058823529 0.005952380952380952 0.5058823529411764
195 0.7683531746031745 0.38823529411764707 0.020833333333333332 0.1764705882352941
75 0.8268849206349206 0.4647058823529412 0.03869047619047619 0.3411764705882353
166 0.8625992063492063 0.611764705882353 0.03273809523809523 0.2823529411764706
20 0.9077380952380952 0.5235294117647059 0.021825396825396824 0.4588235294117647
116 0.9484126984126984 0.4852941176470588 0.037698412698412696 0.3
39 0.9875992063492063 0.5029411764705882 0.020833333333333332 0.45294117647058824
