17 0.04222648752399232 0.4117647058823529 0.08445297504798464 0.7843137254901961
84 0.15355086372360843 0.45098039215686275 0.061420345489443376 0.27450980392156865
113 0.24664107485604606 0.4019607843137255 0.04798464491362764 0.803921568627451
4 0.30038387715930903 0.4803921568627451 0.02111324376199616 0.9215686274509803
207 0.3474088291746641 0.5392156862745098 0.053742802303262956 0.5294117647058824
5 0.39923224568138194 0.4803921568627451 0.023032629558541268 0.9215686274509803
178 0.4798464491362764 0.4803921568627451 0.0690978886756238 0.6862745098039216
113 0.5748560460652591 0.39215686274509803 0.04798464491362764 0.7843137254901961
4 0.6276391554702495 0.4803921568627451 0.023032629558541268 0.9215686274509803
207 0.6727447216890595 0.5392156862745098 0.051823416506717845 0.5294117647058824
72 0.7130518234165067 0.7843137254901961 0.01727447216890595 0.27450980392156865
205 0.7975047984644913 0.5392156862745098 0.06333973128598848 0.49019607843137253
72 0.8445297504798465 0.7941176470588235 0.015355086372360844 0.2549019607843137
45 0.928982725527831 0.4215686274509804 0.06525911708253358 0.7647058823529411
5 0.9846449136276392 0.5 0.023032629558541268 0.9215686274509803
