187 0.03403755868544601 0.46551724137931033 0.06807511737089202 0.42528735632183906
56 0.13028169014084506 0.7873563218390804 0.06807511737089202 0.3793103448275862
20 0.22183098591549297 0.43103448275862066 0.04460093896713615 0.8620689655172413
3 0.31220657276995306 0.3505747126436782 0.11737089201877934 0.632183908045977
130 0.4107981220657277 0.16666666666666666 0.051643192488262914 0.26436781609195403
39 0.4694835680751174 0.4367816091954023 0.04225352112676056 0.8505747126436781
178 0.5962441314553991 0.42528735632183906 0.11737089201877934 0.367816091954023
15 0.7359154929577465 0.3390804597701149 0.06807511737089202 0.632183908045977
20 0.8227699530516432 0.42528735632183906 0.04460093896713615 0.8505747126436781
149 0.8931924882629109 0.5402298850574713 0.08685446009389672 0.6206896551724138
39 0.9730046948356808 0.43103448275862066 0.04460093896713615 0.8620689655172413
