145 0.02054794520547945 0.375 0.0410958904109589 0.7000000000000001
84 0.12397260273972603 0.4625 0.0863013698630137 0.25
207 0.236986301369863 0.49375 0.0547945205479452 0.48750000000000004
128 0.2945205479452055 0.28125 0.049315068493150684 0.0625
145 0.34794520547945207 0.225 0.030136986301369864 0.45
207 0.40684931506849314 0.48750000000000004 0.0547945205479452 0.47500000000000003
108 0.5 0.48125 0.04657534246575343 0.8625
35 0.5910958904109589 0.36250000000000004 0.08082191780821918 0.7250000000000001
48 0.6986301369863014 0.3875 0.07123287671232877 0.75
145 0.7458904109589041 0.74375 0.031506849315068496 0.4375
178 0.8171232876712329 0.49375 0.0589041095890411 0.7125
48 0.9273972602739726 0.38125000000000003 0.07123287671232877 0.7625000000000001
211 0.9808219178082191 0.75 0.03287671232876713 0.45
