16 0.018028846153846152 0.3875 0.036057692307692304 0.7250000000000001
84 0.07892628205128205 0.4375 0.04246794871794872 0.30000000000000004
23 0.14703525641025642 0.45625000000000004 0.02003205128205128 0.9125000000000001
145 0.1814903846153846 0.4 0.016826923076923076 0.7000000000000001
123 0.24519230769230768 0.41875 0.046474358974358976 0.7375
35 0.31530448717948717 0.4 0.040865384615384616 0.7250000000000001
80 0.3505608974358974 0.5125000000000001 0.024839743589743588 0.5
207 0.40344551282051283 0.50625 0.0344551282051282 0.5125000000000001
123 0.4707532051282051 0.42500000000000004 0.04567307692307692 0.7250000000000001
195 0.532451923076923 0.41875 0.029647435897435896 0.7375
72 0.5604967948717948 0.7625000000000001 0.010416666666666666 0.275
15 0.6033653846153846 0.40625 0.020833333333333332 0.7125
126 0.6390224358974359 0.53125 0.04567307692307692 0.48750000000000004
207 0.7027243589743589 0.51875 0.035256410256410256 0.5125000000000001
84 0.7676282051282051 0.47500000000000003 0.041666666666666664 0.30000000000000004
209 0.8269230769230769 0.6312500000000001 0.038461538461538464 0.6875
84 0.8946314102564102 0.48125 0.040865384615384616 0.28750000000000003
211 0.9559294871794871 0.45 0.030448717948717948 0.7250000000000001
24 0.9883814102564102 0.5 0.02003205128205128 0.9
