53 0.04319654427645789 0.3189655172413793 0.08639308855291578 0.6379310344827586
145 0.11123110151187905 0.6724137931034483 0.04967602591792657 0.5862068965517241
72 0.16846652267818576 0.6810344827586207 0.021598272138228944 0.3620689655172414
53 0.2840172786177106 0.3189655172413793 0.08423326133909288 0.6379310344827586
195 0.3617710583153348 0.6637931034482758 0.04967602591792657 0.603448275862069
72 0.4125269978401728 0.6810344827586207 0.021598272138228944 0.3620689655172414
119 0.6004319654427647 0.5603448275862069 0.21166306695464365 0.1896551724137931
72 0.7624190064794817 0.6724137931034483 0.02591792656587473 0.3793103448275862
53 0.8866090712742981 0.3275862068965517 0.08423326133909288 0.6206896551724138
130 0.9622030237580994 0.7068965517241379 0.06695464362850972 0.4482758620689655
