204 0.007128309572301425 0.5727272727272728 0.01425661914460285 0.7999999999999999
50 0.10081466395112015 0.5045454545454545 0.12423625254582484 0.5363636363636364
204 0.2016293279022403 0.5772727272727273 0.012219959266802444 0.8090909090909091
121 0.34928716904276985 0.5363636363636364 0.09572301425661914 0.509090909090909
195 0.5173116089613035 0.48636363636363633 0.07739307535641547 0.5545454545454546
154 0.5947046843177188 0.35 0.06517311608961303 0.22727272727272727
20 0.6547861507128309 0.33636363636363636 0.038696537678207736 0.45454545454545453
50 0.7209775967413441 0.2863636363636364 0.08961303462321792 0.35454545454545455
39 0.7963340122199591 0.33636363636363636 0.032586558044806514 0.45454545454545453
64 0.8360488798370671 0.15 0.03462321792260692 0.17272727272727273
20 0.8747454175152749 0.15 0.026476578411405292 0.3
50 0.9276985743380854 0.11818181818181818 0.06313645621181262 0.23636363636363636
39 0.9837067209775966 0.1590909090909091 0.024439918533604887 0.3
