17 0.04130162703379224 0.484375 0.08260325406758448 0.36875
50 0.10387984981226533 0.6125 0.04505632040050063 0.225
84 0.20400500625782228 0.47500000000000003 0.07509386733416772 0.1625
89 0.2928660826032541 0.540625 0.06758448060075094 0.46875
56 0.34918648310387984 0.41875 0.0425531914893617 0.225
20 0.3923654568210263 0.515625 0.023779724655819776 0.45625000000000004
17 0.4499374217772215 0.484375 0.08135168961201503 0.38125000000000003
51 0.5219023779724656 0.6125 0.03754693366708386 0.21250000000000002
39 0.5544430538172717 0.515625 0.025031289111389236 0.44375000000000003
155 0.6495619524405507 0.48125 0.0725907384230288 0.375
105 0.7265331664580726 0.875 0.016270337922403004 0.225
182 0.7765957446808511 0.45625000000000004 0.06382978723404255 0.4375
84 0.7665832290362954 0.86875 0.04380475594493116 0.1
126 0.7728410513141427 0.07187500000000001 0.04630788485607009 0.14375000000000002
145 0.8135168961201502 0.8718750000000001 0.015018773466833543 0.21875
17 0.8904881101376722 0.48125 0.08135168961201503 0.36250000000000004
45 0.960575719649562 0.6125 0.03879849812265332 0.225
105 0.9893617021276596 0.6625000000000001 0.016270337922403004 0.21250000000000002
