126 0.029166666666666667 0.4551282051282051 0.058333333333333334 0.5
132 0.12447916666666667 0.4230769230769231 0.04479166666666667 0.6666666666666666
149 0.2015625 0.5897435897435898 0.051041666666666666 0.7435897435897436
72 0.23958333333333334 0.75 0.014583333333333334 0.2692307692307692
149 0.290625 0.5961538461538461 0.05 0.7307692307692307
207 0.33489583333333334 0.48717948717948717 0.042708333333333334 0.48717948717948717
108 0.41875 0.4487179487179487 0.04583333333333333 0.6666666666666666
3 0.5046875 0.3717948717948718 0.053125 0.7435897435897436
4 0.5489583333333333 0.48717948717948717 0.020833333333333332 0.9743589743589743
196 0.58125 0.5064102564102564 0.0375 0.5
145 0.6177083333333333 0.6602564102564102 0.014583333333333334 0.5256410256410257
72 0.6479166666666667 0.7756410256410257 0.014583333333333334 0.2948717948717949
119 0.7203125 0.6987179487179487 0.084375 0.11538461538461538
72 0.7942708333333334 0.7756410256410257 0.015625 0.2948717948717949
196 0.8416666666666667 0.5128205128205128 0.03958333333333333 0.5128205128205128
163 0.8760416666666666 0.7371794871794871 0.025 0.34615384615384615
5 0.9020833333333333 0.48717948717948717 0.020833333333333332 0.9743589743589743
65 0.96875 0.41666666666666663 0.058333333333333334 0.7051282051282051
