4 0.018115942028985508 0.4807692307692307 0.036231884057971016 0.9615384615384615
113 0.07789855072463768 0.3782051282051282 0.07246376811594203 0.7564102564102564
20 0.13677536231884058 0.48717948717948717 0.041666666666666664 0.9487179487179487
52 0.20652173913043478 0.391025641025641 0.09057971014492754 0.7307692307692307
72 0.266304347826087 0.7756410256410257 0.025362318840579712 0.2692307692307692
45 0.365036231884058 0.3846153846153846 0.08152173913043478 0.7435897435897436
39 0.42844202898550726 0.48717948717948717 0.041666666666666664 0.9487179487179487
71 0.5172101449275363 0.5 0.01992753623188406 0.5128205128205128
17 0.6358695652173914 0.3846153846153846 0.11231884057971014 0.7435897435897436
5 0.7110507246376812 0.49358974358974356 0.034420289855072464 0.9615384615384615
100 0.838768115942029 0.4487179487179487 0.10144927536231885 0.6923076923076923
145 0.9791666666666666 0.40384615384615385 0.034420289855072464 0.7307692307692307
