204 0.008083140877598153 0.4020618556701031 0.016166281755196306 0.6597938144329897
204 0.03348729792147806 0.4072164948453608 0.020785219399538105 0.6494845360824743
89 0.08660508083140878 0.4793814432989691 0.10392609699769052 0.7938144329896907
158 0.15473441108545036 0.12886597938144329 0.03233256351039261 0.25773195876288657
20 0.22055427251732102 0.520618556701031 0.057736720554272515 0.7731958762886598
196 0.29330254041570436 0.5257731958762887 0.08775981524249422 0.41237113402061853
39 0.38221709006928406 0.5103092783505154 0.057736720554272515 0.7731958762886598
204 0.4561200923787529 0.38144329896907214 0.016166281755196306 0.6597938144329897
204 0.48036951501154734 0.37628865979381443 0.018475750577367205 0.6494845360824743
14 0.5600461893764435 0.7525773195876289 0.12240184757505773 0.4536082474226804
84 0.7644341801385681 0.4536082474226804 0.12009237875288684 0.24742268041237114
54 0.9468822170900693 0.4793814432989691 0.09699769053117782 0.4020618556701031
