10 0.015561569688768607 0.36979166666666663 0.031123139377537214 0.59375
207 0.04668470906630582 0.4583333333333333 0.027063599458728015 0.41666666666666663
186 0.07036535859269283 0.3802083333333333 0.018944519621109608 0.5729166666666666
20 0.09641407307171855 0.453125 0.011502029769959406 0.78125
17 0.12686062246278756 0.3802083333333333 0.04127198917456022 0.59375
191 0.16745602165087958 0.21354166666666666 0.015561569688768607 0.23958333333333331
72 0.1935047361299053 0.7083333333333333 0.008119079837618403 0.20833333333333331
52 0.2324086603518268 0.38541666666666663 0.03721244925575102 0.6041666666666666
176 0.26285520974289583 0.46875 0.01962110960757781 0.7916666666666666
195 0.28687415426251694 0.38541666666666663 0.024357239512855212 0.6041666666666666
52 0.3261163734776725 0.3958333333333333 0.036535859269282815 0.6041666666666666
39 0.35385656292286877 0.46875 0.013531799729364007 0.7916666666666666
73 0.39005412719891747 0.47916666666666663 0.03721244925575102 0.5
10 0.4364005412719892 0.40104166666666663 0.031123139377537214 0.59375
207 0.46853856562922874 0.4895833333333333 0.02774018944519621 0.41666666666666663
186 0.49255751014884985 0.4114583333333333 0.018944519621109608 0.5729166666666666
20 0.5186062246278755 0.4895833333333333 0.011502029769959406 0.9791666666666666
129 0.5412719891745602 0.59375 0.028416779431664412 0.5625
20 0.571041948579161 0.4895833333333333 0.012178619756427606 0.7916666666666666
17 0.6014884979702301 0.41666666666666663 0.04194857916102842 0.6041666666666666
39 0.631596752368065 0.484375 0.012855209742895807 0.78125
72 0.6458051420838972 0.7239583333333333 0.008795669824086604 0.21875
52 0.6833558863328824 0.40625 0.035182679296346414 0.6041666666666666
176 0.7121109607577808 0.47916666666666663 0.01962110960757781 0.7916666666666666
195 0.7357916102841678 0.3958333333333333 0.023680649526387012 0.6041666666666666
52 0.7760487144790258 0.40625 0.036535859269282815 0.6041666666666666
39 0.8051420838971584 0.49479166666666663 0.013531799729364007 0.96875
73 0.8420162381596753 0.4895833333333333 0.03856562922868742 0.5
52 0.8893775372124493 0.40625 0.03585926928281462 0.6041666666666666
176 0.9188092016238161 0.484375 0.017591339648173207 0.8020833333333333
195 0.9414749661705007 0.40104166666666663 0.023680649526387012 0.6145833333333333
52 0.9803788903924223 0.40625 0.036535859269282815 0.6041666666666666
