47 0.06521739130434782 0.375 0.13043478260869565 0.75
3 0.17598343685300208 0.7236842105263157 0.06625258799171843 0.5
104 0.24120082815734992 0.5394736842105263 0.035196687370600416 0.07894736842105263
196 0.31573498964803315 0.5 0.08902691511387165 0.47368421052631576
130 0.41304347826086957 0.48684210526315785 0.09316770186335405 0.47368421052631576
105 0.4813664596273292 0.381578947368421 0.04347826086956522 0.7105263157894737
89 0.5341614906832298 0.34868421052631576 0.05797101449275363 0.6973684210526315
141 0.6086956521739131 0.5 0.07039337474120083 0.47368421052631576
163 0.6821946169772257 0.4934210526315789 0.06004140786749483 0.4605263157894737
126 0.7857142857142858 0.5 0.13043478260869565 0.47368421052631576
115 0.8788819875776398 0.36184210526315785 0.039337474120082816 0.7236842105263157
209 0.9513457556935818 0.6184210526315789 0.08902691511387165 0.7105263157894737
