126 0.01465798045602606 0.8725490196078431 0.02931596091205212 0.12745098039215685
182 0.06311074918566775 0.4215686274509804 0.052931596091205214 0.4117647058823529
84 0.057410423452768734 0.8455882352941176 0.02687296416938111 0.08333333333333333
109 0.06677524429967427 0.06862745098039216 0.03745928338762215 0.13725490196078433
211 0.09527687296416938 0.8455882352941176 0.02280130293159609 0.18137254901960784
75 0.15187296416938112 0.4411764705882353 0.03501628664495114 0.30392156862745096
126 0.18688925081433225 0.6127450980392157 0.030130293159609123 0.12745098039215685
210 0.2214983713355049 0.4926470588235294 0.027687296416938113 0.19117647058823528
126 0.2544788273615635 0.3431372549019608 0.030130293159609123 0.12745098039215685
84 0.3167752442996743 0.4803921568627451 0.043973941368078175 0.10784313725490197
94 0.3998371335504886 0.4926470588235294 0.06840390879478828 0.03431372549019608
154 0.38477198697068404 0.7696078431372549 0.033387622149837134 0.19607843137254902
175 0.3994299674267101 0.1838235294117647 0.030130293159609123 0.29901960784313725
195 0.4189739413680782 0.6593137254901961 0.023615635179153095 0.19117647058823528
159 0.482084690553746 0.49019607843137253 0.06188925081433225 0.47058823529411764
149 0.48819218241042345 0.9019607843137255 0.023615635179153095 0.1764705882352941
20 0.5651465798045603 0.5098039215686274 0.027687296416938113 0.9313725490196079
145 0.6058631921824105 0.4534313725490196 0.02280130293159609 0.2892156862745098
155 0.6783387622149838 0.4852941176470588 0.04071661237785017 0.23529411764705882
149 0.7463355048859935 0.8014705882352942 0.03501628664495114 0.27941176470588236
195 0.7801302931596091 0.6666666666666666 0.02280130293159609 0.18627450980392157
94 0.875 0.4950980392156863 0.16205211726384366 0.0392156862745098
128 0.8383550488599348 0.7549019607843137 0.04315960912052118 0.0392156862745098
210 0.8391693811074918 0.23774509803921567 0.028501628664495116 0.19117647058823528
210 0.8961726384364821 0.767156862745098 0.028501628664495116 0.20098039215686275
195 0.9287459283387622 0.6666666666666666 0.021986970684039087 0.19607843137254902
39 0.9841205211726385 0.4950980392156863 0.028501628664495116 0.9313725490196079
