53 0.029268292682926828 0.48026315789473684 0.058536585365853655 0.513157894736842
108 0.11300813008130081 0.48026315789473684 0.06341463414634146 0.5394736842105263
35 0.2146341463414634 0.3684210526315789 0.08780487804878048 0.7368421052631579
72 0.27967479674796747 0.7763157894736842 0.01951219512195122 0.2894736842105263
149 0.3886178861788618 0.5921052631578947 0.058536585365853655 0.7105263157894737
108 0.4715447154471545 0.48026315789473684 0.061788617886178863 0.5394736842105263
30 0.5642276422764227 0.375 0.08130081300813008 0.75
72 0.6178861788617886 0.7763157894736842 0.01951219512195122 0.2894736842105263
161 0.7276422764227642 0.6052631578947368 0.056910569105691054 0.7368421052631579
108 0.8121951219512195 0.4934210526315789 0.06341463414634146 0.5394736842105263
30 0.9113821138211382 0.381578947368421 0.08292682926829269 0.7368421052631579
54 0.9772357723577236 0.1907894736842105 0.03902439024390244 0.3289473684210526
