201 0.017621145374449337 0.5841584158415841 0.035242290748898675 0.5544554455445545
158 0.04662261380323054 0.15841584158415842 0.011013215859030836 0.31683168316831684
20 0.06534508076358296 0.4801980198019802 0.016152716593245228 0.7425742574257426
53 0.08994126284875183 0.504950495049505 0.028634361233480173 0.39603960396039606
145 0.11637298091042583 0.6188118811881188 0.009544787077826725 0.40594059405940597
72 0.1383994126284875 0.7128712871287128 0.011013215859030836 0.21782178217821782
119 0.1897944199706314 0.6435643564356436 0.05947136563876652 0.09900990099009901
72 0.24155653450807635 0.7128712871287128 0.010279001468428781 0.21782178217821782
53 0.2738619676945668 0.5099009900990099 0.02790014684287812 0.38613861386138615
130 0.3002936857562408 0.6782178217821783 0.01908957415565345 0.26732673267326734
128 0.3278267254038179 0.6633663366336634 0.028634361233480173 0.0594059405940594
145 0.355359765051395 0.6237623762376238 0.008810572687224669 0.39603960396039606
39 0.3795888399412628 0.5099009900990099 0.017621145374449337 0.7425742574257426
84 0.42914831130690156 0.4801980198019802 0.04185022026431718 0.22772277227722773
69 0.4900881057268722 0.599009900990099 0.031571218795888395 0.5445544554455446
53 0.5205580029368575 0.21782178217821782 0.020558002936857563 0.27722772277227725
145 0.5205580029368575 0.7623762376237624 0.010279001468428781 0.39603960396039606
145 0.539647577092511 0.30198019801980197 0.005873715124816446 0.2871287128712871
67 0.5980176211453744 0.4900990099009901 0.06240822320117474 0.0891089108910891
69 0.6640969162995595 0.6138613861386139 0.031571218795888395 0.5544554455445545
53 0.6930983847283406 0.22277227722772278 0.01908957415565345 0.26732673267326734
130 0.6934654919236417 0.8465346534653465 0.018355359765051395 0.26732673267326734
130 0.71071953010279 0.35148514851485146 0.014684287812041116 0.18811881188118812
128 0.7206314243759178 0.8267326732673267 0.028634361233480173 0.06930693069306931
128 0.7309104258443465 0.32673267326732675 0.019823788546255505 0.0594059405940594
145 0.7474302496328927 0.7772277227722773 0.008810572687224669 0.40594059405940597
145 0.7507342143906021 0.30198019801980197 0.0066079295154185015 0.2871287128712871
20 0.790748898678414 0.5297029702970297 0.017621145374449337 0.7425742574257426
126 0.8230543318649045 0.5346534653465347 0.04405286343612334 0.39603960396039606
141 0.8623348017621145 0.5346534653465347 0.027165932452276064 0.4158415841584158
75 0.8942731277533039 0.45544554455445546 0.03083700440528634 0.594059405940594
69 0.9375917767988252 0.6435643564356436 0.03083700440528634 0.5544554455445545
130 0.9676945668135095 0.7376237623762376 0.017621145374449337 0.26732673267326734
39 0.9900881057268722 0.5495049504950495 0.016886930983847283 0.7425742574257426
