14 0.062141491395793495 0.45 0.12428298279158699 0.6555555555555556
145 0.1644359464627151 0.2 0.03441682600382409 0.4
20 0.23040152963671126 0.5333333333333333 0.03632887189292543 0.8666666666666667
47 0.3221797323135755 0.4444444444444445 0.10133843212237094 0.6444444444444445
39 0.4034416826003824 0.5277777777777778 0.03824091778202677 0.8555555555555556
72 0.44263862332695986 0.7944444444444445 0.024856596558317397 0.2555555555555556
14 0.6032504780114722 0.4444444444444445 0.13193116634799235 0.6444444444444445
145 0.7065009560229445 0.20555555555555557 0.03632887189292543 0.3888888888888889
20 0.77151051625239 0.5277777777777778 0.03632887189292543 0.8555555555555556
41 0.8374760994263862 0.45 0.08030592734225621 0.6555555555555556
149 0.9168260038240917 0.6611111111111111 0.0745697896749522 0.6333333333333333
39 0.9780114722753346 0.5277777777777778 0.03632887189292543 0.8555555555555556
