20 0.022532188841201718 0.5117647058823529 0.045064377682403435 0.9294117647058824
196 0.11695278969957082 0.48823529411764705 0.09227467811158799 0.4588235294117647
158 0.1834763948497854 0.16470588235294117 0.045064377682403435 0.32941176470588235
84 0.34120171673819744 0.5 0.16738197424892703 0.2
75 0.526824034334764 0.37058823529411766 0.08369098712446352 0.6941176470588235
196 0.621244635193133 0.48823529411764705 0.09227467811158799 0.4588235294117647
176 0.7103004291845494 0.5117647058823529 0.08583690987124463 0.8588235294117647
75 0.8090128755364807 0.38235294117647056 0.08583690987124463 0.6941176470588235
207 0.8948497854077253 0.49411764705882355 0.0815450643776824 0.44705882352941173
39 0.9699570815450643 0.4764705882352941 0.05150214592274678 0.9529411764705882
