30 0.021878335112059766 0.592391304347826 0.04375667022411953 0.5978260869565217
190 0.0304162219850587 0.10326086956521739 0.0288153681963714 0.09782608695652173
211 0.06350053361792957 0.625 0.030949839914621132 0.46739130434782605
108 0.1488794023479189 0.4782608695652174 0.048025613660619 0.5652173913043478
28 0.2417289220917823 0.375 0.0544290288153682 0.6847826086956521
211 0.29242262540021347 0.6358695652173912 0.032017075773746 0.46739130434782605
20 0.3345784418356457 0.46739130434782605 0.020277481323372468 0.9347826086956521
149 0.37193169690501604 0.5978260869565217 0.04375667022411953 0.6086956521739131
211 0.41355389541088583 0.6358695652173912 0.030949839914621132 0.46739130434782605
39 0.4530416221985059 0.47282608695652173 0.020277481323372468 0.9239130434782609
72 0.4850586979722519 0.7554347826086957 0.011739594450373533 0.2717391304347826
161 0.5672358591248666 0.6032608695652174 0.0352187833511206 0.5978260869565217
190 0.5741728922091782 0.11956521739130435 0.027748132337246535 0.10869565217391304
211 0.6035218783351121 0.6413043478260869 0.030949839914621132 0.45652173913043476
108 0.6889007470651014 0.4945652173913043 0.048025613660619 0.5760869565217391
28 0.7833511205976521 0.4076086956521739 0.05336179295624333 0.6847826086956521
211 0.8345784418356458 0.6630434782608695 0.029882604055496267 0.45652173913043476
20 0.875667022411953 0.5 0.020277481323372468 0.9347826086956521
161 0.9130202774813234 0.625 0.0352187833511206 0.5978260869565217
211 0.9498399146211314 0.657608695652174 0.029882604055496267 0.46739130434782605
39 0.9882604055496266 0.5054347826086957 0.0192102454642476 0.9456521739130435
