101 0.015758091993185692 0.39375000000000004 0.031516183986371384 0.7375
20 0.04812606473594549 0.5 0.019591141396933562 0.9500000000000001
207 0.07282793867120954 0.51875 0.03492333901192504 0.48750000000000004
145 0.10221465076660988 0.65625 0.01192504258943782 0.5125000000000001
72 0.12819420783645655 0.775 0.012776831345826235 0.275
119 0.18568994889267462 0.7000000000000001 0.06814310051107325 0.125
72 0.24574105621805792 0.78125 0.012776831345826235 0.28750000000000003
207 0.27981260647359457 0.51875 0.03492333901192504 0.48750000000000004
130 0.3091993185689949 0.7312500000000001 0.022146507666098807 0.3375
128 0.34071550255536626 0.7125 0.03236797274275979 0.07500000000000001
145 0.37265758091993184 0.65625 0.011073253833049404 0.5125000000000001
39 0.39991482112436116 0.50625 0.02129471890971039 0.9375
84 0.45826235093696766 0.46875 0.04770017035775128 0.28750000000000003
14 0.5336456558773425 0.4 0.058773424190800685 0.7250000000000001
20 0.5706984667802385 0.49375 0.020442930153321978 0.9375
207 0.5949744463373083 0.51875 0.03492333901192504 0.48750000000000004
145 0.6243611584327087 0.65 0.01192504258943782 0.5
72 0.6503407155025553 0.76875 0.012776831345826235 0.28750000000000003
119 0.7082623509369677 0.7000000000000001 0.06899488926746167 0.125
72 0.7678875638841567 0.775 0.012776831345826235 0.275
207 0.8028109028960818 0.50625 0.03492333901192504 0.48750000000000004
130 0.8326235093696763 0.7250000000000001 0.022998296422487224 0.35000000000000003
128 0.8637137989778535 0.7000000000000001 0.03236797274275979 0.07500000000000001
145 0.8952299829642248 0.6312500000000001 0.01192504258943782 0.5125000000000001
72 0.919931856899489 0.7562500000000001 0.01192504258943782 0.28750000000000003
145 0.9582623509369677 0.375 0.018739352640545145 0.7250000000000001
39 0.987649063032368 0.47500000000000003 0.02129471890971039 0.9500000000000001
