48 0.017208413001912046 0.4548872180451128 0.03441682600382409 0.44360902255639095
84 0.06118546845124283 0.48872180451127817 0.0331421287444232 0.18045112781954886
6 0.10994263862332695 0.4548872180451128 0.028680688336520075 0.44360902255639095
195 0.13702995538559593 0.26691729323308266 0.0165710643722116 0.3082706766917293
58 0.16220522625876355 0.424812030075188 0.018483110261312937 0.48872180451127817
20 0.1810070108349267 0.5150375939849624 0.0165710643722116 0.5639097744360901
13 0.20490758444869342 0.4548872180451128 0.029955385595920966 0.44360902255639095
212 0.23263224984066283 0.7293233082706767 0.019120458891013385 0.40601503759398494
145 0.25653282345442957 0.8345864661654134 0.012109623964308477 0.3007518796992481
74 0.30369662205226255 0.4398496240601504 0.033779477374123644 0.38345864661654133
13 0.35181644359464626 0.44360902255639095 0.029318036966220522 0.45112781954887216
212 0.3776290630975143 0.7142857142857142 0.018483110261312937 0.40601503759398494
195 0.4002549394518802 0.8082706766917293 0.017845761631612493 0.3082706766917293
39 0.4251115360101976 0.5075187969924811 0.0165710643722116 0.5639097744360901
84 0.46367112810707456 0.45112781954887216 0.03250478011472275 0.18045112781954886
6 0.5111536010197578 0.42105263157894735 0.02804333970681963 0.43609022556390975
30 0.5398342893562779 0.4172932330827067 0.026768642447418736 0.42857142857142855
195 0.5646908859145953 0.23684210526315788 0.0165710643722116 0.3082706766917293
20 0.5898661567877629 0.4699248120300752 0.015933715742511154 0.5789473684210527
6 0.6140854047163798 0.41353383458646614 0.028680688336520075 0.43609022556390975
30 0.6424474187380497 0.40977443609022557 0.025493945188017845 0.42857142857142855
145 0.6669853409815168 0.24060150375939848 0.010834926704907584 0.3007518796992481
74 0.7141491395793499 0.42105263157894735 0.033779477374123644 0.37593984962406013
148 0.7638623326959847 0.03383458646616541 0.038878266411727216 0.06766917293233082
13 0.7616316124920331 0.424812030075188 0.02804333970681963 0.44360902255639095
212 0.7919056724028043 0.7105263157894737 0.018483110261312937 0.39849624060150374
145 0.8167622689611217 0.8045112781954886 0.010834926704907584 0.3007518796992481
74 0.8639260675589547 0.4172932330827067 0.033779477374123644 0.38345864661654133
148 0.9145952836201402 0.041353383458646614 0.03824091778202677 0.06766917293233082
13 0.9123645634161887 0.424812030075188 0.028680688336520075 0.44360902255639095
212 0.9432759719566602 0.7105263157894737 0.019120458891013385 0.39849624060150374
195 0.9649458253664754 0.8045112781954886 0.017845761631612493 0.3007518796992481
39 0.9907584448693435 0.45864661654135336 0.015933715742511154 0.5864661654135338
