160 0.04200542005420054 0.4903846153846154 0.08401084010840108 0.9038461538461539
20 0.11517615176151762 0.4519230769230769 0.03523035230352303 0.9038461538461539
209 0.1842818428184282 0.5961538461538461 0.06504065040650406 0.6923076923076923
39 0.25745257452574527 0.4711538461538462 0.04336043360433604 0.9038461538461539
84 0.3699186991869919 0.4326923076923077 0.08943089430894309 0.2884615384615385
209 0.502710027100271 0.5961538461538461 0.06775067750677506 0.6923076923076923
155 0.6287262872628726 0.4519230769230769 0.08672086720867209 0.5961538461538461
101 0.7547425474254743 0.4134615384615385 0.06775067750677506 0.75
20 0.8319783197831978 0.4711538461538462 0.037940379403794036 0.9038461538461539
207 0.8997289972899729 0.5288461538461539 0.07588075880758807 0.5192307692307693
39 0.9728997289972899 0.5096153846153847 0.04336043360433604 0.9038461538461539
