13 0.0371900826446281 0.46 0.0743801652892562 0.58
20 0.10082644628099173 0.535 0.0396694214876033 0.73
168 0.1487603305785124 0.535 0.04628099173553719 0.41000000000000003
39 0.19504132231404958 0.545 0.0396694214876033 0.73
84 0.31322314049586775 0.47500000000000003 0.08429752066115702 0.23
140 0.4396694214876033 0.525 0.05289256198347107 0.39
128 0.5 0.21 0.06776859504132231 0.08
145 0.5677685950413223 0.2 0.028099173553719006 0.4
20 0.6322314049586777 0.52 0.04132231404958678 0.76
13 0.6975206611570248 0.44 0.07603305785123966 0.58
195 0.7677685950413223 0.775 0.04462809917355372 0.41000000000000003
20 0.8355371900826446 0.48 0.04132231404958678 0.76
168 0.88099173553719 0.515 0.04628099173553719 0.41000000000000003
39 0.9289256198347107 0.485 0.0396694214876033 0.77
39 0.9760330578512396 0.48 0.04132231404958678 0.76
