113 0.03271812080536913 0.37341772151898733 0.06543624161073826 0.7468354430379747
4 0.09228187919463086 0.4810126582278481 0.03355704697986577 0.9620253164556962
12 0.16778523489932887 0.3924050632911392 0.09395973154362416 0.7594936708860759
5 0.2348993288590604 0.4810126582278481 0.03355704697986577 0.9620253164556962
4 0.287751677852349 0.4873417721518987 0.03523489932885906 0.9493670886075949
207 0.3347315436241611 0.5126582278481012 0.06879194630872483 0.49367088607594933
145 0.39513422818791943 0.6455696202531646 0.02181208053691275 0.5063291139240507
72 0.44546979865771813 0.7721518987341772 0.025167785234899327 0.27848101265822783
119 0.5604026845637584 0.6962025316455696 0.1342281879194631 0.12658227848101267
72 0.6778523489932886 0.7784810126582279 0.02348993288590604 0.2911392405063291
207 0.7466442953020134 0.5126582278481012 0.07046979865771812 0.49367088607594933
130 0.8045302013422818 0.7278481012658228 0.04194630872483222 0.34177215189873417
128 0.8657718120805369 0.7151898734177216 0.060402684563758385 0.06329113924050633
145 0.9253355704697986 0.6582278481012658 0.018456375838926176 0.5063291139240507
5 0.9798657718120806 0.5 0.03355704697986577 0.9493670886075949
