35 0.06192660550458716 0.4550561797752809 0.12385321100917432 0.6404494382022472
54 0.1639908256880734 0.8370786516853932 0.06192660550458716 0.2808988764044944
56 0.17660550458715596 0.20224719101123595 0.07339449541284404 0.4044943820224719
20 0.2545871559633028 0.5337078651685393 0.05045871559633028 0.8426966292134831
207 0.34403669724770647 0.5617977528089888 0.0963302752293578 0.449438202247191
72 0.43004587155963303 0.8089887640449438 0.034403669724770644 0.2696629213483146
45 0.5573394495412844 0.47191011235955055 0.12385321100917432 0.651685393258427
39 0.6536697247706422 0.5449438202247191 0.05504587155963303 0.8651685393258427
84 0.801605504587156 0.550561797752809 0.11697247706422019 0.24719101123595505
145 0.9644495412844037 0.4606741573033708 0.06192660550458716 0.6741573033707865
