0 0.012448132780082987 0.49999999999999994 0.024896265560165973 0.5533980582524272
20 0.03872752420470263 0.5970873786407767 0.009220839096357769 0.7669902912621358
128 0.06754264638082065 0.5825242718446602 0.039188566159520516 0.058252427184466014
113 0.10580912863070539 0.4805825242718446 0.01705855232826187 0.5533980582524272
39 0.12471184877823882 0.5825242718446602 0.010603964960811434 0.7572815533980581
84 0.1648224988473951 0.5922330097087378 0.03550023052097741 0.17475728155339804
0 0.20631627478100506 0.49999999999999994 0.024435223605348087 0.5533980582524272
148 0.2351313969571231 0.04368932038834951 0.07653296449976947 0.04854368932038834
20 0.23213462425080683 0.587378640776699 0.009681881051175657 0.7669902912621358
113 0.25218994928538496 0.48543689320388345 0.016597510373443983 0.5631067961165048
39 0.2706316274781005 0.5728155339805825 0.010142923005993546 0.7572815533980581
72 0.2863070539419087 0.7912621359223301 0.008298755186721992 0.2621359223300971
3 0.3812816966343937 0.4805825242718446 0.024896265560165973 0.5728155339805825
20 0.40640848317196865 0.5728155339805825 0.009681881051175657 0.7572815533980581
128 0.4352236053480867 0.5776699029126213 0.03872752420470263 0.04854368932038834
113 0.4746426924850161 0.4660194174757281 0.01705855232826187 0.5631067961165048
39 0.4933148916551406 0.558252427184466 0.010142923005993546 0.7475728155339805
84 0.5341171046565237 0.5679611650485437 0.03550023052097741 0.16504854368932037
3 0.5758414015675426 0.4660194174757281 0.024896265560165973 0.5631067961165048
148 0.6041954817888427 0.02427184466019417 0.08160442600276625 0.04854368932038834
20 0.6002766251728907 0.5776699029126213 0.010142923005993546 0.7669902912621358
113 0.6203319502074689 0.4660194174757281 0.01705855232826187 0.5631067961165048
39 0.6392346703550023 0.5533980582524272 0.009681881051175657 0.7572815533980581
72 0.6546795758414016 0.7815533980582524 0.007376671277086215 0.2621359223300971
20 0.8810511756569848 0.5776699029126213 0.010142923005993546 0.7669902912621358
113 0.9006454587367451 0.47087378640776695 0.01705855232826187 0.5533980582524272
100 0.9386814200092208 0.587378640776699 0.02858460119870908 0.5922330097087378
211 0.975103734439834 0.49999999999999994 0.015675426463808206 0.5339805825242718
39 0.9942369755647764 0.5533980582524272 0.009681881051175657 0.7572815533980581
