166 0.02562111801242236 0.640625 0.05124223602484472 0.59375
126 0.09394409937888198 0.7447916666666666 0.06987577639751552 0.28125
53 0.15372670807453415 0.7552083333333333 0.040372670807453416 0.28125
149 0.2010869565217391 0.7916666666666666 0.04503105590062111 0.375
71 0.2748447204968944 0.5208333333333333 0.015527950310559004 0.3958333333333333
12 0.3718944099378882 0.40625 0.07919254658385093 0.6041666666666666
126 0.44875776397515527 0.7447916666666666 0.07142857142857142 0.3020833333333333
53 0.5085403726708074 0.75 0.04192546583850931 0.29166666666666663
149 0.5543478260869564 0.7864583333333333 0.046583850931677016 0.38541666666666663
167 0.656055900621118 0.5052083333333333 0.10403726708074533 0.32291666666666663
12 0.7950310559006211 0.4114583333333333 0.07763975155279502 0.59375
102 0.8043478260869564 0.057291666666666664 0.037267080745341616 0.11458333333333333
126 0.8687888198757764 0.7395833333333333 0.07298136645962733 0.29166666666666663
53 0.9301242236024844 0.7552083333333333 0.040372670807453416 0.28125
149 0.9751552795031055 0.7864583333333333 0.043478260869565216 0.38541666666666663
