201 0.04838709677419355 0.6091954022988506 0.0967741935483871 0.6206896551724138
108 0.21157495256166983 0.4885057471264368 0.08538899430740038 0.5862068965517241
14 0.3795066413662239 0.39655172413793105 0.1062618595825427 0.7011494252873564
141 0.47817836812144215 0.5287356321839081 0.07210626185958255 0.45977011494252873
115 0.5398481973434536 0.3850574712643678 0.03225806451612903 0.7011494252873564
20 0.594876660341556 0.4885057471264368 0.036053130929791274 0.9770114942528736
6 0.6907020872865275 0.3908045977011494 0.11005692599620494 0.735632183908046
72 0.7760910815939279 0.7758620689655172 0.018975332068311195 0.28735632183908044
47 0.8889943074003795 0.40804597701149425 0.10815939278937381 0.7241379310344828
39 0.9781783681214421 0.48275862068965514 0.036053130929791274 0.9655172413793103
