168 0.011676396997497914 0.46511627906976744 0.02335279399499583 0.46511627906976744
195 0.03711426188490408 0.6395348837209303 0.01751459549624687 0.3488372093023256
20 0.06922435362802334 0.45930232558139533 0.01834862385321101 0.9186046511627907
207 0.10508757297748123 0.46511627906976744 0.03336113427856547 0.4418604651162791
72 0.12844036697247707 0.7267441860465116 0.013344453711426188 0.313953488372093
115 0.16555462885738115 0.36627906976744184 0.0158465387823186 0.6627906976744186
39 0.19224353628023352 0.45930232558139533 0.01751459549624687 0.8953488372093024
173 0.2652210175145955 0.436046511627907 0.07005838198498748 0.29069767441860467
20 0.32068390325271057 0.47674418604651164 0.01751459549624687 0.9302325581395349
195 0.35446205170975814 0.37790697674418605 0.026688907422852376 0.6395348837209303
140 0.3865721434528774 0.5465116279069767 0.024186822351959965 0.37209302325581395
155 0.4495412844036697 0.5058139534883721 0.060050041701417846 0.8255813953488372
145 0.5195996663886572 0.4011627906976744 0.025020850708924104 0.6395348837209303
39 0.5537948290241868 0.47093023255813954 0.01834862385321101 0.9186046511627907
128 0.585487906588824 0.28488372093023256 0.020016680567139282 0.05813953488372093
145 0.609674728940784 0.2441860465116279 0.016680567139282735 0.3488372093023256
176 0.6384487072560466 0.5058139534883721 0.03252710592160133 0.872093023255814
207 0.6726438698915763 0.5 0.03252710592160133 0.4418604651162791
140 0.7014178482068391 0.31976744186046513 0.01834862385321101 0.29069767441860467
72 0.7189324437030858 0.7616279069767442 0.013344453711426188 0.313953488372093
140 0.7597998331943285 0.563953488372093 0.025020850708924104 0.38372093023255816
100 0.8236030025020851 0.5290697674418604 0.05087572977481234 0.7093023255813954
128 0.9095079232693911 0.5174418604651163 0.06922435362802334 0.05813953488372093
94 0.9812343619683069 0.5116279069767442 0.03419516263552961 0.06976744186046512
195 0.981651376146789 0.7732558139534884 0.02335279399499583 0.4069767441860465
145 0.982068390325271 0.26744186046511625 0.020850708924103418 0.41860465116279066
