153 0.0335195530726257 0.5841584158415841 0.0670391061452514 0.7128712871287128
137 0.15782122905027934 0.49504950495049505 0.07541899441340782 0.6336633663366337
41 0.2946927374301676 0.45544554455445546 0.11731843575418995 0.6336633663366337
11 0.3638268156424581 0.7772277227722773 0.08519553072625699 0.40594059405940597
20 0.43645251396648044 0.5445544554455446 0.03212290502793296 0.8316831683168316
30 0.5174581005586593 0.4504950495049505 0.07960893854748603 0.6237623762376238
10 0.5858938547486033 0.7772277227722773 0.051675977653631286 0.40594059405940597
72 0.6347765363128491 0.7821782178217822 0.018156424581005588 0.2376237623762376
30 0.7255586592178771 0.4504950495049505 0.07681564245810056 0.6237623762376238
10 0.7905027932960894 0.7821782178217822 0.0558659217877095 0.39603960396039606
130 0.8051675977653632 0.2722772277227723 0.03770949720670391 0.26732673267326734
128 0.8680167597765364 0.22772277227722773 0.051675977653631286 0.039603960396039604
145 0.9322625698324023 0.20297029702970298 0.029329608938547486 0.40594059405940597
39 0.9811452513966481 0.5346534653465347 0.03212290502793296 0.8316831683168316
