201 0.026673640167364013 0.6380952380952382 0.05334728033472803 0.5333333333333334
190 0.032949790794979075 0.2142857142857143 0.024058577405857737 0.08571428571428572
108 0.1098326359832636 0.5380952380952382 0.046025104602510455 0.48571428571428577
14 0.19508368200836818 0.4571428571428572 0.05753138075313807 0.5714285714285715
141 0.24947698744769872 0.5619047619047619 0.036610878661087864 0.380952380952381
115 0.2824267782426778 0.45238095238095244 0.016736401673640166 0.580952380952381
20 0.3122384937238493 0.5333333333333334 0.017782426778242676 0.8
8 0.36506276150627615 0.44761904761904764 0.0606694560669456 0.5904761904761905
166 0.4199790794979079 0.7952380952380953 0.0303347280334728 0.37142857142857144
72 0.45502092050209203 0.761904761904762 0.010460251046025104 0.20952380952380956
7 0.5177824267782426 0.4428571428571429 0.06485355648535564 0.580952380952381
20 0.5700836820083681 0.30000000000000004 0.014644351464435145 0.5428571428571429
113 0.6040794979079498 0.25238095238095243 0.0303347280334728 0.40952380952380957
128 0.651673640167364 0.2904761904761905 0.0397489539748954 0.04761904761904762
145 0.6992677824267782 0.24761904761904763 0.021966527196652718 0.4
39 0.7301255230125523 0.2904761904761905 0.014644351464435145 0.5428571428571429
58 0.7709205020920501 0.5142857142857143 0.03347280334728033 0.8
7 0.830020920502092 0.43333333333333335 0.06589958158995815 0.580952380952381
20 0.8823221757322175 0.2761904761904762 0.015690376569037656 0.5523809523809524
113 0.9168410041841003 0.2285714285714286 0.0303347280334728 0.4
39 0.9503138075313806 0.28095238095238095 0.013598326359832635 0.5428571428571429
39 0.9869246861924685 0.5 0.021966527196652718 0.8095238095238096
