6 0.044715447154471545 0.4135802469135802 0.08943089430894309 0.7777777777777777
56 0.12032520325203253 0.20987654320987653 0.03902439024390244 0.32098765432098764
56 0.17560975609756097 0.2037037037037037 0.03577235772357724 0.30864197530864196
104 0.23252032520325203 0.5185185185185185 0.03577235772357724 0.09876543209876543
149 0.2926829268292683 0.5987654320987654 0.06829268292682927 0.7037037037037037
141 0.36910569105691055 0.5246913580246914 0.06504065040650406 0.5308641975308641
115 0.4268292682926829 0.4012345679012346 0.030894308943089432 0.7530864197530864
209 0.4813008130081301 0.6234567901234568 0.06504065040650406 0.7037037037037037
130 0.556910569105691 0.5123456790123456 0.06991869918699187 0.5061728395061729
141 0.6341463414634146 0.5185185185185185 0.06504065040650406 0.5432098765432098
126 0.7333333333333333 0.5185185185185185 0.11056910569105691 0.5185185185185185
105 0.8154471544715447 0.38271604938271603 0.03414634146341464 0.7654320987654321
53 0.8723577235772357 0.5185185185185185 0.06016260162601626 0.5432098765432098
115 0.9243902439024391 0.38888888888888884 0.030894308943089432 0.7530864197530864
168 0.9739837398373984 0.5246913580246914 0.04552845528455285 0.5308641975308641
