15 0.020864381520119227 0.4438775510204081 0.041728763040238454 0.6428571428571428
130 0.08122205663189269 0.5408163265306122 0.06408345752608048 0.44897959183673464
75 0.15648286140089418 0.4336734693877551 0.06557377049180328 0.6632653061224489
12 0.23546944858420268 0.21428571428571427 0.05663189269746647 0.42857142857142855
30 0.23845007451564829 0.7806122448979591 0.05365126676602086 0.39795918367346933
116 0.3323397913561848 0.423469387755102 0.06855439642324888 0.6836734693877551
21 0.48062593144560356 0.4846938775510204 0.10879284649776454 0.336734693877551
116 0.6251862891207154 0.41326530612244894 0.06706408345752608 0.6836734693877551
20 0.6959761549925484 0.5255102040816326 0.03576751117734724 0.8673469387755102
53 0.7690014903129657 0.5408163265306122 0.05961251862891207 0.42857142857142855
39 0.8375558867362146 0.5357142857142857 0.03576751117734724 0.846938775510204
84 0.9552906110283159 0.4744897959183673 0.08345752608047691 0.19387755102040816
