196 0.04591836734693877 0.520408163265306 0.09183673469387754 0.5510204081632653
145 0.13095238095238096 0.6938775510204082 0.023809523809523808 0.4897959183673469
72 0.18707482993197277 0.7857142857142857 0.03401360544217687 0.3061224489795918
196 0.31632653061224486 0.520408163265306 0.08843537414965986 0.5510204081632653
195 0.39965986394557823 0.6836734693877551 0.05102040816326531 0.5102040816326531
108 0.5374149659863945 0.4387755102040816 0.12244897959183673 0.7142857142857142
113 0.7006802721088435 0.39795918367346933 0.08163265306122448 0.7959183673469387
4 0.7993197278911565 0.47959183673469385 0.047619047619047616 0.9591836734693877
207 0.8758503401360543 0.5102040816326531 0.09183673469387754 0.5714285714285714
5 0.9710884353741496 0.47959183673469385 0.04421768707482993 0.9591836734693877
