3 0.04333868378812199 0.38271604938271603 0.08667736757624397 0.7160493827160493
211 0.11717495987158909 0.728395061728395 0.0449438202247191 0.4691358024691358
20 0.16853932584269662 0.48148148148148145 0.04173354735152488 0.9629629629629629
207 0.22792937399678972 0.5 0.06741573033707865 0.5061728395061729
72 0.28491171749598715 0.7716049382716049 0.024077046548956663 0.30864197530864196
41 0.36597110754414125 0.38888888888888884 0.0738362760834671 0.7530864197530864
39 0.42375601926163725 0.48148148148148145 0.04173354735152488 0.9629629629629629
84 0.5321027287319422 0.47530864197530864 0.08828250401284109 0.25925925925925924
3 0.6637239165329053 0.3950617283950617 0.08507223113964688 0.7407407407407407
20 0.7295345104333868 0.48765432098765427 0.04012841091492777 0.9753086419753085
207 0.7865168539325843 0.5061728395061729 0.06420545746388442 0.49382716049382713
72 0.8418940609951846 0.7839506172839505 0.024077046548956663 0.30864197530864196
41 0.9181380417335473 0.4012345679012346 0.0738362760834671 0.7530864197530864
39 0.9759229534510433 0.49382716049382713 0.04173354735152488 0.9629629629629629
