20 0.007098239636570131 0.4845814977973569 0.014196479273140262 0.4581497797356829
49 0.0488358886996025 0.473568281938326 0.04770017035775128 0.28634361233480177
190 0.04826802952867689 0.27312775330396477 0.014764338444065873 0.04405286343612335
20 0.08148779102782511 0.4911894273127754 0.01306076093128904 0.4273127753303965
126 0.11499148211243612 0.5154185022026432 0.03691084611016468 0.18502202643171808
145 0.14508801817149347 0.6233480176211454 0.01192504258943782 0.17180616740088106
72 0.1641113003975014 0.6233480176211454 0.007950028392958546 0.11013215859030838
145 0.19307211811470756 0.4669603524229075 0.019307211811470756 0.28193832599118945
39 0.21607041453719478 0.48678414096916306 0.01306076093128904 0.4273127753303965
153 0.24645088018171493 0.5242290748898679 0.027257240204429302 0.3259911894273128
39 0.27541169789892106 0.4845814977973569 0.013628620102214651 0.4581497797356829
20 0.2972742759795571 0.4889867841409692 0.01306076093128904 0.43171806167400884
207 0.3256672345258376 0.5154185022026432 0.02668938103350369 0.18502202643171808
39 0.35519591141396933 0.48678414096916306 0.01306076093128904 0.4273127753303965
84 0.40062464508801815 0.48017621145374456 0.031232254400908575 0.0881057268722467
94 0.5266893810335037 0.4823788546255507 0.161839863713799 0.030837004405286347
114 0.46308915388983535 0.7951541850220265 0.021010789324247586 0.18061674008810574
114 0.48637137989778534 0.24669603524229078 0.021010789324247586 0.1762114537444934
20 0.4892106757524134 0.7665198237885463 0.01306076093128904 0.43171806167400884
86 0.5170357751277683 0.8348017621145375 0.02328222600795003 0.2599118942731278
20 0.5127768313458262 0.21585903083700442 0.013628620102214651 0.43171806167400884
130 0.5403180011357184 0.2444933920704846 0.02328222600795003 0.18942731277533043
25 0.5474162407722885 0.9008810572687226 0.02612152186257808 0.18061674008810574
53 0.5689948892674617 0.9273127753303966 0.01590005678591709 0.11894273127753305
39 0.5681431005110733 0.21365638766519826 0.01306076093128904 0.4273127753303965
39 0.5925610448608745 0.7687224669603525 0.014196479273140262 0.4273127753303965
204 0.6186825667234526 0.5154185022026432 0.003975014196479273 0.37004405286343617
25 0.6484951731970472 0.4647577092511014 0.040885860306643956 0.27753303964757714
53 0.6808631459398069 0.5132158590308371 0.02385008517887564 0.18942731277533043
204 0.7030096536059057 0.5176211453744494 0.0034071550255536627 0.3656387665198238
145 0.7177739920499716 0.3590308370044053 0.01249290176036343 0.17180616740088106
176 0.7385008517887564 0.38546255506607935 0.021010789324247586 0.24229074889867844
195 0.7578080636002271 0.35682819383259917 0.014196479273140262 0.1762114537444934
153 0.7796706416808632 0.5176211453744494 0.027257240204429302 0.3215859030837005
20 0.8100511073253833 0.48678414096916306 0.01306076093128904 0.4273127753303965
207 0.838160136286201 0.5154185022026432 0.02612152186257808 0.18502202643171808
53 0.8665530948324816 0.5132158590308371 0.02385008517887564 0.18942731277533043
195 0.8952299829642248 0.354625550660793 0.015332197614991482 0.18061674008810574
53 0.9165247018739353 0.5132158590308371 0.02385008517887564 0.18942731277533043
128 0.9452015900056786 0.38325991189427316 0.016467915956842702 0.01762114537444934
172 0.9690516751845543 0.3876651982378855 0.015332197614991482 0.11453744493392072
39 0.9920499716070414 0.4823788546255507 0.013628620102214651 0.4273127753303965
