208 0.012942191544434859 0.5056179775280899 0.025884383088869718 0.3707865168539326
113 0.04141501294219155 0.598314606741573 0.022433132010353754 0.19662921348314605
20 0.07506471095772217 0.5308988764044944 0.01898188093183779 0.4438202247191011
8 0.11561691113028473 0.4887640449438202 0.03968938740293357 0.2808988764044944
39 0.1557377049180328 0.5168539325842696 0.0181190681622088 0.4382022471910112
84 0.23123382226056946 0.5224719101123595 0.06729939603106126 0.0898876404494382
110 0.33433994823123386 0.4550561797752809 0.07851596203623815 0.9101123595505618
8 0.3740293356341674 0.8764044943820224 0.028472821397756688 0.2247191011235955
20 0.43054357204486626 0.5252808988764045 0.01725625539257981 0.4438202247191011
116 0.4659188955996549 0.49157303370786515 0.0362381363244176 0.28651685393258425
128 0.5353753235547887 0.5196629213483146 0.07161345987920621 0.028089887640449437
115 0.597497842968076 0.4634831460674157 0.014667817083692839 0.29775280898876405
148 0.599223468507334 0.2752808988764045 0.01639344262295082 0.02247191011235955
39 0.6264020707506471 0.5 0.01725625539257981 0.4157303370786517
75 0.6673856773080242 0.4691011235955056 0.03192407247627265 0.3202247191011236
10 0.7118205349439172 0.4606741573033708 0.050043140638481455 0.3258426966292135
20 0.7584124245038827 0.5196629213483146 0.01725625539257981 0.4438202247191011
116 0.7937877480586712 0.49157303370786515 0.03278688524590164 0.29775280898876405
39 0.8287316652286454 0.5056179775280899 0.0181190681622088 0.4382022471910112
96 0.8662640207075065 0.5870786516853932 0.03106125970664366 0.28651685393258425
113 0.8986194995685937 0.5814606741573034 0.023295944779982744 0.19662921348314605
20 0.9331320103537533 0.5140449438202247 0.0181190681622088 0.4438202247191011
115 0.96160483175151 0.4606741573033708 0.014667817083692839 0.3258426966292135
39 0.9892148403796377 0.5056179775280899 0.0181190681622088 0.4382022471910112
