31 0.03714710252600297 0.4240506329113924 0.07429420505200594 0.7721518987341772
145 0.10921248142644874 0.7215189873417721 0.031203566121842496 0.5063291139240507
71 0.17087667161961367 0.5632911392405063 0.014858841010401188 0.46835443037974683
8 0.28083209509658247 0.4050632911392405 0.08915304606240712 0.810126582278481
163 0.3558692421991084 0.7848101265822784 0.040118870728083206 0.35443037974683544
191 0.46359583952451705 0.5063291139240507 0.06240713224368499 0.5569620253164557
8 0.5921248142644874 0.3987341772151899 0.08766716196136701 0.7974683544303798
76 0.6686478454680534 0.6772151898734177 0.03863298662704309 0.569620253164557
167 0.8060921248142644 0.5063291139240507 0.10846953937592867 0.37974683544303794
48 0.9539375928677563 0.4050632911392405 0.0861812778603269 0.7848101265822784
