14 0.04639175257731959 0.42948717948717946 0.09278350515463918 0.7564102564102564
141 0.12886597938144329 0.5384615384615384 0.061855670103092786 0.5128205128205128
115 0.1838487972508591 0.41025641025641024 0.030927835051546393 0.7435897435897436
20 0.23024054982817868 0.48717948717948717 0.044673539518900345 0.9743589743589743
48 0.320446735395189 0.41025641025641024 0.09450171821305842 0.7435897435897436
72 0.3642611683848797 0.7692307692307692 0.024054982817869414 0.2564102564102564
30 0.4725085910652921 0.41025641025641024 0.0859106529209622 0.7692307692307692
39 0.5369415807560137 0.4807692307692307 0.0429553264604811 0.9615384615384615
75 0.647766323024055 0.3974358974358974 0.061855670103092786 0.7435897435897436
80 0.7139175257731959 0.49358974358974356 0.04982817869415807 0.5
130 0.7826460481099656 0.5 0.06357388316151202 0.48717948717948717
141 0.8539518900343642 0.49358974358974356 0.061855670103092786 0.5
186 0.9166666666666666 0.4230769230769231 0.03608247422680412 0.5897435897435898
80 0.9716494845360825 0.46794871794871795 0.04982817869415807 0.5
