20 0.01990811638591118 0.5277777777777778 0.03981623277182236 0.8555555555555556
145 0.07044410413476264 0.4444444444444445 0.033690658499234305 0.6444444444444445
155 0.16309341500765698 0.5222222222222223 0.0781010719754977 0.5777777777777778
209 0.25267993874425726 0.638888888888889 0.06431852986217458 0.6111111111111112
145 0.3177641653905054 0.7611111111111112 0.03215926493108729 0.41111111111111115
195 0.37136294027565087 0.2 0.04134762633996937 0.4
39 0.4180704441041348 0.5333333333333333 0.036753445635528334 0.8444444444444444
119 0.503062787136294 0.7166666666666667 0.09341500765696785 0.12222222222222223
20 0.5934150076569679 0.5388888888888889 0.03522205206738132 0.8555555555555556
145 0.6462480857580398 0.45 0.033690658499234305 0.6555555555555556
155 0.7381316998468607 0.5388888888888889 0.08269525267993874 0.5888888888888889
209 0.8300153139356815 0.6333333333333333 0.06738131699846861 0.6
130 0.8843797856049005 0.8333333333333334 0.03828483920367535 0.2888888888888889
195 0.933384379785605 0.2 0.04134762633996937 0.4
39 0.9785604900459418 0.5222222222222223 0.036753445635528334 0.8666666666666667
