49 0.05714285714285714 0.4015748031496063 0.11428571428571428 0.5039370078740157
190 0.05442176870748299 0.04330708661417323 0.03537414965986394 0.08661417322834646
145 0.11972789115646258 0.6771653543307087 0.027210884353741496 0.31496062992125984
20 0.16326530612244897 0.4763779527559055 0.029931972789115645 0.6692913385826772
186 0.2170068027210884 0.44881889763779526 0.03401360544217687 0.4094488188976378
39 0.26938775510204077 0.47244094488188976 0.03265306122448979 0.6614173228346456
95 0.33741496598639453 0.562992125984252 0.06258503401360543 0.49606299212598426
112 0.391156462585034 0.7322834645669292 0.03945578231292517 0.4094488188976378
84 0.5258503401360544 0.41732283464566927 0.07482993197278912 0.15748031496062992
96 0.6598639455782312 0.547244094488189 0.05714285714285714 0.4645669291338583
105 0.7027210884353741 0.7519685039370079 0.04217687074829932 0.4645669291338583
20 0.7517006802721088 0.4645669291338583 0.03129251700680272 0.6614173228346456
186 0.8061224489795917 0.4330708661417323 0.03129251700680272 0.4094488188976378
39 0.8571428571428571 0.45669291338582674 0.03265306122448979 0.6614173228346456
95 0.9238095238095237 0.547244094488189 0.06258503401360543 0.49606299212598426
112 0.9768707482993196 0.7165354330708661 0.04081632653061224 0.4094488188976378
