205 0.020415738678544914 0.565934065934066 0.04083147735708983 0.4285714285714286
20 0.05270972531551596 0.5604395604395604 0.017817371937639197 0.8351648351648352
20 0.06978470675575352 0.2802197802197802 0.011878247958426132 0.5384615384615385
195 0.08797327394209353 0.22527472527472528 0.01855976243504083 0.4285714285714286
143 0.10764662212323682 0.1208791208791209 0.017817371937639197 0.17582417582417584
39 0.1276911655530809 0.2802197802197802 0.011878247958426132 0.5384615384615385
195 0.15033407572383073 0.46153846153846156 0.02746844840386043 0.6593406593406594
39 0.17594654788418707 0.554945054945055 0.017817371937639197 0.8461538461538463
84 0.2305122494432071 0.5054945054945056 0.0378619153674833 0.2417582417582418
205 0.2969561989606533 0.5604395604395604 0.041573867854491464 0.4395604395604396
20 0.32962138084632514 0.554945054945055 0.017817371937639197 0.8461538461538463
59 0.370452858203415 0.543956043956044 0.03711952487008166 0.8461538461538463
35 0.41054194506310315 0.4670329670329671 0.038604305864884926 0.6483516483516484
39 0.45025983667409053 0.5494505494505495 0.01855976243504083 0.8351648351648352
84 0.5051967334818114 0.5 0.03934669636228656 0.23076923076923078
195 0.5649591685226429 0.45054945054945056 0.026726057906458794 0.6593406593406594
143 0.5927988121752041 0.2967032967032967 0.024498886414253896 0.26373626373626374
84 0.6518188567186339 0.5109890109890111 0.038604305864884926 0.23076923076923078
195 0.7115812917594655 0.46153846153846156 0.02746844840386043 0.6593406593406594
154 0.738678544914625 0.2967032967032967 0.023756495916852263 0.26373626373626374
20 0.7609502598366741 0.2802197802197802 0.011878247958426132 0.5384615384615385
59 0.7899034892353377 0.27472527472527475 0.02524127691165553 0.5494505494505495
35 0.8181143281365998 0.23076923076923078 0.026726057906458794 0.4175824175824176
39 0.8448403860430587 0.2802197802197802 0.011878247958426132 0.5384615384615385
84 0.8971789161098738 0.5 0.03934669636228656 0.23076923076923078
195 0.9569413511507052 0.4560439560439561 0.026726057906458794 0.6703296703296704
143 0.985894580549369 0.29120879120879123 0.02524127691165553 0.27472527472527475
