208 0.008544652701212789 0.42024539877300615 0.017089305402425578 0.4110429447852761
112 0.022601984564498346 0.5429447852760736 0.011025358324145536 0.2638036809815951
20 0.04244762954796031 0.44785276073619634 0.012127894156560088 0.4785276073619632
207 0.0653252480705623 0.44785276073619634 0.021499448732083794 0.23312883435582823
72 0.08158765159867695 0.5858895705521473 0.008820286659316428 0.15337423312883436
8 0.11411245865490628 0.41411042944785276 0.026460859977949284 0.3006134969325153
39 0.1400220507166483 0.450920245398773 0.012127894156560088 0.4723926380368098
84 0.18825799338478502 0.46319018404907975 0.04244762954796031 0.10429447852760737
110 0.25165380374862184 0.49386503067484666 0.04906284454244763 0.9877300613496933
8 0.27480705622932744 0.8558282208588958 0.018191841234840134 0.25153374233128833
23 0.3150496141124587 0.4539877300613497 0.013781697905181918 0.4785276073619632
168 0.3348952590959206 0.46319018404907975 0.015986769570011026 0.2392638036809816
145 0.35088202866593166 0.5613496932515337 0.010474090407938258 0.17791411042944785
20 0.3721058434399118 0.4723926380368098 0.011025358324145536 0.4785276073619632
207 0.39498346196251377 0.46932515337423314 0.021499448732083794 0.22699386503067484
72 0.41152149944873206 0.6042944785276074 0.008269018743109152 0.15337423312883436
116 0.44046306504961413 0.44171779141104295 0.020948180815876516 0.31901840490797545
39 0.46278941565600884 0.4723926380368098 0.011576626240352812 0.4785276073619632
75 0.48952590959206177 0.42024539877300615 0.020948180815876516 0.34969325153374237
166 0.5093715545755237 0.5674846625766872 0.017640573318632856 0.2883435582822086
112 0.5256339581036383 0.5797546012269938 0.010474090407938258 0.2638036809815951
145 0.539691289966924 0.5736196319018405 0.009922822491730982 0.17791411042944785
20 0.5606394707828004 0.49079754601226994 0.011025358324145536 0.4785276073619632
116 0.5829658213891952 0.46319018404907975 0.020396912899669238 0.3128834355828221
39 0.6052921719955898 0.4785276073619632 0.011025358324145536 0.46625766871165647
155 0.6535281146637266 0.49386503067484666 0.038037486218302094 0.43558282208588955
168 0.6959757442116868 0.5 0.014884233737596472 0.2392638036809816
195 0.7127894156560088 0.5828220858895705 0.011025358324145536 0.18404907975460122
151 0.7114112458654906 0.6595092024539877 0.008269018743109152 0.09202453987730061
20 0.7337375964718853 0.49693251533742333 0.011025358324145536 0.4785276073619632
207 0.756890848952591 0.5 0.020948180815876516 0.22699386503067484
72 0.772877618522602 0.6349693251533742 0.007717750826901874 0.15337423312883436
116 0.8023704520396913 0.4785276073619632 0.021499448732083794 0.31901840490797545
39 0.824696802646086 0.5 0.011025358324145536 0.4723926380368098
75 0.851433296582139 0.450920245398773 0.020396912899669238 0.34969325153374237
166 0.8715545755237045 0.5950920245398773 0.018743109151047408 0.2822085889570552
112 0.8878169790518192 0.6012269938650306 0.010474090407938258 0.25766871165644173
195 0.9015986769570011 0.6042944785276074 0.010474090407938258 0.17791411042944785
20 0.9228224917309813 0.5184049079754601 0.011025358324145536 0.4846625766871166
116 0.945148842337376 0.4815950920245399 0.020396912899669238 0.3128834355828221
39 0.9674751929437707 0.5030674846625767 0.011025358324145536 0.4785276073619632
24 0.9922822491730982 0.5061349693251533 0.013230429988974642 0.4723926380368098
