186 0.024229074889867842 0.4551282051282051 0.048458149779735685 0.6025641025641025
66 0.11233480176211455 0.46794871794871795 0.026431718061674013 0.11538461538461538
207 0.2180616740088106 0.5192307692307692 0.09251101321585904 0.5
105 0.28083700440528636 0.6602564102564102 0.03303964757709251 0.5
84 0.4295154185022027 0.4615384615384615 0.12775330396475773 0.3076923076923077
69 0.6068281938325992 0.6089743589743589 0.09471365638766521 0.7051282051282051
105 0.6850220264317182 0.6538461538461539 0.030837004405286347 0.48717948717948717
20 0.7378854625550662 0.48717948717948717 0.048458149779735685 0.9743589743589743
186 0.7984581497797357 0.4487179487179487 0.050660792951541855 0.6153846153846154
39 0.8491189427312776 0.48717948717948717 0.050660792951541855 0.9743589743589743
207 0.9162995594713658 0.5064102564102564 0.08370044052863437 0.5
105 0.9790748898678415 0.6474358974358975 0.03303964757709251 0.5
