6 0.06030701754385964 0.5584415584415585 0.12061403508771928 0.8311688311688312
56 0.16228070175438597 0.16233766233766234 0.05263157894736842 0.3246753246753247
56 0.23793859649122806 0.16233766233766234 0.05043859649122807 0.3246753246753247
104 0.31469298245614036 0.6688311688311689 0.05043859649122807 0.1168831168831169
89 0.39035087719298245 0.525974025974026 0.07456140350877193 0.8181818181818182
53 0.4649122807017544 0.6623376623376623 0.08333333333333333 0.5714285714285715
126 0.5899122807017544 0.6558441558441559 0.14912280701754385 0.5584415584415585
105 0.700657894736842 0.525974025974026 0.046052631578947366 0.8181818181818182
115 0.7554824561403508 0.5324675324675325 0.041666666666666664 0.8051948051948052
105 0.8103070175438596 0.5194805194805195 0.046052631578947366 0.8311688311688312
80 0.8837719298245613 0.6623376623376623 0.07456140350877193 0.5714285714285715
168 0.9638157894736842 0.6558441558441559 0.06359649122807018 0.5844155844155845
