204 0.0031645569620253164 0.5 0.006329113924050633 0.9669421487603306
23 0.0352622061482821 0.4793388429752066 0.023508137432188065 0.859504132231405
205 0.08815551537070525 0.45041322314049587 0.0461121157323689 0.3223140495867769
20 0.1333634719710669 0.45867768595041325 0.022603978300180832 0.7024793388429752
207 0.1717902350813743 0.45041322314049587 0.039783001808318265 0.3223140495867769
72 0.2038878842676311 0.6239669421487604 0.011754068716094032 0.19008264462809918
153 0.25813743218806506 0.4628099173553719 0.042495479204339964 0.5619834710743802
39 0.29294755877034356 0.45867768595041325 0.0216998191681736 0.7024793388429752
71 0.32233273056057865 0.43388429752066116 0.009945750452079566 0.33884297520661155
207 0.37703435804701624 0.44214876033057854 0.039783001808318265 0.3223140495867769
108 0.4570524412296564 0.40082644628099173 0.04972875226039783 0.42148760330578516
116 0.505877034358047 0.16942148760330578 0.026220614828209764 0.33884297520661155
50 0.5461121157323688 0.36363636363636365 0.05786618444846293 0.4793388429752066
24 0.6080470162748643 0.45867768595041325 0.022603978300180832 0.8677685950413223
204 0.6424050632911392 0.487603305785124 0.006329113924050633 0.975206611570248
84 0.7075045207956601 0.3925619834710744 0.04792043399638336 0.17355371900826447
204 0.7563291139240506 0.49173553719008267 0.006329113924050633 0.7355371900826446
51 0.8015370705244123 0.36363636363636365 0.04792043399638336 0.4793388429752066
204 0.831374321880651 0.49586776859504134 0.006329113924050633 0.7272727272727273
100 0.8829113924050632 0.39669421487603307 0.04972875226039783 0.4628099173553719
195 0.9566003616636528 0.34710743801652894 0.0325497287522604 0.5123966942148761
114 0.9868896925858951 0.2272727272727273 0.022603978300180832 0.2066115702479339
