18 0.06317204301075269 0.48148148148148145 0.12634408602150538 0.9629629629629629
104 0.15591397849462366 0.6203703703703703 0.048387096774193554 0.09259259259259259
11 0.2647849462365592 0.4722222222222222 0.1370967741935484 0.9444444444444444
196 0.3736559139784947 0.6481481481481481 0.08602150537634409 0.6296296296296295
130 0.46908602150537637 0.6481481481481481 0.08333333333333334 0.6296296296296295
64 0.5658602150537635 0.6296296296296295 0.07258064516129033 0.6296296296296295
186 0.6370967741935485 0.5462962962962963 0.048387096774193554 0.7962962962962963
105 0.6948924731182796 0.48148148148148145 0.0456989247311828 0.9259259259259258
141 0.7715053763440861 0.6203703703703703 0.08602150537634409 0.6481481481481481
130 0.870967741935484 0.6296296296296295 0.0913978494623656 0.6296296296296295
168 0.9583333333333334 0.6203703703703703 0.07258064516129033 0.6481481481481481
