149 0.03070175438596491 0.61875 0.06140350877192982 0.7125
56 0.08270676691729323 0.1625 0.02756892230576441 0.30000000000000004
6 0.15852130325814534 0.375 0.06140350877192982 0.75
145 0.20927318295739347 0.36875 0.020050125313283207 0.7375
20 0.23934837092731828 0.48750000000000004 0.02756892230576441 0.925
50 0.28696741854636587 0.3875 0.07268170426065163 0.7250000000000001
39 0.3383458646616541 0.48750000000000004 0.02756892230576441 0.925
178 0.4348370927318296 0.45625000000000004 0.06766917293233082 0.6625000000000001
15 0.5275689223057644 0.38125000000000003 0.02756892230576441 0.7375
130 0.5701754385964912 0.48750000000000004 0.05012531328320802 0.5
200 0.6228070175438596 0.48125 0.047619047619047616 0.48750000000000004
12 0.6785714285714285 0.6312500000000001 0.04887218045112782 0.5375
6 0.7612781954887218 0.3875 0.06140350877192982 0.75
145 0.8120300751879699 0.38125000000000003 0.020050125313283207 0.7375
20 0.8421052631578947 0.48125 0.02506265664160401 0.9125000000000001
50 0.8928571428571428 0.375 0.07894736842105263 0.7250000000000001
18 0.9398496240601504 0.6375000000000001 0.03759398496240601 0.525
39 0.9837092731829573 0.47500000000000003 0.02756892230576441 0.925
