143 0.036011080332409975 0.5480769230769231 0.07202216066481995 0.38461538461538464
20 0.10734072022160665 0.5288461538461539 0.03185595567867036 0.8076923076923077
188 0.1731301939058172 0.42307692307692313 0.04986149584487535 0.6538461538461539
39 0.23337950138504154 0.5240384615384616 0.03185595567867036 0.7980769230769231
97 0.3407202216066482 0.5288461538461539 0.07479224376731301 0.5384615384615385
195 0.4605263157894737 0.44230769230769235 0.054016620498614956 0.6153846153846154
72 0.5062326869806094 0.7836538461538461 0.018005540166204988 0.22115384615384617
15 0.5837950138504155 0.4519230769230769 0.04016620498614958 0.6153846153846154
130 0.6433518005540166 0.5528846153846154 0.06509695290858726 0.4134615384615385
75 0.7153739612188366 0.44711538461538464 0.062326869806094184 0.6442307692307693
12 0.788781163434903 0.2451923076923077 0.054016620498614956 0.4134615384615385
18 0.7922437673130194 0.7836538461538461 0.04986149584487535 0.3942307692307693
14 0.899584487534626 0.46153846153846156 0.1038781163434903 0.6153846153846154
18 0.9722991689750693 0.7884615384615385 0.04986149584487535 0.38461538461538464
188 0.9806094182825484 0.21153846153846156 0.0332409972299169 0.42307692307692313
