153 0.01728024042073629 0.5213523131672597 0.03456048084147258 0.2597864768683274
20 0.06235912847483096 0.5 0.018031555221637866 0.9857651245551601
145 0.10405709992486853 0.16548042704626334 0.024793388429752067 0.23131672597864766
187 0.17317806160781368 0.5017793594306049 0.029301277235161533 0.14234875444839856
145 0.24117205108940648 0.8327402135231317 0.025544703230653644 0.2277580071174377
39 0.28249436513899323 0.49288256227758004 0.018031555221637866 0.9857651245551601
153 0.3305785123966942 0.5160142348754448 0.03756574004507889 0.25622775800711745
20 0.37678437265214126 0.494661921708185 0.018782870022539446 0.9039145907473309
187 0.4192336589030804 0.16014234875444838 0.028549962434259956 0.14234875444839856
145 0.48910593538692715 0.49288256227758004 0.02404207362885049 0.22419928825622776
187 0.5559729526671676 0.8256227758007118 0.0270473328324568 0.14234875444839856
39 0.5935386927122465 0.48576512455516013 0.018031555221637866 0.9074733096085409
84 0.6607813673929377 0.4750889679715302 0.04282494365138993 0.06761565836298931
153 0.7291510142749813 0.5 0.035311795642374154 0.2597864768683274
20 0.772351615326822 0.47864768683274017 0.018031555221637866 0.8220640569395017
187 0.8140495867768596 0.18861209964412812 0.02779864763335838 0.14234875444839856
187 0.8827948910593539 0.4750889679715302 0.0270473328324568 0.1387900355871886
187 0.9511645379413975 0.7669039145907472 0.0270473328324568 0.1387900355871886
39 0.9891059353869271 0.46441281138790036 0.018782870022539446 0.8149466192170818
