11 0.06435643564356436 0.4345238095238095 0.12871287128712872 0.6785714285714285
130 0.16212871287128713 0.8273809523809523 0.05693069306930693 0.2976190476190476
176 0.23143564356435645 0.5059523809523809 0.05693069306930693 0.8928571428571428
96 0.30816831683168316 0.6369047619047619 0.07673267326732673 0.6547619047619048
64 0.3935643564356436 0.8035714285714285 0.054455445544554455 0.2976190476190476
155 0.49133663366336633 0.7261904761904762 0.07673267326732673 0.40476190476190477
145 0.6014851485148515 0.7261904761904762 0.04950495049504951 0.42857142857142855
20 0.6893564356435644 0.47619047619047616 0.05198019801980198 0.8809523809523809
11 0.7945544554455446 0.38095238095238093 0.12376237623762376 0.6904761904761905
130 0.8935643564356436 0.7738095238095237 0.054455445544554455 0.2857142857142857
39 0.9653465346534653 0.45238095238095233 0.0594059405940594 0.9047619047619047
