204 0.006386861313868613 0.48901098901098905 0.012773722627737226 0.9560439560439561
75 0.06934306569343066 0.4010989010989011 0.07664233576642336 0.6923076923076924
160 0.15693430656934307 0.47802197802197804 0.0948905109489051 0.8241758241758242
115 0.22354014598540145 0.6263736263736264 0.023722627737226276 0.4835164835164836
20 0.28284671532846717 0.4835164835164836 0.0364963503649635 0.9450549450549451
210 0.3494525547445255 0.5274725274725275 0.06751824817518248 0.4395604395604396
39 0.41423357664233573 0.48901098901098905 0.0364963503649635 0.9560439560439561
204 0.46624087591240876 0.4835164835164836 0.012773722627737226 0.9450549450549451
101 0.5228102189781022 0.7362637362637363 0.05656934306569343 0.4835164835164836
148 0.5218978102189781 0.4120879120879121 0.043795620437956206 0.05494505494505495
121 0.6706204379562044 0.4945054945054945 0.09306569343065693 0.7472527472527473
93 0.8083941605839415 0.40659340659340665 0.06569343065693431 0.6593406593406594
176 0.885036496350365 0.47252747252747257 0.06569343065693431 0.9450549450549451
189 0.9625912408759124 0.4120879120879121 0.06751824817518248 0.6703296703296704
