20 0.011241970021413276 0.4878048780487805 0.022483940042826552 0.951219512195122
195 0.05513918629550321 0.3780487804878049 0.035331905781584586 0.6585365853658537
187 0.0974304068522484 0.5365853658536586 0.032119914346895075 0.36585365853658536
20 0.14239828693790152 0.49390243902439024 0.021413276231263385 0.9634146341463415
115 0.1771948608137045 0.3780487804878049 0.018201284796573878 0.7073170731707318
39 0.21145610278372592 0.48170731707317077 0.022483940042826552 0.9390243902439025
84 0.30513918629550324 0.49390243902439024 0.0835117773019272 0.20731707317073172
101 0.39614561027837264 0.3719512195121951 0.04068522483940043 0.7195121951219512
145 0.43576017130620986 0.6890243902439025 0.021413276231263385 0.3780487804878049
145 0.4662740899357602 0.6829268292682927 0.022483940042826552 0.36585365853658536
20 0.5064239828693791 0.49390243902439024 0.023554603854389723 0.9634146341463415
115 0.5422912205567452 0.3780487804878049 0.018201284796573878 0.7073170731707318
39 0.5765524625267666 0.4878048780487805 0.022483940042826552 0.951219512195122
155 0.667558886509636 0.49390243902439024 0.07601713062098502 0.8658536585365854
101 0.7580299785867238 0.3597560975609756 0.04068522483940043 0.7195121951219512
195 0.7971092077087795 0.676829268292683 0.022483940042826552 0.3536585365853659
195 0.8276231263383298 0.6829268292682927 0.021413276231263385 0.36585365853658536
20 0.8677730192719486 0.5 0.022483940042826552 0.951219512195122
115 0.904710920770878 0.3780487804878049 0.019271948608137045 0.7073170731707318
39 0.9379014989293363 0.49390243902439024 0.023554603854389723 0.9634146341463415
39 0.9860813704496788 0.5 0.023554603854389723 0.951219512195122
