6 0.058004640371229696 0.45348837209302323 0.11600928074245939 0.6744186046511628
145 0.16473317865429232 0.19767441860465115 0.037122969837587005 0.3953488372093023
104 0.23781902552204176 0.5523255813953488 0.04408352668213457 0.05813953488372093
186 0.3039443155452436 0.4883720930232558 0.04640371229698376 0.5581395348837209
141 0.38515081206496515 0.5465116279069767 0.08352668213457076 0.4418604651162791
149 0.4930394431554524 0.6569767441860465 0.09048723897911833 0.6395348837209303
141 0.5974477958236659 0.5465116279069767 0.08584686774941995 0.4418604651162791
115 0.6763341067285382 0.436046511627907 0.03480278422273782 0.6627906976744186
141 0.7575406032482598 0.5465116279069767 0.08584686774941995 0.4418604651162791
95 0.8619489559164732 0.6569767441860465 0.08120649651972157 0.6395348837209303
209 0.9559164733178653 0.6511627906976745 0.07888631090487239 0.627906976744186
