8 0.022768670309653915 0.375 0.04553734061930783 0.75
20 0.06147540983606557 0.48125 0.020947176684881604 0.9625
130 0.09517304189435337 0.50625 0.033697632058287796 0.48750000000000004
39 0.12659380692167577 0.48750000000000004 0.02185792349726776 0.9750000000000001
84 0.1871584699453552 0.48125 0.0482695810564663 0.2625
28 0.25318761384335153 0.3875 0.04918032786885246 0.7250000000000001
20 0.29280510018214934 0.48125 0.022768670309653915 0.9625
130 0.32695810564663025 0.51875 0.03278688524590164 0.48750000000000004
39 0.3574681238615665 0.48125 0.020947176684881604 0.9625
128 0.4180327868852459 0.49375 0.04735883424408015 0.08750000000000001
143 0.49271402550091076 0.5125000000000001 0.04918032786885246 0.5
20 0.5327868852459017 0.48750000000000004 0.02185792349726776 0.9750000000000001
130 0.5678506375227687 0.51875 0.033697632058287796 0.48750000000000004
39 0.5997267759562841 0.48125 0.022768670309653915 0.9625
84 0.663023679417122 0.48750000000000004 0.04735883424408015 0.25
8 0.7372495446265938 0.39375000000000004 0.044626593806921674 0.7625000000000001
20 0.7755009107468124 0.48750000000000004 0.020947176684881604 0.9750000000000001
34 0.8173952641165756 0.49375 0.04644808743169399 0.9375
56 0.8624772313296903 0.225 0.029143897996357013 0.42500000000000004
20 0.895264116575592 0.49375 0.02185792349726776 0.9625
130 0.9298724954462659 0.51875 0.03278688524590164 0.48750000000000004
39 0.9612932604735883 0.48125 0.022768670309653915 0.9625
39 0.9872495446265938 0.48750000000000004 0.02185792349726776 0.9500000000000001
