149 0.03888888888888889 0.59375 0.07777777777777778 0.7125
207 0.10793650793650794 0.5 0.06666666666666667 0.5
108 0.2365079365079365 0.45625000000000004 0.07301587301587302 0.6625000000000001
3 0.36587301587301585 0.375 0.08095238095238096 0.7250000000000001
4 0.43412698412698414 0.47500000000000003 0.03333333333333333 0.9500000000000001
196 0.4857142857142857 0.50625 0.05714285714285714 0.48750000000000004
145 0.5436507936507936 0.64375 0.020634920634920634 0.5125000000000001
72 0.5888888888888889 0.775 0.022222222222222223 0.275
119 0.6984126984126984 0.7000000000000001 0.13015873015873017 0.125
72 0.8103174603174603 0.7875000000000001 0.020634920634920634 0.275
196 0.8809523809523809 0.53125 0.05714285714285714 0.48750000000000004
163 0.9349206349206349 0.74375 0.0380952380952381 0.3375
5 0.9793650793650793 0.50625 0.03492063492063492 0.9375
