30 0.04258943781942078 0.5346534653465347 0.08517887563884156 0.5742574257425742
20 0.10562180579216354 0.5792079207920792 0.040885860306643956 0.7623762376237624
22 0.18143100511073254 0.5445544554455446 0.12776831345826234 0.5742574257425742
72 0.24872231686541738 0.8267326732673267 0.02385008517887564 0.2079207920792079
163 0.35008517887563884 0.6089108910891089 0.05281090289608177 0.38613861386138615
39 0.3952299829642249 0.6138613861386139 0.040885860306643956 0.7326732673267327
65 0.5170357751277683 0.5346534653465347 0.0868824531516184 0.49504950495049505
149 0.6448040885860307 0.5445544554455446 0.08347529812606473 0.5742574257425742
148 0.7964224872231687 0.04455445544554455 0.36626916524701875 0.0891089108910891
20 0.7078364565587735 0.594059405940594 0.04258943781942078 0.7524752475247525
161 0.7657580919931857 0.6930693069306931 0.06643952299829642 0.5346534653465347
72 0.813458262350937 0.8267326732673267 0.02555366269165247 0.2079207920792079
64 0.9182282793867121 0.6336633663366337 0.05792163543441227 0.4158415841584158
39 0.975298126064736 0.599009900990099 0.04258943781942078 0.7623762376237624
