11 0.04713804713804714 0.42272727272727273 0.09427609427609428 0.5363636363636364
113 0.11784511784511784 0.7227272727272727 0.057239057239057235 0.3909090909090909
72 0.16414141414141414 0.9045454545454545 0.018518518518518517 0.15454545454545454
186 0.22053872053872053 0.7454545454545454 0.037037037037037035 0.34545454545454546
71 0.26515151515151514 0.4909090909090909 0.018518518518518517 0.3818181818181818
13 0.3787878787878788 0.42272727272727273 0.07744107744107744 0.5363636363636364
20 0.44696969696969696 0.4954545454545454 0.04208754208754208 0.6818181818181818
113 0.5084175084175084 0.40454545454545454 0.0707070707070707 0.5181818181818182
39 0.569023569023569 0.4909090909090909 0.0404040404040404 0.6727272727272727
167 0.7247474747474747 0.40454545454545454 0.1734006734006734 0.2636363636363636
30 0.8905723905723906 0.40454545454545454 0.08417508417508417 0.5363636363636364
163 0.952020202020202 0.7545454545454545 0.04208754208754208 0.2727272727272727
211 0.9705387205387205 0.18636363636363634 0.05218855218855219 0.3727272727272727
