149 0.03042328042328042 0.5681818181818182 0.06084656084656084 0.3181818181818182
20 0.09060846560846561 0.5028409090909091 0.03042328042328042 0.4375
207 0.13756613756613756 0.5198863636363636 0.0582010582010582 0.2215909090909091
130 0.1865079365079365 0.6647727272727273 0.031746031746031744 0.14772727272727273
39 0.22023809523809523 0.49715909090909094 0.03042328042328042 0.4375
84 0.30886243386243384 0.5056818181818182 0.06746031746031746 0.125
196 0.40608465608465605 0.5227272727272727 0.047619047619047616 0.2272727272727273
155 0.4861111111111111 0.5085227272727273 0.06746031746031746 0.30113636363636365
163 0.5575396825396826 0.9204545454545455 0.02513227513227513 0.13636363636363635
182 0.6144179894179894 0.5113636363636364 0.08333333333333333 0.42045454545454547
113 0.6018518518518519 0.09943181818181819 0.031746031746031744 0.19886363636363638
84 0.6097883597883598 0.8835227272727273 0.04497354497354497 0.08522727272727273
145 0.6673280423280423 0.8806818181818182 0.022486772486772486 0.20454545454545456
207 0.7354497354497354 0.5198863636363636 0.05555555555555555 0.2215909090909091
130 0.7817460317460317 0.6619318181818182 0.031746031746031744 0.14204545454545456
163 0.8134920634920635 0.37215909090909094 0.023809523809523808 0.13068181818181818
53 0.8597883597883598 0.5227272727272727 0.05026455026455026 0.2272727272727273
163 0.8994708994708994 0.6647727272727273 0.023809523809523808 0.13636363636363635
186 0.951058201058201 0.49715909090909094 0.023809523809523808 0.26704545454545453
130 0.9828042328042328 0.6619318181818182 0.0291005291005291 0.14204545454545456
