130 0.03371868978805395 0.5189873417721519 0.0674373795761079 0.4810126582278481
84 0.151252408477842 0.46835443037974683 0.10211946050096339 0.25316455696202533
145 0.27360308285163776 0.3860759493670886 0.046242774566473986 0.7468354430379747
72 0.32947976878612717 0.7848101265822784 0.023121387283236993 0.27848101265822783
41 0.4460500963391137 0.3987341772151899 0.0789980732177264 0.7468354430379747
27 0.5443159922928709 0.37974683544303794 0.09826589595375722 0.7341772151898734
20 0.6377649325626205 0.4873417721518987 0.038535645472061654 0.9746835443037974
17 0.7254335260115606 0.3987341772151899 0.1252408477842004 0.7215189873417721
72 0.8082851637764933 0.7911392405063291 0.02119460500963391 0.26582278481012656
89 0.9036608863198459 0.4873417721518987 0.09633911368015415 0.9746835443037974
39 0.9797687861271677 0.49367088607594933 0.03275529865125241 0.9620253164556962
