113 0.04219409282700422 0.3782051282051282 0.08438818565400844 0.7564102564102564
4 0.11497890295358648 0.48717948717948717 0.044303797468354424 0.9743589743589743
207 0.1751054852320675 0.5192307692307692 0.08438818565400844 0.5
145 0.24578059071729955 0.6602564102564102 0.02742616033755274 0.5256410256410257
72 0.3090717299578059 0.782051282051282 0.03164556962025316 0.28205128205128205
119 0.45147679324894513 0.7051282051282051 0.16455696202531644 0.1282051282051282
72 0.5928270042194093 0.7884615384615384 0.02953586497890295 0.2948717948717949
207 0.6761603375527425 0.5192307692307692 0.08649789029535865 0.5
130 0.7489451476793249 0.7435897435897436 0.05485232067510548 0.358974358974359
128 0.8280590717299577 0.7115384615384616 0.08227848101265822 0.08974358974358974
145 0.9071729957805906 0.6602564102564102 0.02953586497890295 0.5256410256410257
5 0.9736286919831223 0.49358974358974356 0.044303797468354424 0.9615384615384615
