200 0.02888086642599278 0.4666666666666667 0.05776173285198556 0.4444444444444445
20 0.10018050541516246 0.4277777777777778 0.04512635379061372 0.8555555555555556
207 0.1624548736462094 0.45555555555555555 0.07942238267148015 0.4444444444444445
161 0.22653429602888087 0.7833333333333333 0.04512635379061372 0.3888888888888889
39 0.2743682310469314 0.43333333333333335 0.039711191335740074 0.8666666666666667
84 0.3925992779783394 0.4277777777777778 0.09205776173285199 0.23333333333333334
200 0.5189530685920578 0.45555555555555555 0.055956678700361015 0.4444444444444445
145 0.5839350180505415 0.6666666666666667 0.03790613718411553 0.4
200 0.6750902527075813 0.45555555555555555 0.05776173285198556 0.4444444444444445
195 0.7409747292418772 0.6555555555555556 0.048736462093862815 0.4
108 0.8348375451263538 0.4388888888888889 0.06678700361010831 0.45555555555555555
6 0.9512635379061373 0.35000000000000003 0.09025270758122744 0.6333333333333333
