196 0.0109026369168357 0.5254237288135594 0.0218052738336714 0.22598870056497175
20 0.034482758620689655 0.5225988700564972 0.011156186612576065 0.4463276836158192
207 0.05603448275862069 0.5254237288135594 0.02079107505070994 0.21468926553672316
72 0.07074036511156187 0.6468926553672316 0.008620689655172414 0.15254237288135594
8 0.10040567951318458 0.4830508474576271 0.02434077079107505 0.288135593220339
39 0.1242393509127789 0.5 0.011156186612576065 0.4463276836158192
84 0.16835699797160242 0.5084745762711864 0.03955375253549696 0.1016949152542373
110 0.22363083164300201 0.4887005649717514 0.04563894523326572 0.943502824858757
53 0.24543610547667344 0.9067796610169492 0.014198782961460446 0.1638418079096045
57 0.26267748478701824 0.1016949152542373 0.012170385395537525 0.2033898305084746
12 0.2885395537525355 0.4406779661016949 0.02535496957403651 0.3389830508474576
20 0.3146551724137931 0.4858757062146893 0.010649087221095335 0.4406779661016949
207 0.3364604462474645 0.4887005649717514 0.01977687626774848 0.20903954802259886
72 0.351419878296146 0.615819209039548 0.008113590263691683 0.14689265536723164
209 0.3780425963488844 0.5451977401129944 0.018762677484787018 0.3220338983050847
72 0.3932555780933063 0.6101694915254238 0.007606490872210953 0.14689265536723164
115 0.41683569979716023 0.4293785310734463 0.009127789046653144 0.327683615819209
39 0.4328093306288032 0.4745762711864407 0.010649087221095335 0.4406779661016949
200 0.4556288032454361 0.4830508474576271 0.016734279918864097 0.22033898305084745
20 0.4779411764705882 0.4774011299435028 0.010649087221095335 0.4463276836158192
209 0.4984787018255578 0.5338983050847458 0.019269776876267748 0.3220338983050847
72 0.5134381338742393 0.6016949152542372 0.007606490872210953 0.15254237288135594
8 0.5433569979716024 0.4378531073446328 0.02383367139959432 0.2768361581920904
39 0.5671906693711968 0.4435028248587571 0.010649087221095335 0.4011299435028249
75 0.5912778904665315 0.4180790960451977 0.019269776876267748 0.327683615819209
209 0.6120689655172413 0.5254237288135594 0.019269776876267748 0.327683615819209
84 0.6536511156186613 0.4661016949152542 0.03955375253549696 0.096045197740113
20 0.6975152129817445 0.4774011299435028 0.010649087221095335 0.4463276836158192
200 0.7175456389452333 0.4661016949152542 0.017241379310344827 0.22033898305084745
20 0.7401115618661257 0.4604519774011299 0.010649087221095335 0.4463276836158192
8 0.7639452332657201 0.4293785310734463 0.02383367139959432 0.2824858757062147
39 0.7872718052738337 0.4548022598870056 0.010649087221095335 0.4350282485875706
72 0.8042596348884381 0.5875706214689266 0.009127789046653144 0.14689265536723164
148 0.8978194726166329 0.1638418079096045 0.1526369168356998 0.05649717514124294
12 0.8374746450304259 0.4124293785310734 0.02484787018255578 0.3389830508474576
20 0.8638438133874239 0.4632768361581921 0.010649087221095335 0.4406779661016949
207 0.8851419878296146 0.4576271186440678 0.01977687626774848 0.21468926553672316
72 0.8998478701825557 0.5847457627118644 0.008620689655172414 0.15254237288135594
72 0.9323022312373225 0.5819209039548022 0.008620689655172414 0.1581920903954802
115 0.9543610547667343 0.4011299435028249 0.009127789046653144 0.327683615819209
39 0.9705882352941176 0.4576271186440678 0.011156186612576065 0.4406779661016949
39 0.9934077079107505 0.4632768361581921 0.011156186612576065 0.4406779661016949
