47 0.062 0.3782051282051282 0.124 0.7307692307692307
22 0.184 0.6987179487179487 0.112 0.5
104 0.269 0.532051282051282 0.034 0.08974358974358974
196 0.342 0.5 0.092 0.4615384615384615
130 0.435 0.48717948717948717 0.09 0.4615384615384615
105 0.504 0.3717948717948718 0.044 0.6923076923076923
89 0.553 0.358974358974359 0.05 0.717948717948718
141 0.618 0.5064102564102564 0.068 0.47435897435897434
163 0.6880000000000001 0.49358974358974356 0.06 0.47435897435897434
126 0.786 0.49358974358974356 0.128 0.47435897435897434
115 0.878 0.3717948717948718 0.04 0.717948717948718
209 0.9500000000000001 0.6217948717948718 0.092 0.7051282051282051
