17 0.04666666666666666 0.4044943820224719 0.09333333333333332 0.696629213483146
20 0.11933333333333333 0.4943820224719101 0.025333333333333333 0.9662921348314606
22 0.19933333333333333 0.4101123595505618 0.11066666666666666 0.7078651685393258
169 0.27466666666666667 0.6235955056179775 0.013333333333333332 0.6179775280898876
207 0.33866666666666667 0.5337078651685393 0.05333333333333333 0.4606741573033708
72 0.386 0.7696629213483146 0.014666666666666666 0.2808988764044944
208 0.45066666666666666 0.5056179775280899 0.04533333333333333 0.8764044943820224
39 0.4973333333333333 0.4887640449438202 0.026666666666666665 0.9775280898876404
84 0.5946666666666667 0.5 0.072 0.2584269662921348
17 0.72 0.4044943820224719 0.09333333333333332 0.696629213483146
22 0.8113333333333334 0.6404494382022472 0.08399999999999999 0.4943820224719101
20 0.886 0.4887640449438202 0.025333333333333333 0.9775280898876404
208 0.938 0.5056179775280899 0.04666666666666666 0.8764044943820224
39 0.9853333333333333 0.4943820224719101 0.024 0.9662921348314606
