41 0.027759845061329887 0.46226415094339623 0.055519690122659775 0.6037735849056604
11 0.06100710135571336 0.7877358490566038 0.040671400903808906 0.38679245283018865
20 0.0958683021304067 0.5471698113207547 0.01484828921885087 0.7924528301886792
30 0.13363460296965785 0.45754716981132076 0.03744351194318915 0.5943396226415094
10 0.16494512588766946 0.7783018867924528 0.026468689477081985 0.38679245283018865
72 0.1894770819883796 0.7783018867924528 0.008392511297611361 0.2358490566037736
30 0.23208521626856035 0.44811320754716977 0.0380890897353131 0.5943396226415094
10 0.26371852808263396 0.7688679245283019 0.026468689477081985 0.38679245283018865
130 0.2704970948999354 0.28773584905660377 0.016785022595222722 0.25471698113207547
39 0.29535183989670755 0.5377358490566038 0.01484828921885087 0.7924528301886792
40 0.3518398967075532 0.49056603773584906 0.04777275661717237 0.32075471698113206
45 0.42640413169786956 0.4386792452830188 0.0380890897353131 0.5943396226415094
20 0.45416397675919945 0.5283018867924528 0.01484828921885087 0.7924528301886792
205 0.49096191091026464 0.5377358490566038 0.0355067785668173 0.3962264150943396
39 0.5229180116204002 0.5283018867924528 0.01420271142672692 0.7924528301886792
153 0.5555196901226598 0.5471698113207547 0.030342156229825692 0.6981132075471698
108 0.6132989025177533 0.46226415094339623 0.03615235635894125 0.4528301886792453
41 0.6775338928340865 0.4245283018867924 0.05229180116204002 0.6037735849056604
11 0.7091672046481601 0.7405660377358491 0.0380890897353131 0.38679245283018865
20 0.7417688831504196 0.5141509433962264 0.01420271142672692 0.8018867924528301
27 0.775338928340865 0.410377358490566 0.03227888960619754 0.6132075471698113
10 0.8079406068431245 0.7358490566037735 0.025177533892834086 0.3773584905660377
72 0.8315041962556488 0.7547169811320754 0.007746933505487411 0.22641509433962265
30 0.8734667527437056 0.41981132075471694 0.03744351194318915 0.5943396226415094
10 0.9044544867656552 0.7405660377358491 0.025823111684958037 0.38679245283018865
130 0.9105874757908328 0.25943396226415094 0.017430600387346673 0.25471698113207547
128 0.9409296320206584 0.2122641509433962 0.023886378308586184 0.04716981132075471
145 0.9699806326662362 0.19339622641509432 0.012265978050355068 0.38679245283018865
39 0.9912846998063266 0.5047169811320754 0.01484828921885087 0.8018867924528301
