89 0.014338575393154487 0.313953488372093 0.028677150786308975 0.5968992248062015
53 0.043478260869565216 0.437984496124031 0.0240518038852914 0.20930232558139533
20 0.07909343200740056 0.31007751937984496 0.02127659574468085 0.6046511627906976
115 0.11008325624421832 0.2364341085271318 0.014801110083256245 0.4418604651162791
39 0.1396854764107308 0.3023255813953488 0.018501387604070305 0.6046511627906976
84 0.2206290471785384 0.3062015503875969 0.07123034227567068 0.13178294573643412
128 0.316836262719704 0.313953488372093 0.07678075855689177 0.05426356589147287
115 0.3843663274745606 0.23255813953488372 0.01757631822386679 0.43410852713178294
207 0.4019426456984274 0.8643410852713178 0.024976873265494914 0.1937984496124031
105 0.406567992599445 0.22868217054263565 0.01942645698427382 0.4263565891472868
126 0.4509713228492137 0.3023255813953488 0.06382978723404256 0.2945736434108527
167 0.44218316373728034 0.8449612403100775 0.04440333024976874 0.21705426356589147
53 0.47779833487511564 0.875968992248062 0.026827012025901945 0.21705426356589147
168 0.5152636447733581 0.3062015503875969 0.0240518038852914 0.3023255813953488
195 0.543940795559667 0.43023255813953487 0.018501387604070305 0.2248062015503876
20 0.5781683626271971 0.3062015503875969 0.020351526364477335 0.6124031007751938
207 0.6160962072155411 0.313953488372093 0.03330249768732655 0.2868217054263566
72 0.6447733580018502 0.4883720930232558 0.012950971322849215 0.20155038759689922
115 0.6840888066604995 0.2364341085271318 0.01572617946345976 0.4418604651162791
39 0.7132284921369103 0.313953488372093 0.018501387604070305 0.5968992248062015
176 0.7553191489361702 0.3178294573643411 0.034227567067530065 0.5581395348837209
168 0.7886216466234968 0.3178294573643411 0.024976873265494914 0.2945736434108527
145 0.8172987974098058 0.4418604651162791 0.01757631822386679 0.23255813953488372
20 0.8519888991674376 0.3178294573643411 0.020351526364477335 0.6046511627906976
207 0.8903792784458835 0.32170542635658916 0.034227567067530065 0.2868217054263566
72 0.9185938945420907 0.49612403100775193 0.014801110083256245 0.20155038759689922
115 0.9588344125809436 0.24806201550387597 0.01572617946345976 0.4496124031007752
39 0.9884366327474561 0.32558139534883723 0.01942645698427382 0.5891472868217054
