18 0.03550295857988166 0.46551724137931033 0.07100591715976332 0.6896551724137931
149 0.09861932938856016 0.7241379310344828 0.04339250493096647 0.41379310344827586
4 0.15285996055226825 0.5172413793103449 0.025641025641025644 0.8275862068965517
50 0.21893491124260356 0.46551724137931033 0.09072978303747535 0.6896551724137931
72 0.27120315581854043 0.8017241379310345 0.01775147928994083 0.25862068965517243
51 0.36686390532544383 0.47413793103448276 0.07495069033530573 0.6724137931034483
5 0.4270216962524655 0.5344827586206896 0.025641025641025644 0.8275862068965517
84 0.5118343195266273 0.5086206896551724 0.0650887573964497 0.25862068965517243
18 0.6183431952662722 0.49137931034482757 0.07297830374753451 0.6724137931034483
149 0.6824457593688363 0.7413793103448276 0.04339250493096647 0.41379310344827586
4 0.73767258382643 0.5431034482758621 0.02366863905325444 0.8103448275862069
11 0.8017751479289941 0.48275862068965514 0.08086785009861934 0.6896551724137931
149 0.8530571992110454 0.75 0.04142011834319527 0.43103448275862066
5 0.9043392504930967 0.5517241379310345 0.025641025641025644 0.8275862068965517
4 0.9349112426035503 0.25 0.015779092702169626 0.5
145 0.9625246548323472 0.22413793103448276 0.015779092702169626 0.41379310344827586
5 0.9891518737672584 0.25 0.013806706114398423 0.5
