75 0.03427065026362038 0.36585365853658536 0.06854130052724076 0.7317073170731707
80 0.10017574692442882 0.48170731707317077 0.056239015817223195 0.5
186 0.15992970123022845 0.41463414634146345 0.045694200351493845 0.6585365853658537
20 0.22759226713532513 0.49390243902439024 0.03690685413005272 0.9634146341463415
59 0.304920913884007 0.5121951219512195 0.08611599297012301 0.8780487804878049
112 0.36555360281195076 0.6890243902439025 0.035149384885764495 0.524390243902439
113 0.4121265377855887 0.6341463414634146 0.04745166959578207 0.43902439024390244
20 0.4815465729349736 0.49390243902439024 0.03866432337434095 0.9634146341463415
115 0.5413005272407733 0.36585365853658536 0.03163444639718805 0.7073170731707318
39 0.5957820738137082 0.475609756097561 0.03866432337434095 0.951219512195122
39 0.6739894551845342 0.4878048780487805 0.03690685413005272 0.951219512195122
84 0.8233743409490334 0.4878048780487805 0.13532513181019332 0.21951219512195122
145 0.969244288224956 0.38414634146341464 0.05448154657293497 0.6707317073170732
