53 0.04081632653061225 0.35344827586206895 0.0816326530612245 0.7068965517241379
130 0.11688311688311688 0.6810344827586207 0.07421150278293136 0.5
128 0.19851576994434136 0.6637931034482758 0.06679035250463822 0.05172413793103448
145 0.2699443413729128 0.5862068965517241 0.0352504638218924 0.6551724137931034
72 0.33487940630797774 0.7413793103448276 0.020408163265306124 0.41379310344827586
119 0.47031539888682744 0.6120689655172413 0.15398886827458255 0.1896551724137931
72 0.6066790352504638 0.7586206896551724 0.01855287569573284 0.41379310344827586
53 0.7031539888682746 0.3620689655172414 0.07792207792207792 0.6896551724137931
130 0.7792207792207793 0.6810344827586207 0.0705009276437848 0.5
128 0.8552875695732839 0.6724137931034483 0.06307977736549165 0.06896551724137931
126 0.948051948051948 0.6810344827586207 0.09647495361781076 0.5
