116 0.02477763659466328 0.435483870967742 0.04955527318932656 0.5698924731182796
126 0.07941550190597205 0.6720430107526882 0.05463786531130877 0.2903225806451613
84 0.18742058449809404 0.49462365591397855 0.09783989834815757 0.19354838709677422
113 0.2966963151207116 0.37634408602150543 0.04701397712833545 0.6236559139784946
126 0.35133418043202036 0.6720430107526882 0.05463786531130877 0.2903225806451613
195 0.39580686149936467 0.25806451612903225 0.026683608640406607 0.32258064516129037
84 0.49174078780177893 0.510752688172043 0.09656925031766202 0.1827956989247312
128 0.6238881829733164 0.49462365591397855 0.10673443456162643 0.06451612903225806
204 0.7210927573062262 0.48924731182795705 0.006353240152477764 0.956989247311828
113 0.7903430749682339 0.38172043010752693 0.04828462515883101 0.6129032258064516
126 0.8449809402795426 0.6774193548387097 0.053367217280813214 0.2795698924731183
204 0.9193138500635324 0.48924731182795705 0.008894536213468869 0.9784946236559141
195 0.9828462515883101 0.2688172043010753 0.029224904701397714 0.32258064516129037
