7 0.0542907180385289 0.49523809523809526 0.1085814360770578 0.5904761904761905
190 0.06129597197898424 0.04761904761904762 0.04553415061295972 0.09523809523809525
20 0.14711033274956217 0.5666666666666668 0.03502626970227671 0.8095238095238096
163 0.20577933450087565 0.5952380952380953 0.0542907180385289 0.37142857142857144
39 0.26532399299474607 0.5571428571428572 0.03327495621716287 0.8095238095238096
84 0.4106830122591944 0.5714285714285715 0.09632224168126094 0.20952380952380956
154 0.5683012259194395 0.5952380952380953 0.0788091068301226 0.37142857142857144
195 0.637478108581436 0.7857142857142858 0.04553415061295972 0.39047619047619053
128 0.659369527145359 0.2761904761904762 0.06830122591943957 0.05714285714285715
145 0.7381786339754817 0.23333333333333336 0.03677758318739054 0.39047619047619053
20 0.8047285464098074 0.5571428571428572 0.03327495621716287 0.8095238095238096
7 0.8922942206654991 0.480952380952381 0.11033274956217162 0.580952380952381
39 0.978984238178634 0.5523809523809524 0.03502626970227671 0.8190476190476191
