6 0.04060509554140128 0.46445497630331756 0.08121019108280256 0.27488151658767773
20 0.11385350318471338 0.5 0.030254777070063694 0.35545023696682465
149 0.16242038216560511 0.5450236966824645 0.06050955414012739 0.2559241706161138
72 0.2125796178343949 0.6090047393364929 0.01751592356687898 0.0995260663507109
50 0.31050955414012743 0.46445497630331756 0.09872611464968153 0.26540284360189575
39 0.3837579617834395 0.5 0.028662420382165606 0.35545023696682465
84 0.46656050955414013 0.49526066350710907 0.08280254777070065 0.09004739336492892
168 0.5581210191082803 0.5 0.039808917197452234 0.18483412322274884
196 0.6186305732484076 0.5 0.06528662420382166 0.18483412322274884
149 0.6902866242038217 0.542654028436019 0.06847133757961783 0.27014218009478674
23 0.7898089171974523 0.49526066350710907 0.06050955414012739 0.9905213270142181
204 0.838375796178344 0.5023696682464456 0.007961783439490446 0.35071090047393366
54 0.8941082802547771 0.514218009478673 0.05573248407643312 0.18483412322274884
204 0.946656050955414 0.5023696682464456 0.007961783439490446 0.35071090047393366
71 0.9896496815286625 0.5118483412322276 0.014331210191082803 0.18957345971563982
