200 0.01958650707290533 0.49553571428571425 0.03917301414581066 0.33035714285714285
108 0.1044613710554951 0.4732142857142857 0.04787812840043526 0.46428571428571425
15 0.18552774755168663 0.4196428571428571 0.022850924918389554 0.5178571428571428
130 0.22252448313384113 0.5 0.042437431991294884 0.3571428571428571
200 0.2676822633297062 0.49107142857142855 0.041349292709466814 0.33928571428571425
12 0.31556039173014144 0.6026785714285714 0.041349292709466814 0.3839285714285714
20 0.36180631120783463 0.49107142857142855 0.02720348204570185 0.9821428571428571
6 0.41077257889009794 0.4151785714285714 0.05331882480957563 0.5267857142857143
145 0.4542981501632209 0.4107142857142857 0.018498367791077257 0.5178571428571428
20 0.4815016322089228 0.49107142857142855 0.025027203482045703 0.6607142857142857
50 0.5261153427638738 0.4196428571428571 0.07072905331882481 0.5178571428571428
18 0.5680087051142546 0.6071428571428571 0.030467899891186073 0.3571428571428571
39 0.6077257889009794 0.49107142857142855 0.022850924918389554 0.6607142857142857
39 0.6392818280739935 0.48660714285714285 0.02720348204570185 0.9732142857142857
72 0.6746463547334058 0.6964285714285714 0.015233949945593036 0.19642857142857142
45 0.7415669205658324 0.42410714285714285 0.051142546245919476 0.5089285714285714
163 0.7812840043525572 0.5044642857142857 0.028291621327529923 0.3482142857142857
20 0.8106637649619152 0.48660714285714285 0.026115342763873776 0.6517857142857143
200 0.8471164309031556 0.5 0.035908596300326445 0.3214285714285714
39 0.8824809575625681 0.49107142857142855 0.02393906420021763 0.6428571428571428
84 0.9673558215451578 0.4776785714285714 0.060935799782372145 0.20535714285714285
