54 0.04186046511627907 0.5256410256410257 0.08372093023255814 0.48717948717948717
104 0.12209302325581395 0.5064102564102564 0.04883720930232558 0.08974358974358974
168 0.19186046511627908 0.5192307692307692 0.05813953488372093 0.5256410256410257
209 0.2755813953488372 0.6153846153846154 0.08139534883720931 0.717948717948718
126 0.39651162790697675 0.5064102564102564 0.14651162790697675 0.5
126 0.5581395348837209 0.5 0.15348837209302324 0.5128205128205128
80 0.6825581395348838 0.5064102564102564 0.07674418604651162 0.5
186 0.7604651162790698 0.4358974358974359 0.05116279069767442 0.641025641025641
163 0.8290697674418605 0.49358974358974356 0.06744186046511627 0.5
105 0.891860465116279 0.3717948717948718 0.03953488372093023 0.7435897435897436
64 0.9593023255813954 0.5064102564102564 0.07209302325581396 0.5256410256410257
