108 0.0486223662884927 0.4702970297029703 0.0972447325769854 0.46534653465346537
41 0.21636952998379252 0.4306930693069307 0.13776337115072934 0.6435643564356436
6 0.293354943273906 0.7673267326732673 0.06482982171799027 0.42574257425742573
20 0.36142625607779577 0.5247524752475248 0.03889789303079416 0.8316831683168316
27 0.4505672609400324 0.4158415841584158 0.08427876823338736 0.6534653465346535
10 0.5324149108589951 0.7722772277227723 0.06320907617504051 0.39603960396039606
72 0.5923824959481361 0.7722772277227723 0.02431118314424635 0.2376237623762376
30 0.7017828200972447 0.43564356435643564 0.0972447325769854 0.6336633663366337
10 0.7811993517017828 0.7772277227722773 0.06482982171799027 0.40594059405940597
130 0.7957860615883305 0.26732673267326734 0.04538087520259319 0.27722772277227725
128 0.8646677471636952 0.2524752475247525 0.04700162074554295 0.04950495049504951
145 0.9205834683954619 0.19801980198019803 0.03241491085899514 0.39603960396039606
39 0.9781199351701783 0.5346534653465347 0.03727714748784441 0.8316831683168316
