149 0.031201248049921998 0.6703296703296704 0.062402496099843996 0.6153846153846154
211 0.0904836193447738 0.7142857142857143 0.046801872074883 0.46153846153846156
72 0.14586583463338534 0.8186813186813188 0.0171606864274571 0.27472527472527475
161 0.21528861154446177 0.6648351648351649 0.0530421216848674 0.6043956043956045
211 0.2667706708268331 0.7087912087912088 0.046801872074883 0.47252747252747257
108 0.3931357254290172 0.543956043956044 0.0717628705148206 0.5604395604395604
148 0.5358814352574103 0.027472527472527476 0.10140405616224649 0.05494505494505495
48 0.5343213728549142 0.46153846153846156 0.08892355694227769 0.6813186813186813
211 0.6131045241809673 0.7087912087912088 0.046801872074883 0.47252747252747257
84 0.7472698907956319 0.543956043956044 0.0842433697347894 0.2527472527472528
34 0.8962558502340094 0.5274725274725275 0.08892355694227769 0.8571428571428572
211 0.9734789391575663 0.7032967032967034 0.046801872074883 0.46153846153846156
