196 0.018853695324283562 0.5925925925925926 0.037707390648567124 0.48148148148148145
145 0.058069381598793365 0.75 0.010558069381598794 0.42592592592592593
64 0.09351432880844646 0.5648148148148148 0.03619909502262444 0.5
158 0.12895927601809956 0.2685185185185185 0.010558069381598794 0.2777777777777778
163 0.15309200603318251 0.28703703703703703 0.0196078431372549 0.38888888888888884
149 0.17496229260935145 0.2962962962962963 0.024132730015082957 0.4074074074074074
130 0.2028657616892911 0.12037037037037036 0.0196078431372549 0.24074074074074073
128 0.26621417797888386 0.5092592592592592 0.04675716440422323 0.09259259259259259
205 0.3476621417797889 0.5833333333333333 0.0497737556561086 0.5
85 0.4298642533936652 0.5092592592592592 0.05429864253393665 0.35185185185185186
53 0.5052790346907994 0.5740740740740741 0.0392156862745098 0.48148148148148145
155 0.576923076923077 0.4907407407407407 0.04675716440422323 0.5740740740740741
57 0.6478129713423831 0.4444444444444444 0.037707390648567124 0.7407407407407407
205 0.7051282051282052 0.5648148148148148 0.05279034690799397 0.4629629629629629
126 0.7933634992458523 0.5648148148148148 0.06334841628959276 0.5
141 0.8491704374057315 0.5555555555555556 0.0392156862745098 0.5185185185185185
75 0.8959276018099548 0.4629629629629629 0.04524886877828054 0.7407407407407407
154 0.9720965309200603 0.611111111111111 0.0497737556561086 0.4444444444444444
