14 0.05798479087452472 0.3588235294117647 0.11596958174904944 0.6705882352941176
141 0.1606463878326996 0.4588235294117647 0.07034220532319392 0.49411764705882355
126 0.26901140684410646 0.45294117647058824 0.1311787072243346 0.4823529411764706
6 0.37167300380228135 0.6647058823529411 0.055133079847908745 0.4823529411764706
211 0.4296577946768061 0.8529411764705882 0.026615969581749048 0.24705882352941178
20 0.49524714828897337 0.4647058823529412 0.028517110266159697 0.8352941176470589
0 0.5741444866920152 0.3411764705882353 0.10646387832699619 0.6823529411764706
211 0.6701520912547528 0.7 0.043726235741444866 0.4117647058823529
72 0.7167300380228137 0.7 0.022813688212927757 0.24705882352941178
3 0.8460076045627376 0.3411764705882353 0.11026615969581749 0.6588235294117647
211 0.9306083650190115 0.7 0.043726235741444866 0.4117647058823529
39 0.9800380228136882 0.44705882352941173 0.03231939163498099 0.8470588235294118
