11 0.026340996168582376 0.5 0.05268199233716475 0.5130434782608696
145 0.06513409961685823 0.808695652173913 0.017241379310344827 0.34782608695652173
20 0.06704980842911877 0.3173913043478261 0.019157088122605363 0.4782608695652174
113 0.09961685823754789 0.2782608695652174 0.032567049808429116 0.3652173913043478
39 0.13505747126436782 0.3130434782608696 0.017241379310344827 0.48695652173913045
84 0.2054597701149425 0.5217391304347826 0.048850574712643674 0.20869565217391306
11 0.28496168582375475 0.4826086956521739 0.05459770114942528 0.5130434782608696
145 0.3261494252873563 0.7739130434782608 0.018199233716475093 0.34782608695652173
70 0.39128352490421453 0.3782608695652174 0.02586206896551724 0.23478260869565218
11 0.4636015325670498 0.4652173913043478 0.05555555555555555 0.5130434782608696
20 0.5057471264367815 0.26521739130434785 0.019157088122605363 0.4782608695652174
145 0.5052681992337165 0.7565217391304347 0.016283524904214558 0.34782608695652173
113 0.5383141762452107 0.22608695652173913 0.032567049808429116 0.3652173913043478
128 0.5799808429118773 0.25217391304347825 0.039272030651340994 0.06956521739130435
145 0.6206896551724138 0.23478260869565218 0.017241379310344827 0.34782608695652173
39 0.6546934865900382 0.2608695652173913 0.018199233716475093 0.48695652173913045
72 0.6843869731800766 0.682608695652174 0.014367816091954023 0.2
11 0.7437739463601533 0.43478260869565216 0.05268199233716475 0.5217391304347826
20 0.7849616858237547 0.2391304347826087 0.018199233716475093 0.4782608695652174
145 0.7844827586206896 0.7217391304347827 0.017241379310344827 0.34782608695652173
211 0.8165708812260536 0.2217391304347826 0.02969348659003831 0.3565217391304348
39 0.8524904214559387 0.23478260869565218 0.017241379310344827 0.46956521739130436
84 0.9228927203065134 0.4391304347826087 0.048850574712643674 0.2
112 0.9837164750957854 0.4565217391304348 0.028735632183908046 0.6347826086956522
