205 0.029556650246305417 0.5481927710843374 0.059113300492610835 0.46987951807228917
145 0.08312807881773399 0.7650602409638555 0.023399014778325122 0.42168674698795183
72 0.11822660098522167 0.7951807228915663 0.014778325123152709 0.26506024096385544
119 0.20935960591133004 0.710843373493976 0.07635467980295567 0.12048192771084337
72 0.2727832512315271 0.7891566265060241 0.01600985221674877 0.27710843373493976
205 0.34667487684729065 0.5240963855421688 0.05788177339901478 0.46987951807228917
113 0.3934729064039409 0.7409638554216867 0.02832512315270936 0.42168674698795183
108 0.45320197044334976 0.5060240963855422 0.046798029556650245 0.4819277108433735
11 0.5344827586206896 0.39759036144578314 0.06403940886699508 0.674698795180723
130 0.5843596059113301 0.7951807228915663 0.02832512315270936 0.28915662650602414
176 0.6182266009852216 0.47590361445783136 0.029556650246305417 0.9036144578313253
96 0.6551724137931034 0.6024096385542169 0.03694581280788178 0.6506024096385542
64 0.6970443349753694 0.783132530120482 0.024630541871921183 0.28915662650602414
155 0.7450738916256158 0.7048192771084337 0.03940886699507389 0.39759036144578314
145 0.8017241379310345 0.7228915662650602 0.024630541871921183 0.43373493975903615
20 0.8472906403940886 0.46987951807228917 0.027093596059113302 0.8915662650602411
11 0.9008620689655172 0.3734939759036145 0.06280788177339902 0.674698795180723
130 0.9501231527093597 0.7771084337349398 0.02832512315270936 0.30120481927710846
39 0.9833743842364532 0.45180722891566266 0.02832512315270936 0.9036144578313253
