95 0.04642166344294004 0.6280487804878049 0.09284332688588008 0.6951219512195123
84 0.195357833655706 0.4634146341463415 0.10831721470019343 0.29268292682926833
57 0.3452611218568665 0.3719512195121951 0.07543520309477757 0.7439024390243902
207 0.4197292069632495 0.5060975609756098 0.08123791102514506 0.475609756097561
163 0.4816247582205029 0.701219512195122 0.04642166344294004 0.32926829268292684
155 0.5338491295938105 0.6280487804878049 0.058027079303675046 0.3780487804878049
145 0.5918762088974855 0.6219512195121951 0.027079303675048357 0.4878048780487805
155 0.7098646034816247 0.36585365853658536 0.08897485493230174 0.5365853658536586
53 0.8239845261121856 0.46951219512195125 0.0735009671179884 0.475609756097561
207 0.8984526112185687 0.475609756097561 0.07543520309477757 0.4634146341463415
163 0.971953578336557 0.6829268292682927 0.04835589941972921 0.34146341463414637
