3 0.037154989384288746 0.5 0.07430997876857749 0.6896551724137931
174 0.15711252653927812 0.5344827586206896 0.07643312101910828 0.27586206896551724
113 0.2632696390658174 0.48275862068965514 0.050955414012738856 0.6896551724137931
4 0.3205944798301486 0.5603448275862069 0.025477707006369428 0.8103448275862069
207 0.37048832271762205 0.5948275862068966 0.05732484076433121 0.46551724137931033
145 0.42356687898089174 0.75 0.014861995753715499 0.39655172413793105
5 0.4575371549893843 0.5603448275862069 0.027600849256900213 0.8103448275862069
4 0.4893842887473461 0.25862068965517243 0.014861995753715499 0.48275862068965514
145 0.529723991507431 0.23275862068965517 0.03184713375796178 0.43103448275862066
5 0.5498938428874734 0.25 0.012738853503184714 0.5
84 0.6284501061571125 0.5172413793103449 0.07218683651804671 0.27586206896551724
113 0.732484076433121 0.47413793103448276 0.050955414012738856 0.7068965517241379
4 0.7898089171974522 0.5517241379310345 0.025477707006369428 0.8275862068965517
207 0.8407643312101911 0.5948275862068966 0.055201698513800426 0.46551724137931033
5 0.8970276008492569 0.5517241379310345 0.027600849256900213 0.8275862068965517
4 0.9299363057324841 0.25 0.016985138004246284 0.5
145 0.9607218683651805 0.21551724137931033 0.014861995753715499 0.39655172413793105
5 0.9893842887473461 0.24137931034482757 0.012738853503184714 0.48275862068965514
