50 0.04449152542372881 0.42783505154639173 0.08898305084745763 0.6082474226804123
158 0.09887005649717515 0.211340206185567 0.019774011299435026 0.31958762886597936
84 0.20480225988700565 0.4896907216494845 0.07627118644067797 0.23711340206185566
207 0.3241525423728814 0.5309278350515464 0.05508474576271186 0.4020618556701031
130 0.3700564971751412 0.8092783505154639 0.03672316384180791 0.27835051546391754
128 0.3827683615819209 0.25257731958762886 0.05367231638418079 0.05154639175257732
145 0.4357344632768362 0.211340206185567 0.018361581920903956 0.422680412371134
20 0.481638418079096 0.5103092783505154 0.031073446327683614 0.7731958762886598
145 0.5310734463276836 0.4329896907216495 0.02824858757062147 0.5979381443298969
39 0.5798022598870056 0.5154639175257731 0.03248587570621469 0.7835051546391752
174 0.6956214689265536 0.4896907216494845 0.08333333333333333 0.422680412371134
0 0.8269774011299434 0.4329896907216495 0.0692090395480226 0.6185567010309279
113 0.8827683615819208 0.768041237113402 0.03672316384180791 0.422680412371134
130 0.8827683615819208 0.27835051546391754 0.03389830508474576 0.28865979381443296
128 0.9357344632768362 0.25773195876288657 0.052259887005649715 0.061855670103092786
145 0.9879943502824858 0.20618556701030927 0.018361581920903956 0.41237113402061853
