4 0.014960629921259842 0.5 0.029921259842519685 0.9036144578313253
96 0.05669291338582677 0.6325301204819277 0.050393700787401574 0.6626506024096386
64 0.11181102362204724 0.819277108433735 0.03779527559055118 0.3132530120481928
155 0.17716535433070865 0.7530120481927711 0.05511811023622047 0.42168674698795183
145 0.24960629921259841 0.7530120481927711 0.03307086614173228 0.44578313253012053
20 0.3094488188976378 0.49397590361445787 0.03937007874015748 0.9156626506024097
11 0.3779527559055118 0.4096385542168675 0.08188976377952756 0.674698795180723
39 0.4385826771653543 0.5 0.03622047244094488 0.9277108433734941
72 0.4795275590551181 0.7650602409638555 0.02047244094488189 0.27710843373493976
96 0.5543307086614173 0.6265060240963856 0.050393700787401574 0.674698795180723
64 0.6094488188976378 0.8012048192771085 0.03779527559055118 0.30120481927710846
155 0.6740157480314961 0.7409638554216867 0.05354330708661417 0.42168674698795183
145 0.7488188976377953 0.7530120481927711 0.03307086614173228 0.44578313253012053
20 0.8062992125984252 0.4879518072289157 0.03779527559055118 0.9759036144578314
11 0.8748031496062992 0.4096385542168675 0.08031496062992126 0.674698795180723
39 0.9354330708661417 0.4879518072289157 0.03779527559055118 0.9277108433734941
5 0.9826771653543307 0.4879518072289157 0.028346456692913385 0.9036144578313253
