208 0.020066889632107024 0.4764705882352941 0.04013377926421405 0.9058823529411765
113 0.05964325529542921 0.6352941176470588 0.03455964325529543 0.5176470588235293
108 0.14214046822742474 0.4647058823529412 0.05239687848383501 0.6235294117647059
45 0.2329988851727982 0.37058823529411766 0.06243032329988851 0.7176470588235294
207 0.27424749163879597 0.7176470588235294 0.033444816053511704 0.32941176470588235
113 0.31270903010033446 0.788235294117647 0.02564102564102564 0.3764705882352941
7 0.379041248606466 0.36470588235294116 0.0713489409141583 0.7294117647058823
64 0.43255295429208473 0.711764705882353 0.026755852842809364 0.3411764705882353
113 0.467670011148272 0.788235294117647 0.02564102564102564 0.3764705882352941
72 0.507803790412486 0.7588235294117647 0.012263099219620958 0.29411764705882354
113 0.572463768115942 0.36470588235294116 0.043478260869565216 0.7294117647058823
84 0.6588628762541806 0.4588235294117647 0.06020066889632107 0.2823529411764706
145 0.7452619843924192 0.38235294117647056 0.032329988851727984 0.6941176470588235
72 0.7798216276477146 0.7470588235294118 0.012263099219620958 0.29411764705882354
195 0.8316610925306578 0.37058823529411766 0.04013377926421405 0.7176470588235294
72 0.8678929765886287 0.7470588235294118 0.012263099219620958 0.29411764705882354
119 0.9515050167224081 0.6588235294117647 0.09253065774804906 0.1411764705882353
