20 0.02302025782688766 0.49689440993788814 0.04604051565377532 0.9937888198757763
154 0.13075506445672191 0.8850931677018633 0.0847145488029466 0.12422360248447203
211 0.1252302025782689 0.19875776397515527 0.06998158379373849 0.20496894409937888
211 0.1252302025782689 0.5232919254658385 0.06998158379373849 0.20186335403726707
211 0.4226519337016575 0.19875776397515527 0.0718232044198895 0.20496894409937888
211 0.423572744014733 0.8478260869565217 0.07366482504604052 0.20496894409937888
145 0.4208103130755065 0.5248447204968943 0.06077348066298343 0.19875776397515527
211 0.7117863720073665 0.8478260869565217 0.07550644567219153 0.20496894409937888
211 0.7127071823204421 0.5232919254658385 0.07734806629834254 0.20186335403726707
154 0.7182320441988951 0.23447204968944096 0.08839779005524862 0.12732919254658384
39 0.9751381215469613 0.49689440993788814 0.0423572744014733 0.9937888198757763
