11 0.06060606060606061 0.4113924050632911 0.12121212121212122 0.7215189873417721
176 0.1561771561771562 0.5063291139240507 0.055944055944055944 0.9367088607594937
35 0.2564102564102564 0.4050632911392405 0.12121212121212122 0.7088607594936709
104 0.3531468531468531 0.5 0.04895104895104895 0.08860759493670886
126 0.4603729603729604 0.46835443037974683 0.14219114219114218 0.5063291139240507
141 0.5874125874125874 0.47468354430379744 0.08857808857808858 0.5189873417721519
75 0.6911421911421911 0.37341772151898733 0.10023310023310024 0.7468354430379747
196 0.8123543123543123 0.4810126582278481 0.09090909090909091 0.4810126582278481
115 0.8881118881118881 0.3670886075949367 0.04195804195804196 0.7341772151898734
80 0.9603729603729604 0.4873417721518987 0.06993006993006994 0.49367088607594933
