163 0.016666666666666666 0.5650000000000001 0.03333333333333333 0.41000000000000003
84 0.09242424242424242 0.54 0.05555555555555555 0.24
4 0.16363636363636364 0.525 0.014141414141414142 0.89
17 0.2106060606060606 0.455 0.07171717171717172 0.63
20 0.26565656565656565 0.53 0.0202020202020202 0.86
7 0.31616161616161614 0.455 0.06464646464646465 0.63
211 0.36767676767676766 0.76 0.030303030303030304 0.44
158 0.3621212121212121 0.23 0.01717171717171717 0.32
169 0.401010101010101 0.64 0.0101010101010101 0.54
207 0.4494949494949495 0.5650000000000001 0.0404040404040404 0.41000000000000003
211 0.4904040404040404 0.675 0.031313131313131314 0.43
72 0.5237373737373737 0.775 0.011111111111111112 0.25
208 0.5742424242424242 0.54 0.03535353535353535 0.78
211 0.6085858585858586 0.67 0.031313131313131314 0.44
39 0.6454545454545455 0.53 0.0202020202020202 0.86
155 0.7141414141414142 0.53 0.05656565656565657 0.58
83 0.7858585858585858 0.56 0.03434343434343434 0.44
176 0.8267676767676768 0.525 0.03333333333333333 0.87
195 0.8686868686868687 0.46 0.03434343434343434 0.6
5 0.897979797979798 0.53 0.012121212121212121 0.88
128 0.9404040404040404 0.255 0.0404040404040404 0.07
145 0.9863636363636363 0.21 0.023232323232323233 0.42
