31 0.04060913705583756 0.6276595744680851 0.08121827411167512 0.6808510638297872
71 0.10850253807106598 0.7340425531914894 0.013959390862944161 0.46808510638297873
50 0.2049492385786802 0.6329787234042553 0.08502538071065989 0.648936170212766
191 0.3166243654822335 0.7234042553191489 0.052030456852791875 0.425531914893617
6 0.42068527918781723 0.6382978723404256 0.06979695431472081 0.6808510638297872
113 0.482233502538071 0.24468085106382978 0.03807106598984771 0.48936170212765956
167 0.5951776649746192 0.7287234042553191 0.09137055837563451 0.30851063829787234
51 0.7265228426395939 0.6382978723404256 0.06979695431472081 0.6595744680851063
191 0.8305837563451776 0.7234042553191489 0.052030456852791875 0.425531914893617
6 0.9346446700507614 0.6382978723404256 0.06979695431472081 0.6808510638297872
115 0.9873096446700507 0.24468085106382978 0.02030456852791878 0.48936170212765956
