149 0.019256308100929615 0.9 0.03851261620185923 0.1794871794871795
182 0.06640106241699867 0.40512820512820513 0.0849933598937583 0.4205128205128205
122 0.07901726427622842 0.8717948717948718 0.04382470119521912 0.2358974358974359
207 0.13612217795484727 0.8743589743589744 0.03851261620185923 0.13846153846153847
94 0.2589641434262948 0.4717948717948718 0.10889774236387781 0.03076923076923077
149 0.26759628154050463 0.7923076923076923 0.057104913678618856 0.28205128205128205
145 0.26626826029216466 0.15128205128205127 0.03851261620185923 0.30256410256410254
84 0.3857901726427623 0.4641025641025641 0.07304116865869853 0.1076923076923077
27 0.49933598937582996 0.4230769230769231 0.06640106241699867 0.30256410256410254
20 0.5564409030544488 0.45897435897435895 0.03187250996015936 0.39487179487179486
115 0.5889774236387781 0.4153846153846154 0.025232403718459494 0.29743589743589743
141 0.6321381142098274 0.4666666666666667 0.05046480743691899 0.20512820512820512
95 0.6905710491367861 0.5102564102564102 0.05843293492695883 0.2923076923076923
115 0.751660026560425 0.40512820512820513 0.026560424966799466 0.29743589743589743
141 0.796148738379814 0.4564102564102564 0.05179282868525896 0.20512820512820512
95 0.8572377158034528 0.5 0.0597609561752988 0.2923076923076923
207 0.9342629482071713 0.4564102564102564 0.054448871181938904 0.20512820512820512
39 0.9807436918990703 0.4461538461538462 0.033200531208499334 0.4
