89 0.04526315789473684 0.515625 0.09052631578947368 0.8229166666666666
195 0.11368421052631579 0.671875 0.05894736842105263 0.4270833333333333
20 0.1968421052631579 0.53125 0.04 0.8958333333333333
196 0.27789473684210525 0.5677083333333333 0.08842105263157894 0.40625
72 0.3526315789473684 0.7864583333333333 0.023157894736842106 0.26041666666666663
200 0.45052631578947366 0.5677083333333333 0.07157894736842105 0.40625
39 0.5284210526315789 0.5364583333333333 0.03789473684210526 0.8854166666666666
84 0.6968421052631579 0.546875 0.11368421052631579 0.23958333333333331
200 0.8736842105263157 0.5833333333333333 0.07578947368421052 0.41666666666666663
113 0.9621052631578947 0.234375 0.06736842105263158 0.46875
