23 0.021296296296296296 0.48750000000000004 0.04259259259259259 0.9750000000000001
80 0.08981481481481482 0.51875 0.05740740740740741 0.48750000000000004
105 0.14074074074074075 0.75 0.022222222222222223 0.45
72 0.18981481481481483 0.7937500000000001 0.020370370370370372 0.2625
89 0.2796296296296296 0.48750000000000004 0.0925925925925926 0.9500000000000001
105 0.3194444444444445 0.75 0.024074074074074074 0.45
71 0.3666666666666667 0.5125000000000001 0.018518518518518517 0.5
145 0.4953703703703704 0.39375000000000004 0.0462962962962963 0.7125
122 0.6083333333333334 0.50625 0.10185185185185186 0.8375
105 0.7111111111111111 0.41875 0.02962962962962963 0.6625000000000001
122 0.8074074074074075 0.5 0.10370370370370371 0.8500000000000001
163 0.9157407407407407 0.5125000000000001 0.05 0.47500000000000003
24 0.9750000000000001 0.48125 0.04259259259259259 0.9625
