57 0.033101045296167246 0.40659340659340665 0.06620209059233449 0.6593406593406594
158 0.08797909407665505 0.16483516483516486 0.02613240418118467 0.3296703296703297
145 0.09494773519163763 0.7362637362637363 0.01916376306620209 0.4395604395604396
72 0.14634146341463414 0.7472527472527473 0.024390243902439025 0.2417582417582418
119 0.26480836236933797 0.6813186813186813 0.13937282229965156 0.1098901098901099
72 0.3885017421602787 0.7582417582417583 0.024390243902439025 0.2417582417582418
57 0.46602787456445993 0.42307692307692313 0.06445993031358885 0.6703296703296704
130 0.5261324041811847 0.8241758241758242 0.04529616724738676 0.3076923076923077
158 0.5200348432055749 0.18131868131868134 0.02613240418118467 0.34065934065934067
128 0.5914634146341463 0.7967032967032968 0.06794425087108014 0.05494505494505495
195 0.6567944250871081 0.7527472527472528 0.04529616724738676 0.45054945054945056
97 0.8109756097560976 0.5109890109890111 0.09581881533101046 0.7582417582417583
211 0.9642857142857143 0.4340659340659341 0.06445993031358885 0.6483516483516484
