3 0.01408872901678657 0.5 0.02817745803357314 0.2753623188405797
54 0.03806954436450839 0.6618357487922705 0.013788968824940047 0.12560386473429952
20 0.0539568345323741 0.5314009661835749 0.014388489208633093 0.37681159420289856
207 0.07464028776978417 0.5410628019323671 0.023381294964028774 0.1932367149758454
72 0.09682254196642685 0.642512077294686 0.007793764988009592 0.11594202898550723
163 0.12499999999999999 0.538647342995169 0.01858513189448441 0.18840579710144928
39 0.14298561151079137 0.5289855072463768 0.014988009592326138 0.3719806763285024
84 0.2002398081534772 0.5193236714975845 0.03237410071942446 0.10144927536231883
154 0.25329736211031173 0.7946859903381642 0.023381294964028774 0.18840579710144928
94 0.2697841726618705 0.5265700483091788 0.04676258992805755 0.02898550724637681
175 0.26588729016786566 0.2246376811594203 0.020983213429256593 0.2946859903381642
195 0.27727817745803357 0.7125603864734299 0.014988009592326138 0.178743961352657
20 0.31984412470023976 0.5338164251207729 0.020983213429256593 0.9130434782608695
94 0.40227817745803357 0.5265700483091788 0.12470023980815347 0.03864734299516908
54 0.3516187050359712 0.78743961352657 0.023381294964028774 0.1932367149758454
207 0.3621103117505995 0.27294685990338163 0.025179856115107913 0.18840579710144928
54 0.38489208633093525 0.12801932367149757 0.015587529976019183 0.13043478260869565
155 0.4043764988009592 0.7777777777777778 0.02817745803357314 0.23188405797101447
155 0.40947242206235007 0.09903381642512077 0.019184652278177457 0.16908212560386474
145 0.43525179856115104 0.10144927536231883 0.01199040767386091 0.18357487922705312
145 0.44934052757793763 0.7439613526570048 0.01618705035971223 0.2801932367149758
39 0.4844124700239808 0.5217391304347826 0.019184652278177457 0.9178743961352657
163 0.5239808153477218 0.5241545893719807 0.017985611510791366 0.18840579710144928
128 0.5491606714628297 0.3502415458937198 0.021582733812949638 0.033816425120772944
195 0.5773381294964028 0.3502415458937198 0.015587529976019183 0.178743961352657
54 0.5971223021582733 0.38405797101449274 0.014388489208633093 0.12077294685990338
128 0.6214028776978416 0.35265700483091783 0.01858513189448441 0.02898550724637681
195 0.6474820143884892 0.3550724637681159 0.015587529976019183 0.178743961352657
155 0.7125299760191846 0.5169082125603864 0.02697841726618705 0.23188405797101447
27 0.7697841726618705 0.4830917874396135 0.029976019184652276 0.2801932367149758
20 0.8039568345323741 0.5289855072463768 0.019184652278177457 0.9130434782608695
94 0.8962829736211031 0.5144927536231884 0.1462829736211031 0.033816425120772944
207 0.842326139088729 0.26570048309178745 0.02398081534772182 0.1932367149758454
163 0.842925659472422 0.7850241545893719 0.017985611510791366 0.18840579710144928
195 0.8639088729016786 0.6859903381642511 0.015587529976019183 0.17391304347826086
54 0.8645083932853717 0.12318840579710144 0.015587529976019183 0.13043478260869565
54 0.8836930455635491 0.714975845410628 0.014388489208633093 0.12560386473429952
155 0.8890887290167865 0.09178743961352656 0.019184652278177457 0.17391304347826086
155 0.9073741007194244 0.6932367149758454 0.019784172661870502 0.16908212560386474
145 0.9154676258992805 0.09178743961352656 0.01199040767386091 0.18357487922705312
176 0.9325539568345323 0.11594202898550723 0.011390887290167864 0.23188405797101447
145 0.9334532374100719 0.7101449275362318 0.01199040767386091 0.18357487922705312
195 0.9508393285371702 0.0893719806763285 0.015587529976019183 0.178743961352657
39 0.9892086330935251 0.5096618357487922 0.019184652278177457 0.9130434782608695
