172 0.038128249566724434 0.47058823529411764 0.07625649913344887 0.49411764705882355
149 0.09618717504332755 0.7470588235294118 0.053726169844020795 0.4588235294117647
71 0.158578856152513 0.4823529411764706 0.019064124783362217 0.47058823529411764
6 0.2937608318890814 0.3764705882352941 0.09532062391681109 0.7058823529411764
4 0.3700173310225303 0.40588235294117647 0.025996533795493933 0.8117647058823529
210 0.4237435008665511 0.4823529411764706 0.06759098786828423 0.47058823529411764
5 0.4722703639514731 0.4117647058823529 0.025996533795493933 0.8
167 0.610051993067591 0.47058823529411764 0.13518197573656845 0.4235294117647059
6 0.7859618717504332 0.3764705882352941 0.09532062391681109 0.7058823529411764
4 0.8622183708838821 0.40588235294117647 0.025996533795493933 0.8117647058823529
149 0.9150779896013864 0.5705882352941176 0.07625649913344887 0.6470588235294118
5 0.9826689774696706 0.4117647058823529 0.02772963604852686 0.8
