196 0.02156549520766773 0.49193548387096775 0.04313099041533546 0.43548387096774194
145 0.06309904153354633 0.6290322580645161 0.011182108626198083 0.3870967741935484
64 0.09904153354632587 0.5 0.038338658146964855 0.4193548387096774
158 0.1389776357827476 0.21774193548387097 0.012779552715654952 0.24193548387096775
149 0.16293929712460065 0.2661290322580645 0.02875399361022364 0.3709677419354839
130 0.19408945686900958 0.11290322580645161 0.020766773162939296 0.22580645161290322
128 0.2619808306709265 0.43548387096774194 0.054313099041533544 0.0967741935483871
53 0.33546325878594246 0.5241935483870968 0.04153354632587859 0.43548387096774194
130 0.3738019169329073 0.7096774193548387 0.022364217252396165 0.25806451612903225
145 0.4001597444089457 0.8064516129032258 0.007987220447284345 0.3225806451612903
205 0.4464856230031949 0.5161290322580645 0.05591054313099041 0.4193548387096774
149 0.4984025559105431 0.27419354838709675 0.02875399361022364 0.3548387096774194
130 0.5295527156549521 0.12096774193548387 0.020766773162939296 0.2096774193548387
145 0.5599041533546326 0.25 0.011182108626198083 0.3064516129032258
85 0.6214057507987221 0.4435483870967742 0.05750798722044728 0.3064516129032258
211 0.6956869009584664 0.4193548387096774 0.039936102236421724 0.6451612903225806
126 0.7755591054313099 0.5080645161290323 0.06549520766773162 0.43548387096774194
141 0.8338658146964856 0.5 0.04153354632587859 0.45161290322580644
75 0.8825878594249201 0.4193548387096774 0.0463258785942492 0.6451612903225806
154 0.9672523961661341 0.5403225806451613 0.05910543130990415 0.4032258064516129
