64 0.02564102564102564 0.7074074074074075 0.05128205128205128 0.2740740740740741
101 0.09572649572649572 0.625925925925926 0.07179487179487179 0.4222222222222222
64 0.20256410256410257 0.7037037037037037 0.05299145299145299 0.2814814814814815
101 0.2726495726495726 0.6296296296296297 0.0735042735042735 0.41481481481481486
75 0.3435897435897436 0.8407407407407408 0.044444444444444446 0.24444444444444446
12 0.4358974358974359 0.6296296296296297 0.08547008547008547 0.42962962962962964
84 0.5700854700854701 0.6925925925925926 0.0905982905982906 0.12592592592592594
12 0.7213675213675214 0.6333333333333333 0.08547008547008547 0.4222222222222222
102 0.8418803418803419 0.15185185185185185 0.2717948717948718 0.3037037037037037
176 0.782051282051282 0.7000000000000001 0.035897435897435895 0.5703703703703704
4 0.8393162393162393 0.6962962962962963 0.037606837606837605 0.5333333333333333
12 0.9085470085470085 0.6296296296296297 0.08376068376068375 0.42962962962962964
5 0.9794871794871794 0.6925925925925926 0.03418803418803419 0.5259259259259259
