18 0.035172413793103444 0.41250000000000003 0.07034482758620689 0.75
20 0.10551724137931033 0.5 0.026206896551724135 0.9500000000000001
35 0.15999999999999998 0.41875 0.07724137931034482 0.7125
72 0.2158620689655172 0.7937500000000001 0.01793103448275862 0.2625
54 0.28413793103448276 0.53125 0.0496551724137931 0.48750000000000004
72 0.3255172413793103 0.7937500000000001 0.01655172413793103 0.2625
196 0.39241379310344826 0.525 0.051034482758620686 0.47500000000000003
39 0.4372413793103448 0.49375 0.02482758620689655 0.9625
73 0.5103448275862068 0.49375 0.07448275862068965 0.5875
18 0.603448275862069 0.4 0.06758620689655172 0.75
20 0.6737931034482758 0.48750000000000004 0.026206896551724135 0.9500000000000001
41 0.7213793103448275 0.3875 0.05517241379310345 0.7250000000000001
72 0.766206896551724 0.78125 0.015172413793103447 0.2625
59 0.8379310344827585 0.48125 0.0593103448275862 0.9625
72 0.8827586206896552 0.775 0.01655172413793103 0.275
200 0.9448275862068964 0.5125000000000001 0.041379310344827586 0.47500000000000003
39 0.9848275862068965 0.47500000000000003 0.02482758620689655 0.9500000000000001
