75 0.024163568773234202 0.37341772151898733 0.048327137546468404 0.7468354430379747
80 0.07063197026022305 0.49367088607594933 0.03965303593556382 0.5063291139240507
186 0.11152416356877323 0.4240506329113924 0.0322180916976456 0.6708860759493671
57 0.1771995043370508 0.37974683544303794 0.042131350681536554 0.7594936708860759
84 0.2534076827757125 0.46835443037974683 0.06567534076827757 0.25316455696202533
20 0.32032218091697645 0.4810126582278481 0.023543990086741018 0.9620253164556962
75 0.362453531598513 0.37341772151898733 0.048327137546468404 0.7468354430379747
80 0.41016109045848825 0.49367088607594933 0.03965303593556382 0.5063291139240507
186 0.4516728624535316 0.4240506329113924 0.033457249070631974 0.6708860759493671
57 0.5154894671623296 0.3924050632911392 0.042131350681536554 0.7594936708860759
39 0.5551425030978935 0.4873417721518987 0.022304832713754646 0.9746835443037974
54 0.5848822800495663 0.21518987341772153 0.027261462205700124 0.3037974683544304
20 0.6381660470879802 0.49367088607594933 0.024783147459727387 0.9620253164556962
25 0.6964064436183396 0.3987341772151899 0.07930607187112763 0.7468354430379747
163 0.7589838909541512 0.5189873417721519 0.03593556381660471 0.5063291139240507
75 0.8085501858736059 0.3924050632911392 0.05080545229244114 0.7594936708860759
196 0.885997521685254 0.5253164556962026 0.04460966542750929 0.49367088607594933
39 0.9244114002478315 0.49367088607594933 0.022304832713754646 0.9620253164556962
71 0.9919454770755887 0.5063291139240507 0.011152416356877323 0.5063291139240507
