33 0.040644171779141106 0.398876404494382 0.08128834355828221 0.6853932584269663
145 0.11733128834355828 0.6573033707865168 0.032208588957055216 0.4606741573033708
204 0.1664110429447853 0.4887640449438202 0.007668711656441718 0.9775280898876404
96 0.2200920245398773 0.6235955056179775 0.06288343558282208 0.6179775280898876
71 0.2883435582822086 0.5280898876404494 0.015337423312883436 0.42696629213483145
96 0.3857361963190184 0.6292134831460674 0.06288343558282208 0.6292134831460674
167 0.5299079754601227 0.4943820224719101 0.10889570552147239 0.33707865168539325
13 0.674079754601227 0.4044943820224719 0.06595092024539878 0.696629213483146
64 0.7369631901840491 0.7303370786516854 0.0352760736196319 0.3146067415730337
65 0.8412576687116564 0.4550561797752809 0.07208588957055215 0.6179775280898876
41 0.9601226993865031 0.398876404494382 0.0736196319018405 0.7303370786516854
