13 0.042490118577075096 0.39805825242718446 0.08498023715415019 0.6019417475728155
83 0.12747035573122528 0.7475728155339805 0.0533596837944664 0.3106796116504854
145 0.13241106719367587 0.20388349514563106 0.03952569169960474 0.4077669902912621
211 0.18873517786561264 0.8252427184466019 0.04545454545454545 0.3106796116504854
84 0.3468379446640316 0.4660194174757281 0.10869565217391304 0.23300970873786406
23 0.49999999999999994 0.4514563106796116 0.05533596837944664 0.8446601941747572
149 0.5790513833992095 0.5631067961165048 0.08300395256916995 0.5436893203883495
84 0.7341897233201581 0.45631067961165045 0.10869565217391304 0.23300970873786406
211 0.8853754940711462 0.38834951456310673 0.07114624505928853 0.6019417475728155
24 0.9683794466403162 0.4514563106796116 0.05533596837944664 0.8446601941747572
