204 0.0028312570781426957 0.48936170212765956 0.005662514156285391 0.9148936170212766
210 0.0622876557191393 0.5159574468085106 0.03397508493771235 0.4148936170212766
155 0.09852774631936581 0.6968085106382979 0.027180067950169876 0.26595744680851063
20 0.14099660249150625 0.5053191489361702 0.023782559456398643 0.8404255319148936
115 0.18006795016987542 0.4095744680851064 0.020385050962627407 0.6276595744680851
39 0.2157417893544734 0.48936170212765956 0.023782559456398643 0.8297872340425532
204 0.2610419026047565 0.5 0.005662514156285391 0.9574468085106382
98 0.34824462061155154 0.4787234042553191 0.08267270668176671 0.7659574468085106
145 0.4388448471121178 0.4095744680851064 0.035107587768969425 0.5851063829787234
72 0.4733861834654587 0.7340425531914894 0.01812004530011325 0.2765957446808511
204 0.5436013590033976 0.5 0.006795016987542469 0.9574468085106382
210 0.6019252548131371 0.5053191489361702 0.03284258210645527 0.4148936170212766
128 0.6370328425821065 0.6914893617021276 0.028312570781426957 0.06382978723404255
20 0.680634201585504 0.5 0.02491506228765572 0.851063829787234
115 0.7191392978482447 0.39893617021276595 0.020385050962627407 0.6276595744680851
39 0.7548131370328426 0.4734042553191489 0.023782559456398643 0.8404255319148936
204 0.7995469988674972 0.4787234042553191 0.006795016987542469 0.9574468085106382
122 0.8856172140430352 0.46808510638297873 0.08154020385050963 0.7659574468085106
145 0.9807474518686298 0.4148936170212766 0.03397508493771235 0.5744680851063829
