154 0.017871326449563144 0.5182926829268293 0.03574265289912629 0.475609756097561
20 0.05361397934868943 0.48170731707317077 0.019857029388403495 0.9390243902439025
57 0.08419380460683082 0.38414634146341464 0.03018268467037331 0.7439024390243902
34 0.1278792692613185 0.5 0.046068308181096106 0.951219512195122
128 0.19976171564733913 0.4268292682926829 0.040508339952343125 0.07317073170731708
34 0.27918983320095314 0.5 0.045274027005559964 0.951219512195122
39 0.3204924543288324 0.48170731707317077 0.019857029388403495 0.9390243902439025
84 0.3796664019062748 0.4207317073170732 0.042891183478951544 0.25609756097560976
154 0.4507545671167593 0.5121951219512195 0.03574265289912629 0.4634146341463415
20 0.4861000794281175 0.475609756097561 0.019062748212867353 0.951219512195122
57 0.517474185861795 0.3719512195121951 0.03097696584590945 0.7439024390243902
34 0.5611596505162827 0.4878048780487805 0.045274027005559964 0.951219512195122
39 0.6036536934074662 0.4878048780487805 0.019062748212867353 0.951219512195122
84 0.6624305003971406 0.4207317073170732 0.042891183478951544 0.25609756097560976
154 0.7323272438443208 0.5121951219512195 0.03494837172359015 0.4634146341463415
20 0.767275615567911 0.48170731707317077 0.019062748212867353 0.9390243902439025
34 0.8097696584590944 0.4878048780487805 0.045274027005559964 0.951219512195122
39 0.8510722795869737 0.475609756097561 0.019857029388403495 0.951219512195122
84 0.9110405083399523 0.4207317073170732 0.042891183478951544 0.25609756097560976
143 0.9789515488482923 0.5060975609756098 0.03891977760127085 0.475609756097561
