204 0.007882882882882882 0.4831460674157303 0.015765765765765764 0.9662921348314606
75 0.08558558558558559 0.398876404494382 0.0945945945945946 0.7078651685393258
160 0.19144144144144143 0.4831460674157303 0.11711711711711711 0.8539325842696629
115 0.2747747747747748 0.6460674157303371 0.03153153153153153 0.4831460674157303
20 0.35135135135135137 0.4887640449438202 0.04954954954954955 0.9550561797752809
210 0.43243243243243246 0.5280898876404494 0.07657657657657657 0.449438202247191
39 0.5123873873873874 0.4943820224719101 0.0472972972972973 0.9662921348314606
204 0.5788288288288288 0.4887640449438202 0.013513513513513514 0.9775280898876404
167 0.7601351351351351 0.5 0.15990990990990991 0.3258426966292135
145 0.963963963963964 0.42696629213483145 0.06306306306306306 0.651685393258427
