17 0.04918032786885246 0.4375 0.09836065573770492 0.8194444444444444
145 0.12220566318926974 0.7291666666666666 0.020864381520119227 0.4861111111111111
158 0.1780923994038748 0.19444444444444442 0.01639344262295082 0.3055555555555555
155 0.2965722801788376 0.4097222222222222 0.08643815201192251 0.8194444444444444
17 0.4366616989567809 0.4375 0.09836065573770492 0.8194444444444444
195 0.507451564828614 0.7013888888888888 0.028315946348733235 0.5138888888888888
158 0.5655737704918032 0.18055555555555555 0.01639344262295082 0.3055555555555555
84 0.6833084947839047 0.40277777777777773 0.08792846497764531 0.3333333333333333
17 0.8226527570789866 0.4305555555555555 0.09836065573770492 0.8055555555555555
126 0.9090909090909091 0.7708333333333333 0.05365126676602086 0.3472222222222222
105 0.9470938897168405 0.6944444444444444 0.01639344262295082 0.5
130 0.9783904619970194 0.7708333333333333 0.037257824143070044 0.3472222222222222
