11 0.05249343832020997 0.4019607843137255 0.10498687664041995 0.803921568627451
84 0.1942257217847769 0.45098039215686275 0.08398950131233596 0.27450980392156865
20 0.30577427821522307 0.49019607843137253 0.03937007874015748 0.9411764705882353
11 0.39238845144356954 0.4019607843137255 0.10761154855643044 0.803921568627451
145 0.458005249343832 0.7156862745098039 0.01837270341207349 0.45098039215686275
72 0.5026246719160105 0.803921568627451 0.023622047244094488 0.27450980392156865
119 0.6430446194225722 0.7352941176470588 0.16272965879265092 0.13725490196078433
72 0.7572178477690289 0.803921568627451 0.023622047244094488 0.27450980392156865
11 0.8700787401574803 0.4117647058823529 0.10236220472440945 0.7843137254901961
163 0.9278215223097113 0.7843137254901961 0.03412073490813648 0.3137254901960784
39 0.9763779527559056 0.5 0.03674540682414698 0.9215686274509803
