161 0.017507723995880534 0.4159663865546218 0.03501544799176107 0.24369747899159663
102 0.018537590113285273 0.24369747899159663 0.024716786817713696 0.058823529411764705
20 0.05664263645726055 0.3634453781512605 0.014418125643666322 0.2899159663865546
210 0.08805355303810504 0.3907563025210084 0.03810504634397528 0.1680672268907563
39 0.11688980432543769 0.36554621848739494 0.01544799176107106 0.2857142857142857
84 0.18640576725025745 0.3907563025210084 0.05767250257466529 0.09243697478991596
94 0.282183316168898 0.38235294117647056 0.05767250257466529 0.025210084033613446
130 0.282183316168898 0.6407563025210083 0.055612770339855816 0.1722689075630252
145 0.282183316168898 0.1134453781512605 0.026776519052523172 0.226890756302521
149 0.34603501544799176 0.8991596638655461 0.032955715756951595 0.15966386554621848
128 0.3867147270854789 0.8151260504201681 0.03192584963954686 0.01680672268907563
145 0.42070030895983523 0.8025210084033613 0.01544799176107106 0.13445378151260504
20 0.44799176107106076 0.8655462184873949 0.010298661174047374 0.20168067226890757
210 0.4716786817713697 0.8823529411764706 0.026776519052523172 0.11764705882352941
39 0.4922760041194644 0.8655462184873949 0.010298661174047374 0.20168067226890757
84 0.5247167868177137 0.8823529411764706 0.042224510813594233 0.06722689075630252
182 0.574150360453141 0.38865546218487396 0.11431513903192585 0.49159663865546216
23 0.5592173017507723 0.8802521008403361 0.014418125643666322 0.21428571428571427
208 0.5901132852729145 0.8739495798319328 0.028836251287332644 0.20168067226890757
145 0.6179196704428425 0.9222689075630252 0.016477857878475798 0.13865546218487396
72 0.646755921730175 0.9516806722689075 0.008238928939237899 0.07983193277310924
119 0.6797116374871266 0.9285714285714285 0.0411946446961895 0.03361344537815126
72 0.7121524201853758 0.9495798319327731 0.007209062821833161 0.07563025210084033
208 0.738928939237899 0.8697478991596638 0.029866117404737384 0.20168067226890757
130 0.7708547888774459 0.9306722689075629 0.03192584963954686 0.10504201680672269
24 0.8027806385169928 0.8781512605042017 0.01544799176107106 0.21008403361344538
161 0.8553038105046343 0.4264705882352941 0.03810504634397528 0.2394957983193277
20 0.8975283213182286 0.37184873949579833 0.01544799176107106 0.2899159663865546
208 0.9346035015447991 0.384453781512605 0.042224510813594233 0.2899159663865546
112 0.9634397528321318 0.47058823529411764 0.013388259526261586 0.21008403361344538
39 0.9907312049433573 0.37184873949579833 0.014418125643666322 0.2899159663865546
