84 0.034193548387096775 0.46951219512195125 0.06838709677419355 0.25609756097560976
119 0.15483870967741936 0.676829268292683 0.08258064516129032 0.13414634146341464
196 0.23806451612903226 0.49390243902439024 0.05290322580645161 0.475609756097561
113 0.2793548387096774 0.7317073170731707 0.03225806451612903 0.43902439024390244
20 0.3232258064516129 0.48170731707317077 0.03225806451612903 0.9390243902439025
207 0.3690322580645161 0.4878048780487805 0.0567741935483871 0.4878048780487805
130 0.4135483870967742 0.8048780487804879 0.02967741935483871 0.3170731707317073
155 0.46903225806451615 0.725609756097561 0.04258064516129032 0.4268292682926829
145 0.5264516129032258 0.7378048780487805 0.025806451612903226 0.45121951219512196
207 0.5948387096774194 0.5060975609756098 0.0567741935483871 0.475609756097561
130 0.6393548387096775 0.8109756097560976 0.02967741935483871 0.32926829268292684
39 0.672258064516129 0.475609756097561 0.02838709677419355 0.951219512195122
64 0.7096774193548387 0.18902439024390244 0.03096774193548387 0.3048780487804878
113 0.7451612903225806 0.34756097560975613 0.03225806451612903 0.32926829268292684
128 0.7980645161290323 0.12804878048780488 0.04258064516129032 0.06097560975609756
53 0.8509677419354839 0.1951219512195122 0.02967741935483871 0.3170731707317073
113 0.8864516129032258 0.3536585365853659 0.03354838709677419 0.3170731707317073
119 0.9567741935483871 0.6951219512195123 0.08129032258064516 0.12195121951219512
