3 0.05611222444889779 0.36538461538461536 0.11222444889779558 0.7307692307692307
104 0.1412825651302605 0.532051282051282 0.03406813627254509 0.08974358974358974
80 0.2064128256513026 0.5 0.06412825651302605 0.48717948717948717
161 0.2945891783567134 0.6089743589743589 0.08416833667334668 0.7307692307692307
196 0.3817635270541082 0.49358974358974356 0.08617234468937875 0.47435897435897434
105 0.4488977955911823 0.3717948717948718 0.044088176352705406 0.717948717948718
200 0.5170340681362725 0.5 0.08416833667334668 0.4615384615384615
53 0.6022044088176353 0.49358974358974356 0.07014028056112225 0.47435897435897434
115 0.6633266533066132 0.358974358974359 0.04008016032064128 0.717948717948718
80 0.722444889779559 0.49358974358974356 0.06613226452905811 0.47435897435897434
130 0.8026052104208417 0.48717948717948717 0.08617234468937875 0.4615384615384615
64 0.8887775551102204 0.4807692307692307 0.06212424849699398 0.47435897435897434
80 0.9629258517034067 0.48717948717948717 0.06613226452905811 0.48717948717948717
