0 0.019850187265917602 0.38095238095238093 0.039700374531835204 0.6904761904761905
20 0.06179775280898877 0.5119047619047619 0.014232209737827716 0.9285714285714285
113 0.09438202247191012 0.369047619047619 0.02696629213483146 0.6666666666666666
39 0.1254681647940075 0.4880952380952381 0.015730337078651686 0.9285714285714285
3 0.16516853932584272 0.375 0.038202247191011236 0.6785714285714285
20 0.20449438202247192 0.5 0.0149812734082397 0.9285714285714285
128 0.25205992509363295 0.5 0.06367041198501873 0.07142857142857142
113 0.3153558052434457 0.375 0.02696629213483146 0.6785714285714285
39 0.3456928838951311 0.4880952380952381 0.015730337078651686 0.9285714285714285
128 0.4116104868913858 0.5 0.06217228464419476 0.047619047619047616
0 0.4794007490636704 0.375 0.040449438202247195 0.7023809523809523
20 0.5224719101123596 0.494047619047619 0.015730337078651686 0.9404761904761905
128 0.5685393258426966 0.4880952380952381 0.06292134831460675 0.07142857142857142
113 0.6322097378277154 0.3630952380952381 0.02696629213483146 0.6785714285714285
39 0.6629213483146068 0.47619047619047616 0.01647940074906367 0.9285714285714285
3 0.7033707865168539 0.3630952380952381 0.03895131086142322 0.6785714285714285
20 0.7430711610486892 0.47619047619047616 0.0149812734082397 0.9285714285714285
113 0.7760299625468166 0.3571428571428571 0.02696629213483146 0.6666666666666666
39 0.8063670411985019 0.4583333333333333 0.015730337078651686 0.9166666666666666
84 0.8707865168539326 0.47023809523809523 0.05767790262172285 0.20238095238095238
195 0.9322097378277154 0.39285714285714285 0.024719101123595506 0.6428571428571428
105 0.9584269662921349 0.34523809523809523 0.017228464419475654 0.6904761904761905
113 0.9850187265917604 0.35119047619047616 0.02696629213483146 0.6785714285714285
