20 0.015806988352745424 0.5463917525773195 0.03161397670549085 0.865979381443299
148 0.09983361064891848 0.061855670103092786 0.11647254575707155 0.061855670103092786
7 0.09900166389351082 0.4690721649484536 0.1048252911813644 0.6288659793814433
211 0.18801996672212978 0.7010309278350515 0.04991680532445924 0.4536082474226804
74 0.2820299500831947 0.5257731958762887 0.08153078202995008 0.5567010309278351
148 0.39683860232945095 0.05670103092783505 0.11813643926788686 0.07216494845360824
7 0.3976705490848586 0.4587628865979381 0.1064891846921797 0.6288659793814433
39 0.48169717138103163 0.5412371134020618 0.03161397670549085 0.8556701030927835
20 0.5341098169717138 0.29896907216494845 0.02329450915141431 0.5979381443298969
126 0.608153078202995 0.3247422680412371 0.09151414309484193 0.27835051546391754
39 0.6797004991680533 0.29896907216494845 0.02495840266222962 0.5979381443298969
65 0.7678868552412645 0.5051546391752577 0.07820299500831947 0.5567010309278351
148 0.8843594009983361 0.05670103092783505 0.11480865224625625 0.07216494845360824
7 0.8835274542429284 0.4690721649484536 0.1064891846921797 0.6288659793814433
211 0.9717138103161398 0.6958762886597938 0.04991680532445924 0.44329896907216493
