41 0.045 0.43902439024390244 0.09 0.7073170731707318
20 0.147 0.5060975609756098 0.038 0.9390243902439025
113 0.232 0.3902439024390244 0.07200000000000001 0.6829268292682927
39 0.314 0.4878048780487805 0.04 0.926829268292683
84 0.483 0.5304878048780488 0.154 0.20731707317073172
80 0.646 0.5304878048780488 0.052000000000000005 0.475609756097561
195 0.709 0.24390243902439024 0.042 0.36585365853658536
105 0.764 0.2621951219512195 0.036000000000000004 0.4268292682926829
76 0.8160000000000001 0.24390243902439024 0.044 0.4878048780487805
20 0.873 0.2804878048780488 0.022 0.5121951219512195
113 0.928 0.2621951219512195 0.056 0.4268292682926829
39 0.983 0.28658536585365857 0.026000000000000002 0.5
