50 0.024381095273818456 0.4782608695652174 0.04876219054763691 0.6521739130434783
45 0.05926481620405102 0.22826086956521738 0.025506376594148537 0.45652173913043476
84 0.11477869467366843 0.532608695652174 0.042010502625656414 0.2608695652173913
41 0.17404351087771944 0.483695652173913 0.027006751687921982 0.7065217391304348
149 0.2051762940735184 0.6467391304347826 0.0277569392348087 0.6630434782608695
80 0.23593398349587397 0.5543478260869565 0.024756189047261817 0.4782608695652174
113 0.30345086271567895 0.44565217391304346 0.029257314328582147 0.6521739130434783
4 0.3293323330832708 0.5380434782608695 0.015003750937734435 0.8369565217391304
207 0.350337584396099 0.5543478260869565 0.03150787696924231 0.43478260869565216
145 0.3765941485371343 0.6793478260869565 0.010502625656414103 0.44565217391304346
5 0.40097524381095273 0.5434782608695652 0.015753938484621154 0.8260869565217391
72 0.42010502625656415 0.7826086956521738 0.010502625656414103 0.2391304347826087
48 0.4696174043510878 0.44565217391304346 0.037509377344336084 0.6304347826086957
84 0.5258814703675919 0.5217391304347826 0.04351087771942986 0.2608695652173913
41 0.5847711927981996 0.4782608695652174 0.0277569392348087 0.6956521739130435
149 0.6162790697674418 0.6413043478260869 0.0277569392348087 0.6521739130434783
80 0.6470367591897974 0.5489130434782609 0.024756189047261817 0.46739130434782605
113 0.7149287321830458 0.45652173913043476 0.028507126781695424 0.6521739130434783
4 0.7396849212303076 0.5489130434782609 0.015003750937734435 0.8369565217391304
207 0.7603150787696924 0.5652173913043478 0.03225806451612903 0.43478260869565216
195 0.7865716429107277 0.6847826086956521 0.018754688672168042 0.45652173913043476
72 0.8072018004501126 0.8043478260869565 0.012003000750187547 0.2391304347826087
119 0.8589647411852963 0.7391304347826086 0.06001500375093774 0.10869565217391304
72 0.9122280570142536 0.7989130434782609 0.010502625656414103 0.25
207 0.9422355588897224 0.5706521739130435 0.03000750187546887 0.42391304347826086
130 0.9684921230307577 0.7717391304347826 0.019504876219054765 0.30434782608695654
5 0.990622655663916 0.5543478260869565 0.015753938484621154 0.8260869565217391
