4 0.01425438596491228 0.5254237288135594 0.02850877192982456 0.8135593220338984
161 0.07236842105263158 0.652542372881356 0.06140350877192982 0.6271186440677966
186 0.12719298245614036 0.5169491525423728 0.03070175438596491 0.559322033898305
20 0.17543859649122806 0.5254237288135594 0.03070175438596491 0.7796610169491526
3 0.24232456140350875 0.4576271186440678 0.08114035087719298 0.6779661016949152
12 0.33114035087719296 0.2033898305084746 0.05263157894736842 0.4067796610169492
145 0.319078947368421 0.7203389830508474 0.015350877192982455 0.3898305084745763
145 0.37609649122807015 0.3983050847457627 0.010964912280701754 0.3220338983050847
39 0.4089912280701754 0.5508474576271186 0.03289473684210526 0.7966101694915254
71 0.4506578947368421 0.559322033898305 0.019736842105263157 0.4745762711864407
161 0.5285087719298245 0.652542372881356 0.06140350877192982 0.6271186440677966
186 0.5800438596491228 0.5084745762711864 0.03289473684210526 0.576271186440678
20 0.6195175438596491 0.5338983050847458 0.03289473684210526 0.7966101694915254
3 0.6875 0.4661016949152542 0.08114035087719298 0.6610169491525424
12 0.7741228070175438 0.2033898305084746 0.05263157894736842 0.4067796610169492
39 0.831140350877193 0.5423728813559322 0.03070175438596491 0.8135593220338984
5 0.8695175438596491 0.5084745762711864 0.02850877192982456 0.8135593220338984
84 0.9605263157894737 0.5 0.07017543859649122 0.2542372881355932
