161 0.03634361233480177 0.6101694915254238 0.07268722466960353 0.4745762711864407
108 0.19162995594713658 0.521186440677966 0.10132158590308371 0.4491525423728814
60 0.37885462555066085 0.5084745762711864 0.13656387665198239 0.7457627118644068
130 0.5011013215859031 0.8050847457627118 0.0814977973568282 0.23728813559322035
195 0.4955947136563877 0.18220338983050846 0.061674008810572695 0.3644067796610169
130 0.5803964757709251 0.25 0.0814977973568282 0.2457627118644068
155 0.6068281938325992 0.7923728813559322 0.09471365638766521 0.3813559322033898
145 0.7059471365638768 0.75 0.04625550660792952 0.3474576271186441
7 0.8623348017621146 0.4533898305084746 0.13876651982378857 0.5338983050847458
112 0.9647577092511014 0.6864406779661016 0.061674008810572695 0.4576271186440678
