196 0.010574018126888218 0.5168539325842696 0.021148036253776436 0.42696629213483145
113 0.029959718026183284 0.6629213483146067 0.013595166163141994 0.4044943820224719
20 0.04984894259818731 0.5280898876404494 0.01107754279959718 0.898876404494382
207 0.07099697885196375 0.5224719101123595 0.02014098690835851 0.4382022471910112
39 0.09113796576032225 0.5056179775280899 0.01107754279959718 0.8764044943820224
84 0.13569989929506546 0.5280898876404494 0.03877139979859013 0.1797752808988764
20 0.17925478348439072 0.5224719101123595 0.010070493454179255 0.8876404494382022
195 0.19964753272910374 0.42696629213483145 0.01661631419939577 0.6067415730337078
176 0.22104733131923465 0.5224719101123595 0.01812688821752266 0.8202247191011236
154 0.2416918429003021 0.5842696629213483 0.021148036253776436 0.33707865168539325
39 0.263091641490433 0.5112359550561798 0.010574018126888218 0.8876404494382022
195 0.28197381671701915 0.449438202247191 0.010070493454179255 0.24719101123595505
94 0.28197381671701915 0.3033707865168539 0.010070493454179255 0.0449438202247191
145 0.28197381671701915 0.16853932584269662 0.010070493454179255 0.2247191011235955
20 0.30060422960725075 0.5224719101123595 0.01107754279959718 0.8876404494382022
195 0.32099697885196377 0.43258426966292135 0.01661631419939577 0.6179775280898876
105 0.33862034239677746 0.4044943820224719 0.011581067472306143 0.651685393258427
39 0.3549848942598187 0.5056179775280899 0.01107754279959718 0.8764044943820224
128 0.37462235649546827 0.3033707865168539 0.012084592145015106 0.06741573033707865
145 0.38872104733131924 0.2696629213483146 0.010070493454179255 0.33707865168539325
23 0.4065961732124874 0.5 0.012588116817724069 0.8876404494382022
80 0.4259818731117825 0.5168539325842696 0.014098690835850957 0.42696629213483145
105 0.4415911379657603 0.2808988764044944 0.00906344410876133 0.4044943820224719
76 0.45367573011077544 0.2584269662921348 0.013091641490433032 0.449438202247191
20 0.4690332326283988 0.28651685393258425 0.006545820745216516 0.4831460674157303
113 0.4823766364551863 0.2640449438202247 0.013091641490433032 0.3932584269662921
39 0.49672708962739176 0.2752808988764045 0.006545820745216516 0.4831460674157303
196 0.5171198388721048 0.5 0.02215508559919436 0.4382022471910112
20 0.540281973816717 0.4887640449438202 0.010070493454179255 0.8876404494382022
207 0.5614300100704934 0.4943820224719101 0.02014098690835851 0.42696629213483145
72 0.5762839879154078 0.7359550561797753 0.008559919436052367 0.3033707865168539
113 0.6024672708962739 0.38202247191011235 0.01863041289023162 0.651685393258427
39 0.6231117824773413 0.46629213483146065 0.010574018126888218 0.8651685393258427
128 0.6671701913393756 0.4831460674157303 0.04229607250755287 0.06741573033707865
80 0.7064451158106747 0.4887640449438202 0.014098690835850957 0.4382022471910112
128 0.7215508559919436 0.2752808988764045 0.012084592145015106 0.056179775280898875
105 0.7361530715005036 0.25280898876404495 0.00906344410876133 0.4157303370786517
76 0.748992950654582 0.2247191011235955 0.011581067472306143 0.449438202247191
20 0.7633434038267876 0.2584269662921348 0.006042296072507553 0.47191011235955055
113 0.7769385699899295 0.23595505617977527 0.014098690835850957 0.4044943820224719
39 0.7910372608257804 0.2584269662921348 0.006042296072507553 0.47191011235955055
196 0.8109264853977844 0.46629213483146065 0.020644511581067473 0.4382022471910112
20 0.8345921450151057 0.4831460674157303 0.010574018126888218 0.898876404494382
207 0.8557401812688822 0.47191011235955055 0.01863041289023162 0.42696629213483145
72 0.8705941591137966 0.7247191011235955 0.008056394763343404 0.3033707865168539
128 0.9081067472306144 0.47752808988764045 0.042799597180261835 0.07865168539325842
113 0.9496475327291037 0.348314606741573 0.019133937562940583 0.651685393258427
39 0.9702920443101712 0.449438202247191 0.01107754279959718 0.8764044943820224
24 0.9929506545820745 0.4550561797752809 0.012084592145015106 0.8876404494382022
