89 0.03632760898282695 0.5459770114942528 0.0726552179656539 0.8620689655172413
56 0.09841479524438573 0.3390804597701149 0.043593130779392336 0.42528735632183906
20 0.14729194187582562 0.5114942528735632 0.02774108322324967 0.8390804597701149
17 0.2093791281373844 0.4540229885057471 0.08850726552179657 0.6781609195402298
126 0.2846763540290621 0.7471264367816092 0.046235138705416116 0.27586206896551724
105 0.31836195508586523 0.6839080459770115 0.013210039630118891 0.40229885057471265
130 0.34544253632760896 0.7471264367816092 0.03302509907529723 0.27586206896551724
39 0.3910171730515192 0.5114942528735632 0.02906208718626156 0.8160919540229885
155 0.49207397622192867 0.4540229885057471 0.07793923381770146 0.7011494252873564
182 0.6162483487450462 0.39655172413793105 0.06737120211360634 0.7931034482758621
105 0.6664464993394981 0.6896551724137931 0.017173051519154558 0.3908045977011494
84 0.7100396301188904 0.6724137931034483 0.046235138705416116 0.1724137931034483
145 0.7569352708058125 0.6954022988505747 0.015852047556142668 0.40229885057471265
130 0.7939233817701453 0.367816091954023 0.031704095112285335 0.25287356321839083
17 0.8830911492734478 0.45977011494252873 0.08850726552179657 0.6896551724137931
45 0.9583883751651255 0.6896551724137931 0.04095112285336856 0.41379310344827586
105 0.988110964332893 0.7758620689655172 0.018494055482166448 0.40229885057471265
