6 0.047495682210708115 0.48888888888888893 0.09499136442141623 0.7111111111111111
56 0.12867012089810018 0.1388888888888889 0.039723661485319514 0.2777777777777778
104 0.18911917098445594 0.5833333333333334 0.03626943005181347 0.1
64 0.24611398963730569 0.5833333333333334 0.056994818652849735 0.5
141 0.31951640759930916 0.5833333333333334 0.0690846286701209 0.5
126 0.4248704663212435 0.5722222222222223 0.11744386873920552 0.4777777777777778
149 0.5302245250431779 0.6555555555555556 0.07599309153713299 0.6444444444444445
141 0.6139896373056994 0.5777777777777778 0.07081174438687392 0.48888888888888893
130 0.6968911917098445 0.5666666666666667 0.07426597582037996 0.4666666666666667
80 0.772020725388601 0.5777777777777778 0.055267702936096716 0.48888888888888893
130 0.849740932642487 0.5611111111111111 0.07599309153713299 0.4777777777777778
186 0.9162348877374784 0.5166666666666667 0.04317789291882556 0.5888888888888889
168 0.9732297063903281 0.5666666666666667 0.046632124352331605 0.48888888888888893
