49 0.0625 0.49082568807339455 0.125 0.5963302752293578
190 0.06034482758620689 0.05504587155963303 0.040229885057471264 0.09174311926605505
145 0.1285919540229885 0.798165137614679 0.030172413793103446 0.3669724770642202
20 0.17600574712643677 0.5688073394495413 0.035919540229885055 0.7706422018348624
168 0.23922413793103448 0.5825688073394496 0.05028735632183908 0.3944954128440367
39 0.30028735632183906 0.5688073394495413 0.031609195402298854 0.7706422018348624
128 0.36135057471264365 0.2981651376146789 0.041666666666666664 0.045871559633027525
145 0.410919540229885 0.24770642201834864 0.031609195402298854 0.3669724770642202
166 0.45186781609195403 0.6513761467889909 0.05603448275862069 0.5321100917431193
20 0.514367816091954 0.555045871559633 0.031609195402298854 0.7798165137614679
200 0.5854885057471264 0.573394495412844 0.05028735632183908 0.3944954128440367
39 0.6451149425287356 0.5504587155963303 0.034482758620689655 0.7706422018348624
49 0.7485632183908046 0.47247706422018354 0.12643678160919541 0.5963302752293578
190 0.7471264367816092 0.045871559633027525 0.040229885057471264 0.09174311926605505
145 0.8160919540229885 0.7752293577981652 0.028735632183908046 0.3577981651376147
20 0.8613505747126436 0.5412844036697249 0.033045977011494254 0.7706422018348624
168 0.9216954022988506 0.5642201834862386 0.04741379310344827 0.3944954128440367
39 0.9806034482758621 0.5412844036697249 0.033045977011494254 0.7706422018348624
