28 0.026943005181347148 0.38764044943820225 0.053886010362694296 0.7078651685393258
200 0.07512953367875648 0.7191011235955056 0.03005181347150259 0.3146067415730337
84 0.16321243523316062 0.5 0.05906735751295337 0.2584269662921348
75 0.24922279792746113 0.4044943820224719 0.04248704663212435 0.696629213483146
201 0.3010362694300518 0.6179775280898876 0.05492227979274611 0.6292134831460674
200 0.3487046632124352 0.7359550561797753 0.03212435233160622 0.3033707865168539
20 0.3922279792746114 0.4943820224719101 0.021761658031088083 0.9662921348314606
46 0.44145077720207254 0.398876404494382 0.058031088082901555 0.7303370786516854
200 0.4917098445595855 0.7191011235955056 0.03005181347150259 0.3146067415730337
39 0.5316062176165803 0.47752808988764045 0.020725388601036267 0.9550561797752809
178 0.6124352331606218 0.4887640449438202 0.05181347150259067 0.5955056179775281
28 0.7046632124352331 0.38202247191011235 0.053886010362694296 0.7191011235955056
65 0.7865284974093264 0.4438202247191011 0.049740932642487044 0.6179775280898876
45 0.8683937823834197 0.398876404494382 0.058031088082901555 0.6853932584269663
7 0.9357512953367875 0.38202247191011235 0.06632124352331606 0.696629213483146
64 0.9854922279792746 0.7247191011235955 0.024870466321243522 0.3258426966292135
