50 0.06037735849056604 0.478494623655914 0.12075471698113208 0.6344086021505377
84 0.2349056603773585 0.5161290322580645 0.1 0.23655913978494625
59 0.4028301886792453 0.5537634408602151 0.09622641509433963 0.8494623655913979
143 0.5028301886792453 0.5967741935483871 0.09245283018867925 0.41935483870967744
191 0.6641509433962264 0.5161290322580645 0.09811320754716982 0.5376344086021506
20 0.7594339622641509 0.2795698924731183 0.03207547169811321 0.5376344086021506
195 0.8047169811320755 0.21505376344086025 0.0509433962264151 0.4301075268817205
143 0.8547169811320755 0.11290322580645162 0.04528301886792453 0.1827956989247312
39 0.9037735849056604 0.2795698924731183 0.033962264150943396 0.5376344086021506
195 0.9613207547169811 0.4516129032258065 0.06981132075471698 0.6666666666666667
