168 0.025408348457350273 0.5180722891566265 0.050816696914700546 0.4819277108433735
145 0.07985480943738657 0.6927710843373495 0.032667876588021776 0.3493975903614458
20 0.14882032667876588 0.5060240963855422 0.03629764065335753 0.9397590361445783
207 0.22323049001814882 0.5 0.06896551724137931 0.44578313253012053
72 0.2803992740471869 0.7650602409638555 0.02722323049001815 0.3253012048192771
115 0.3629764065335753 0.3734939759036145 0.032667876588021776 0.6987951807228916
39 0.4201451905626134 0.4819277108433735 0.038112522686025406 0.9397590361445783
72 0.48275862068965514 0.7590361445783133 0.029038112522686024 0.3132530120481928
168 0.5825771324863883 0.47590361445783136 0.050816696914700546 0.46987951807228917
195 0.6379310344827586 0.6506024096385542 0.038112522686025406 0.3614457831325301
20 0.7068965517241379 0.47590361445783136 0.038112522686025406 0.9518072289156627
207 0.7822141560798548 0.46385542168674704 0.06896551724137931 0.44578313253012053
72 0.836660617059891 0.7409638554216867 0.029038112522686024 0.30120481927710846
115 0.9201451905626133 0.3493975903614458 0.032667876588021776 0.6987951807228916
39 0.9773139745916515 0.47590361445783136 0.038112522686025406 0.9277108433734941
