3 0.016738995660260384 0.4779411764705882 0.03347799132052077 0.27941176470588236
54 0.042467451952882825 0.6495098039215687 0.016738995660260384 0.1323529411764706
20 0.06013639181649101 0.5122549019607843 0.016119032858028518 0.3872549019607843
207 0.08245505269683819 0.5269607843137255 0.02479851208927464 0.20098039215686275
72 0.1041537507749535 0.6323529411764706 0.008679479231246125 0.11764705882352941
14 0.1398016119032858 0.4779411764705882 0.040297582145071294 0.2892156862745098
39 0.16862988220706757 0.5196078431372549 0.016119032858028518 0.38235294117647056
84 0.21047737135771852 0.5098039215686274 0.034097954122752634 0.10784313725490197
154 0.2606943583384997 0.7941176470588235 0.025418474891506507 0.19607843137254902
94 0.27712337259764414 0.517156862745098 0.050836949783013015 0.03431372549019608
175 0.2805331680099194 0.20833333333333334 0.02169869807811531 0.29901960784313725
195 0.2864228146311221 0.6691176470588235 0.01735895846249225 0.19117647058823528
20 0.328580285182889 0.5269607843137255 0.021078735275883446 0.9264705882352942
94 0.4110353378797272 0.5269607843137255 0.12647241165530068 0.044117647058823525
54 0.3601983880967142 0.7867647058823529 0.02355858648481091 0.20098039215686275
207 0.374767513949163 0.2647058823529412 0.025418474891506507 0.19607843137254902
54 0.39739615623062613 0.125 0.016119032858028518 0.1323529411764706
155 0.41258524488530685 0.7818627450980392 0.029138251704897703 0.24019607843137256
155 0.4225046497210167 0.08823529411764705 0.02045877247365158 0.1764705882352941
145 0.45009299442033474 0.09313725490196079 0.013639181649101053 0.18627450980392157
145 0.4593924364538127 0.7475490196078431 0.018598884066955982 0.2892156862745098
39 0.4934903905765654 0.5245098039215687 0.021078735275883446 0.9215686274509803
212 0.5331680099194048 0.5196078431372549 0.019838809671419714 0.3627450980392157
20 0.5536267823930564 0.5220588235294118 0.01735895846249225 0.39705882352941174
93 0.5743955362678239 0.4877450980392157 0.024178549287042776 0.29901960784313725
54 0.6004339739615623 0.5318627450980392 0.024178549287042776 0.20098039215686275
155 0.6487910725356478 0.5220588235294118 0.029138251704897703 0.24019607843137256
93 0.6921884686918784 0.4877450980392157 0.025418474891506507 0.2892156862745098
39 0.71264724116553 0.5294117647058824 0.015499070055796652 0.38235294117647056
155 0.7569745815251084 0.5269607843137255 0.028518288902665837 0.23039215686274508
27 0.8065716057036577 0.4877450980392157 0.032238065716057036 0.2892156862745098
20 0.8335399876007439 0.5294117647058824 0.015499070055796652 0.38235294117647056
207 0.8555486670799751 0.5392156862745098 0.02479851208927464 0.19607843137254902
54 0.8778673279603223 0.3995098039215686 0.016119032858028518 0.1323529411764706
155 0.9029758214507129 0.3602941176470588 0.02045877247365158 0.1715686274509804
145 0.930254184748915 0.3627450980392157 0.013019218846869187 0.18627450980392157
176 0.948543087414755 0.3897058823529412 0.01239925604463732 0.24019607843137256
195 0.967451952882827 0.3627450980392157 0.016738995660260384 0.1764705882352941
39 0.990700557966522 0.5416666666666666 0.016119032858028518 0.37745098039215685
