8 0.0606694560669456 0.398876404494382 0.1213389121338912 0.7078651685393258
163 0.16422594142259414 0.8258426966292135 0.05230125523012552 0.3033707865168539
56 0.1694560669456067 0.2303370786516854 0.046025104602510455 0.2584269662921348
84 0.3294979079497908 0.4943820224719101 0.11087866108786609 0.24719101123595505
8 0.5177824267782426 0.38764044943820225 0.12343096234309622 0.7078651685393258
163 0.6202928870292886 0.7303370786516854 0.05230125523012552 0.3146067415730337
58 0.707112970711297 0.4831460674157303 0.06276150627615062 0.9662921348314606
23 0.7939330543933054 0.4887640449438202 0.0606694560669456 0.9775280898876404
211 0.8817991631799162 0.42134831460674155 0.07740585774058577 0.6853932584269663
24 0.9675732217573221 0.4831460674157303 0.05648535564853556 0.9662921348314606
