11 0.03986928104575163 0.4276315789473684 0.07973856209150326 0.8026315789473684
189 0.09215686274509803 0.6644736842105263 0.027450980392156862 0.48684210526315785
91 0.1241830065359477 0.6644736842105263 0.02875816993464052 0.48684210526315785
56 0.17516339869281045 0.26973684210526316 0.04444444444444444 0.513157894736842
72 0.22156862745098038 0.8223684210526315 0.01699346405228758 0.3026315789473684
11 0.30588235294117644 0.41447368421052627 0.08104575163398692 0.8026315789473684
145 0.36013071895424836 0.6578947368421052 0.01699346405228758 0.47368421052631576
175 0.3934640522875817 0.6644736842105263 0.02875816993464052 0.4605263157894737
56 0.44313725490196076 0.2631578947368421 0.04444444444444444 0.5
72 0.4888888888888889 0.8026315789473684 0.01568627450980392 0.2894736842105263
11 0.5725490196078431 0.40789473684210525 0.08104575163398692 0.7894736842105263
195 0.626797385620915 0.6447368421052632 0.027450980392156862 0.5
91 0.6581699346405229 0.638157894736842 0.03006535947712418 0.48684210526315785
56 0.7091503267973855 0.256578947368421 0.0457516339869281 0.513157894736842
72 0.7555555555555555 0.7894736842105263 0.01568627450980392 0.2894736842105263
11 0.8385620915032679 0.40789473684210525 0.07973856209150326 0.7894736842105263
195 0.892156862745098 0.638157894736842 0.027450980392156862 0.48684210526315785
170 0.9254901960784313 0.6184210526315789 0.0261437908496732 0.47368421052631576
56 0.9751633986928104 0.25 0.04444444444444444 0.5
