89 0.016469038208168644 0.5175438596491228 0.03293807641633729 0.894736842105263
158 0.04413702239789197 0.2543859649122807 0.00922266139657444 0.2631578947368421
20 0.06455862977602109 0.5175438596491228 0.01844532279314888 0.8596491228070176
45 0.10869565217391305 0.4473684210526315 0.0461133069828722 0.6842105263157894
39 0.1482213438735178 0.5263157894736842 0.022397891963109356 0.8421052631578947
84 0.20355731225296445 0.47368421052631576 0.043478260869565216 0.2807017543859649
89 0.2635046113306983 0.5175438596491228 0.034255599472990776 0.894736842105263
20 0.2964426877470356 0.5175438596491228 0.01844532279314888 0.8245614035087718
45 0.34057971014492755 0.45614035087719296 0.0461133069828722 0.7017543859649122
39 0.38076416337285907 0.5350877192982456 0.021080368906455864 0.8245614035087718
128 0.43280632411067194 0.5087719298245614 0.043478260869565216 0.10526315789473684
95 0.4927536231884058 0.6491228070175439 0.03689064558629776 0.631578947368421
20 0.5270092226613966 0.5350877192982456 0.01844532279314888 0.8245614035087718
20 0.552042160737813 0.5175438596491228 0.01844532279314888 0.8245614035087718
53 0.5876152832674572 0.5701754385964912 0.034255599472990776 0.47368421052631576
176 0.6179183135704875 0.49122807017543857 0.01844532279314888 0.8070175438596491
57 0.652832674571805 0.4473684210526315 0.03557312252964427 0.7192982456140351
39 0.6903820816864296 0.5263157894736842 0.021080368906455864 0.8421052631578947
149 0.7206851119894598 0.2982456140350877 0.023715415019762848 0.38596491228070173
128 0.7496706192358367 0.07894736842105263 0.01844532279314888 0.05263157894736842
126 0.7799736495388669 0.12280701754385964 0.02635046113306983 0.24561403508771928
45 0.8320158102766799 0.45614035087719296 0.0461133069828722 0.7017543859649122
149 0.8748353096179183 0.2982456140350877 0.023715415019762848 0.38596491228070173
130 0.9018445322793149 0.12280701754385964 0.017127799736495388 0.24561403508771928
128 0.9262187088274045 0.08771929824561403 0.021080368906455864 0.07017543859649122
126 0.9578392621870884 0.11403508771929824 0.02635046113306983 0.22807017543859648
39 0.9874835309617919 0.5263157894736842 0.019762845849802372 0.8421052631578947
