212 0.02064516129032258 0.5530973451327433 0.04129032258064516 0.6283185840707964
145 0.06580645161290323 0.8008849557522124 0.025806451612903226 0.36283185840707965
72 0.11419354838709678 0.747787610619469 0.01935483870967742 0.20353982300884954
212 0.18451612903225806 0.5486725663716814 0.04129032258064516 0.6371681415929203
195 0.23032258064516128 0.7876106194690266 0.03741935483870968 0.37168141592920356
108 0.3258064516129032 0.49557522123893805 0.06580645161290323 0.46017699115044247
6 0.42516129032258065 0.47787610619469023 0.05806451612903226 0.5132743362831859
58 0.47677419354838707 0.4557522123893805 0.03741935483870968 0.5575221238938053
148 0.5309677419354839 0.03982300884955752 0.07612903225806451 0.07964601769911504
7 0.5296774193548387 0.48672566371681414 0.06838709677419355 0.5132743362831859
163 0.584516129032258 0.8230088495575221 0.03354838709677419 0.2654867256637168
72 0.6187096774193548 0.747787610619469 0.016774193548387096 0.18584070796460178
212 0.6890322580645162 0.5442477876106194 0.04129032258064516 0.6283185840707964
145 0.7335483870967742 0.7920353982300885 0.024516129032258065 0.36283185840707965
135 0.8361290322580646 0.49557522123893805 0.07483870967741936 0.5132743362831859
212 0.9341935483870968 0.5442477876106194 0.04129032258064516 0.6283185840707964
195 0.9787096774193549 0.7876106194690266 0.03741935483870968 0.35398230088495575
