20 0.021739130434782608 0.48404255319148937 0.043478260869565216 0.9680851063829787
47 0.15810276679841895 0.39361702127659576 0.13833992094861658 0.7446808510638298
20 0.25395256916996045 0.48936170212765956 0.04150197628458498 0.9574468085106382
189 0.3428853754940711 0.3829787234042553 0.07312252964426877 0.7446808510638298
39 0.4130434782608695 0.49468085106382975 0.043478260869565216 0.9468085106382979
72 0.47727272727272724 0.7819148936170213 0.02569169960474308 0.26595744680851063
47 0.6531620553359684 0.39893617021276595 0.13636363636363635 0.7553191489361702
20 0.7470355731225296 0.49468085106382975 0.043478260869565216 0.9680851063829787
145 0.8369565217391304 0.3882978723404255 0.06916996047430829 0.7340425531914894
39 0.9100790513833992 0.49468085106382975 0.04150197628458498 0.9680851063829787
39 0.9743083003952568 0.5 0.043478260869565216 0.9574468085106382
