155 0.04294478527607362 0.4819277108433735 0.08588957055214724 0.8674698795180723
168 0.13865030674846626 0.4879518072289157 0.0343558282208589 0.46987951807228917
145 0.17546012269938652 0.674698795180723 0.024539877300613498 0.3614457831325301
20 0.2226993865030675 0.49397590361445787 0.025766871165644172 0.963855421686747
207 0.2730061349693252 0.4879518072289157 0.04785276073619632 0.44578313253012053
72 0.30981595092024544 0.7650602409638555 0.018404907975460124 0.3253012048192771
116 0.37484662576687117 0.427710843373494 0.04785276073619632 0.6385542168674699
39 0.4251533742331289 0.47590361445783136 0.025766871165644172 0.9518072289156627
168 0.47361963190184053 0.49397590361445787 0.0343558282208589 0.4819277108433735
195 0.5098159509202455 0.674698795180723 0.025766871165644172 0.3614457831325301
20 0.558282208588957 0.4879518072289157 0.024539877300613498 0.9518072289156627
209 0.6079754601226994 0.6024096385542169 0.04539877300613497 0.674698795180723
72 0.643558282208589 0.7530120481927711 0.018404907975460124 0.30120481927710846
116 0.7085889570552147 0.427710843373494 0.04539877300613497 0.6144578313253012
39 0.7588957055214725 0.47590361445783136 0.025766871165644172 0.9277108433734941
39 0.8134969325153375 0.46987951807228917 0.026993865030674847 0.9397590361445783
24 0.8693251533742332 0.4819277108433735 0.030674846625766874 0.9397590361445783
75 0.9251533742331289 0.3734939759036145 0.046625766871165646 0.6987951807228916
209 0.9748466257668712 0.6024096385542169 0.04539877300613497 0.6987951807228916
