20 0.0060591371788657295 0.46590909090909094 0.012118274357731459 0.8863636363636364
6 0.02714493456131847 0.35795454545454547 0.02714493456131847 0.6931818181818182
115 0.045807077072224915 0.3522727272727273 0.009209888511875909 0.7045454545454546
74 0.0879786718371304 0.4375 0.02956858943286476 0.7386363636363636
23 0.13184682501211828 0.48295454545454547 0.012603005332040718 0.9431818181818182
153 0.15341735336888027 0.5 0.022782355792535142 0.7727272727272727
20 0.17159476490547748 0.4545454545454546 0.012603005332040718 0.8863636363636364
54 0.1909840038778478 0.48863636363636365 0.02035870092098885 0.4318181818181818
39 0.20988851187590887 0.46022727272727276 0.012603005332040718 0.875
71 0.22443044110518662 0.4715909090909091 0.005816771691711101 0.46590909090909094
54 0.2566650508967523 0.48863636363636365 0.019873969946679594 0.4318181818181818
108 0.2998061076102763 0.4147727272727273 0.025690741638390694 0.5795454545454546
53 0.3393116820164809 0.4772727272727273 0.019389238972370337 0.4545454545454546
24 0.3611245758603975 0.48863636363636365 0.011633543383422202 0.9318181818181819
39 0.3773630634997577 0.46022727272727276 0.011148812409112942 0.875
65 0.41250605913717886 0.4772727272727273 0.025206010664081437 0.6136363636363636
20 0.4486185167232186 0.46022727272727276 0.012118274357731459 0.875
6 0.46921958313136214 0.36363636363636365 0.02714493456131847 0.7045454545454546
115 0.4888511875908871 0.35795454545454547 0.009209888511875909 0.7159090909090909
74 0.5305380513814834 0.44886363636363635 0.02956858943286476 0.7386363636363636
23 0.5748909355307804 0.48863636363636365 0.012603005332040718 0.9318181818181819
153 0.5962190984003878 0.5227272727272727 0.022297624818225885 0.7727272727272727
20 0.6139117789626758 0.4772727272727273 0.013087736306349976 0.8863636363636364
54 0.6347552108579738 0.5 0.02084343189529811 0.4318181818181818
39 0.6541444498303441 0.4772727272727273 0.011148812409112942 0.8863636363636364
71 0.6682016480853127 0.4772727272727273 0.0053320407174018425 0.4772727272727273
54 0.7009209888511876 0.5 0.02035870092098885 0.4318181818181818
108 0.7440620455647117 0.42045454545454547 0.02617547261269995 0.5909090909090909
114 0.78429471643238 0.4943181818181818 0.017450315075133303 0.4431818181818182
128 0.82355792535143 0.4090909090909091 0.025206010664081437 0.06818181818181818
53 0.8650024236548716 0.48863636363636365 0.019873969946679594 0.4545454545454546
24 0.8865729520116336 0.5056818181818182 0.011633543383422202 0.9431818181818182
39 0.9030538051381484 0.4715909090909091 0.011633543383422202 0.875
84 0.9389238972370335 0.4147727272727273 0.02617547261269995 0.23863636363636365
82 0.9844886088221038 0.4090909090909091 0.029083858458555503 0.7045454545454546
