45 0.0363013698630137 0.39634146341463417 0.0726027397260274 0.6951219512195123
153 0.1178082191780822 0.475609756097561 0.06027397260273973 0.951219512195122
20 0.18424657534246575 0.48170731707317077 0.026027397260273973 0.9390243902439025
126 0.2410958904109589 0.5121951219512195 0.07671232876712329 0.4634146341463415
72 0.29383561643835615 0.7682926829268293 0.01780821917808219 0.2682926829268293
130 0.36095890410958903 0.5182926829268293 0.050684931506849315 0.475609756097561
39 0.40616438356164386 0.48170731707317077 0.026027397260273973 0.9390243902439025
84 0.47876712328767124 0.475609756097561 0.07534246575342465 0.24390243902439024
153 0.5732876712328767 0.5 0.06164383561643836 0.951219512195122
20 0.6390410958904109 0.49390243902439024 0.026027397260273973 0.9390243902439025
130 0.6835616438356165 0.5304878048780488 0.049315068493150684 0.475609756097561
72 0.7253424657534246 0.7865853658536586 0.01780821917808219 0.25609756097560976
126 0.8047945205479452 0.5365853658536586 0.07808219178082192 0.4634146341463415
39 0.8616438356164383 0.5060975609756098 0.0273972602739726 0.9390243902439025
54 0.8972602739726028 0.2378048780487805 0.03287671232876713 0.3048780487804878
196 0.9712328767123288 0.5426829268292683 0.052054794520547946 0.475609756097561
