117 0.006073752711496746 0.4716981132075472 0.012147505422993492 0.679245283018868
45 0.03297180043383948 0.449685534591195 0.026030368763557483 0.39622641509433965
20 0.053796095444685464 0.4748427672955975 0.010412147505422993 0.6100628930817611
95 0.07765726681127982 0.5817610062893082 0.020824295010845987 0.39622641509433965
39 0.09934924078091106 0.4779874213836478 0.010412147505422993 0.6163522012578617
153 0.1229934924078091 0.5314465408805031 0.020390455531453362 0.4591194968553459
72 0.14295010845986983 0.669811320754717 0.005639913232104121 0.15723270440251574
153 0.16702819956616052 0.5314465408805031 0.020824295010845987 0.4591194968553459
164 0.18720173535791756 0.4811320754716981 0.012581344902386117 0.6729559748427674
84 0.22711496746203905 0.4779874213836478 0.02386117136659436 0.12578616352201258
117 0.26594360086767893 0.4716981132075472 0.013015184381778741 0.8050314465408805
45 0.2937093275488069 0.449685534591195 0.025162689804772233 0.39622641509433965
20 0.313882863340564 0.4716981132075472 0.009978308026030369 0.6163522012578617
75 0.33665943600867676 0.44339622641509435 0.020824295010845987 0.42138364779874216
163 0.3546637744034707 0.7075471698113208 0.00911062906724512 0.169811320754717
39 0.3702819956616052 0.4748427672955975 0.009978308026030369 0.6100628930817611
153 0.39414316702819957 0.5220125786163522 0.02125813449023861 0.46540880503144655
105 0.410412147505423 0.6729559748427674 0.006073752711496746 0.2389937106918239
72 0.4234273318872017 0.6635220125786164 0.006073752711496746 0.15723270440251574
153 0.447939262472885 0.5251572327044025 0.020390455531453362 0.4591194968553459
112 0.4613882863340564 0.7106918238993711 0.012581344902386117 0.3144654088050315
164 0.47592190889370933 0.46855345911949686 0.012147505422993492 0.7987421383647799
84 0.5160520607375271 0.46540880503144655 0.02386117136659436 0.12578616352201258
110 0.561822125813449 0.4937106918238994 0.026898047722342732 0.9874213836477987
117 0.602819956616052 0.46226415094339623 0.013449023861171366 0.7987421383647799
45 0.6308026030368763 0.44339622641509435 0.025162689804772233 0.39622641509433965
20 0.6509761388286334 0.46855345911949686 0.009978308026030369 0.6100628930817611
75 0.6735357917570498 0.4371069182389937 0.019522776572668113 0.42138364779874216
163 0.6906724511930585 0.6981132075471699 0.009544468546637744 0.16352201257861637
39 0.7060737527114967 0.46855345911949686 0.009978308026030369 0.6100628930817611
153 0.7292841648590022 0.5157232704402516 0.020824295010845987 0.46540880503144655
105 0.7453362255965292 0.6603773584905661 0.006073752711496746 0.2389937106918239
20 0.7616052060737527 0.46226415094339623 0.010845986984815618 0.6100628930817611
207 0.7837310195227766 0.5062893081761006 0.020390455531453362 0.27044025157232704
39 0.806290672451193 0.46540880503144655 0.009978308026030369 0.6163522012578617
72 0.8216919739696312 0.6540880503144655 0.005206073752711497 0.15094339622641512
153 0.8457700650759219 0.5094339622641509 0.020390455531453362 0.46540880503144655
112 0.8585683297180043 0.6949685534591196 0.012147505422993492 0.3207547169811321
20 0.8770065075921909 0.4559748427672956 0.009978308026030369 0.6100628930817611
207 0.8991323210412147 0.5031446540880503 0.02125813449023861 0.2641509433962264
39 0.9219088937093275 0.4559748427672956 0.010412147505422993 0.6100628930817611
164 0.9401301518438178 0.4528301886792453 0.012147505422993492 0.7924528301886793
75 0.9711496746203904 0.42138364779874216 0.020390455531453362 0.41509433962264153
207 0.9891540130151844 0.4937106918238994 0.019956616052060738 0.27044025157232704
