64 0.014448336252189142 0.5897435897435898 0.028896672504378284 0.48717948717948717
145 0.04553415061295972 0.717948717948718 0.008756567425569177 0.4358974358974359
56 0.07355516637478109 0.3141025641025641 0.028021015761821366 0.47435897435897434
20 0.10288966725043783 0.5128205128205128 0.016637478108581436 0.923076923076923
189 0.13266199649737304 0.4615384615384615 0.03064798598949212 0.7435897435897436
91 0.16943957968476359 0.4423076923076923 0.03239929947460596 0.7564102564102564
39 0.2009632224168126 0.49358974358974356 0.01838879159369527 0.9102564102564102
84 0.2679509632224168 0.42948717948717946 0.05253940455341506 0.34615384615384615
64 0.3362521891418564 0.5705128205128205 0.028021015761821366 0.5
145 0.3660245183887916 0.6987179487179487 0.008756567425569177 0.4230769230769231
56 0.3944833625218914 0.2948717948717949 0.028896672504378284 0.48717948717948717
20 0.4233800350262697 0.4807692307692307 0.016637478108581436 0.9358974358974359
145 0.45446584938704027 0.4358974358974359 0.021015761821366025 0.7435897435897436
175 0.4916812609457093 0.41025641025641024 0.03064798598949212 0.7692307692307692
39 0.5214535901926445 0.4807692307692307 0.01838879159369527 0.8846153846153846
84 0.5888791593695272 0.3974358974358974 0.05166374781085814 0.3333333333333333
64 0.6567425569176882 0.532051282051282 0.028021015761821366 0.5
145 0.6873905429071804 0.673076923076923 0.008756567425569177 0.4487179487179487
56 0.7158493870402802 0.2692307692307692 0.028896672504378284 0.48717948717948717
20 0.7447460595446584 0.4551282051282051 0.016637478108581436 0.9102564102564102
195 0.7762697022767076 0.41025641025641024 0.03064798598949212 0.7692307692307692
91 0.8126094570928196 0.391025641025641 0.03152364273204904 0.7564102564102564
39 0.8432574430823118 0.4551282051282051 0.017513134851138354 0.9102564102564102
84 0.910245183887916 0.3782051282051282 0.05166374781085814 0.3205128205128205
211 0.9820490367775832 0.3974358974358974 0.03239929947460596 0.7692307692307692
