200 0.022123893805309734 0.5304878048780488 0.04424778761061947 0.475609756097561
56 0.08259587020648967 0.25 0.05309734513274336 0.5
20 0.14233038348082597 0.5121951219512195 0.03392330383480826 0.926829268292683
145 0.1902654867256637 0.4207317073170732 0.032448377581120944 0.6951219512195123
39 0.23820058997050148 0.4878048780487805 0.03687315634218289 0.951219512195122
84 0.3421828908554572 0.49390243902439024 0.07964601769911504 0.25609756097560976
200 0.4469026548672566 0.5365853658536586 0.0471976401179941 0.4878048780487805
20 0.5007374631268436 0.49390243902439024 0.03392330383480826 0.9146341463414634
145 0.5471976401179941 0.4085365853658537 0.029498525073746312 0.6951219512195123
39 0.5929203539823009 0.4878048780487805 0.035398230088495575 0.926829268292683
84 0.6946902654867256 0.49390243902439024 0.07964601769911504 0.25609756097560976
205 0.8178466076696165 0.5121951219512195 0.07227138643067846 0.4878048780487805
20 0.8864306784660767 0.4878048780487805 0.035398230088495575 0.926829268292683
145 0.9336283185840708 0.3902439024390244 0.032448377581120944 0.7073170731707318
39 0.9808259587020649 0.475609756097561 0.032448377581120944 0.926829268292683
