20 0.014610389610389612 0.46195652173913043 0.029220779220779224 0.9239130434782609
196 0.07711038961038962 0.4945652173913043 0.06655844155844157 0.42391304347826086
72 0.13555194805194806 0.7228260869565217 0.014610389610389612 0.25
200 0.20860389610389612 0.4945652173913043 0.05681818181818182 0.42391304347826086
39 0.26785714285714285 0.46195652173913043 0.03246753246753247 0.9239130434782609
108 0.3790584415584416 0.46739130434782605 0.07305194805194806 0.5652173913043478
8 0.5178571428571429 0.375 0.09415584415584416 0.6847826086956521
166 0.601461038961039 0.7663043478260869 0.04707792207792208 0.42391304347826086
191 0.7167207792207793 0.46739130434782605 0.06655844155844157 0.4782608695652174
8 0.8571428571428572 0.3804347826086956 0.09415584415584416 0.6739130434782609
76 0.9375000000000001 0.6195652173913043 0.03733766233766234 0.45652173913043476
145 0.9845779220779222 0.7771739130434783 0.024350649350649352 0.31521739130434784
