45 0.06535433070866142 0.37341772151898733 0.13070866141732285 0.7215189873417721
104 0.15039370078740158 0.5379746835443038 0.026771653543307086 0.08860759493670886
130 0.2062992125984252 0.49367088607594933 0.06614173228346457 0.45569620253164556
80 0.27086614173228346 0.5 0.047244094488188976 0.4430379746835443
105 0.315748031496063 0.3670886075949367 0.029921259842519685 0.7088607594936709
95 0.36456692913385824 0.620253164556962 0.05826771653543307 0.7088607594936709
101 0.4322834645669291 0.3670886075949367 0.06771653543307087 0.7088607594936709
57 0.5047244094488189 0.37341772151898733 0.06456692913385827 0.7215189873417721
141 0.5763779527559055 0.5063291139240507 0.05354330708661417 0.45569620253164556
196 0.6464566929133858 0.5 0.06771653543307087 0.46835443037974683
163 0.7070866141732284 0.49367088607594933 0.047244094488188976 0.45569620253164556
101 0.7661417322834646 0.36075949367088606 0.06456692913385827 0.7215189873417721
141 0.8338582677165354 0.4873417721518987 0.05196850393700787 0.46835443037974683
141 0.8960629921259843 0.4873417721518987 0.050393700787401574 0.46835443037974683
75 0.9645669291338582 0.35443037974683544 0.06456692913385827 0.7088607594936709
