6 0.03051643192488263 0.4472361809045226 0.06103286384976526 0.30150753768844224
186 0.07922535211267606 0.5979899497487438 0.01995305164319249 0.16080402010050251
84 0.14906103286384978 0.47738693467336685 0.06103286384976526 0.11055276381909548
145 0.2347417840375587 0.44472361809045224 0.03286384976525822 0.2964824120603015
155 0.32629107981220656 0.4798994974874372 0.05868544600938967 0.24623115577889448
159 0.44190140845070425 0.47738693467336685 0.09272300469483569 0.4824120603015075
149 0.4413145539906103 0.8994974874371859 0.035211267605633804 0.18090452261306533
20 0.5698356807511737 0.48743718592964824 0.04107981220657277 0.9547738693467337
145 0.6320422535211268 0.43467336683417085 0.03169014084507042 0.3065326633165829
128 0.7265258215962441 0.47738693467336685 0.06338028169014084 0.04020100502512563
149 0.8210093896713615 0.7964824120603016 0.05046948356807512 0.2864321608040201
94 0.8685446009389671 0.4798994974874372 0.14553990610328638 0.035175879396984924
195 0.8703051643192489 0.16331658291457288 0.045774647887323945 0.2964824120603015
195 0.869131455399061 0.6557788944723618 0.03169014084507042 0.18592964824120603
186 0.9055164319248826 0.6708542713567839 0.01995305164319249 0.1658291457286432
39 0.9782863849765259 0.47738693467336685 0.03873239436619719 0.9547738693467337
