20 0.0262582056892779 0.4943181818181818 0.0525164113785558 0.9659090909090909
47 0.16411378555798686 0.39204545454545453 0.14442013129102843 0.7386363636363636
20 0.2658643326039387 0.4943181818181818 0.05470459518599562 0.9659090909090909
145 0.3512035010940919 0.39204545454545453 0.07221006564551422 0.7159090909090909
39 0.42888402625820565 0.4943181818181818 0.048140043763676144 0.9659090909090909
72 0.49124726477024067 0.7840909090909091 0.028446389496717725 0.2727272727272727
47 0.6356673960612691 0.39772727272727276 0.13785557986870897 0.75
20 0.7330415754923413 0.48295454545454547 0.0525164113785558 0.9659090909090909
145 0.8205689277899343 0.3806818181818182 0.07439824945295405 0.7159090909090909
39 0.9015317286652078 0.48863636363636365 0.0525164113785558 0.9545454545454546
39 0.9704595185995624 0.48863636363636365 0.05032822757111597 0.9545454545454546
