22 0.01744741873804971 0.5133689839572192 0.03489483747609942 0.32085561497326204
20 0.04732313575525812 0.5588235294117647 0.010516252390057362 0.4224598930481283
115 0.06357552581261951 0.5080213903743315 0.009560229445506692 0.32085561497326204
39 0.07839388145315487 0.5508021390374331 0.010516252390057362 0.42780748663101603
84 0.11998087954110898 0.5641711229946523 0.03632887189292543 0.0909090909090909
93 0.16061185468451242 0.5080213903743315 0.018164435946462713 0.2994652406417112
128 0.17710325047801145 0.45187165775401067 0.010994263862332695 0.026737967914438502
145 0.19048757170172084 0.43582887700534756 0.010038240917782026 0.1550802139037433
23 0.20793499043977054 0.5401069518716577 0.01147227533460803 0.41711229946524064
187 0.22609942638623326 0.56951871657754 0.014340344168260038 0.1657754010695187
195 0.2404397705544933 0.42780748663101603 0.009560229445506692 0.16042780748663102
20 0.25908221797323133 0.5508021390374331 0.010516252390057362 0.42780748663101603
115 0.2755736137667304 0.49732620320855614 0.009082217973231357 0.3101604278074866
39 0.2906309751434034 0.5401069518716577 0.010516252390057362 0.41711229946524064
128 0.3310229445506692 0.5401069518716577 0.039674952198852774 0.0320855614973262
145 0.37069789674952197 0.5026737967914439 0.013862332695984704 0.2887700534759358
24 0.39053537284894835 0.5294117647058824 0.01147227533460803 0.4064171122994652
128 0.40750478011472274 0.4411764705882353 0.010994263862332695 0.026737967914438502
195 0.4196940726577438 0.5026737967914439 0.009560229445506692 0.10695187165775401
145 0.4194550669216061 0.37700534759358284 0.009082217973231357 0.1016042780748663
94 0.41993307839388144 0.4385026737967914 0.009082217973231357 0.0213903743315508
20 0.44550669216061184 0.5026737967914439 0.020076481835564052 0.9732620320855614
195 0.46892925430210325 0.2299465240641711 0.016252390057361375 0.2994652406417112
101 0.4701242829827916 0.7994652406417112 0.01864244741873805 0.3262032085561497
101 0.7170172084130019 0.19518716577540104 0.018164435946462713 0.3155080213903743
128 0.8231357552581262 0.8475935828877005 0.04110898661567877 0.0481283422459893
101 0.8797801147227533 0.19518716577540104 0.01768642447418738 0.3155080213903743
39 0.9890057361376673 0.4919786096256684 0.020076481835564052 0.9839572192513368
