52 0.03543307086614173 0.5750000000000001 0.07086614173228346 0.75
130 0.09685039370078741 0.40625 0.03937007874015748 0.3375
167 0.22677165354330708 0.6687500000000001 0.12913385826771653 0.36250000000000004
12 0.38031496062992126 0.59375 0.08661417322834646 0.7625000000000001
102 0.3826771653543307 0.08750000000000001 0.028346456692913385 0.15000000000000002
167 0.5220472440944882 0.6687500000000001 0.13070866141732285 0.36250000000000004
45 0.6724409448818898 0.5875 0.07559055118110236 0.7250000000000001
102 0.6692913385826772 0.07500000000000001 0.028346456692913385 0.15000000000000002
174 0.7874015748031495 0.65 0.09448818897637795 0.525
52 0.9181102362204724 0.56875 0.06929133858267716 0.7375
163 0.9779527559055118 0.39375000000000004 0.03779527559055118 0.3375
