89 0.021953405017921146 0.467741935483871 0.04390681003584229 0.935483870967742
84 0.08960573476702509 0.41935483870967744 0.05017921146953405 0.21505376344086025
54 0.17204301075268819 0.510752688172043 0.04121863799283154 0.4408602150537635
155 0.2517921146953405 0.4301075268817205 0.04838709677419355 0.6021505376344086
59 0.3333333333333333 0.478494623655914 0.04659498207885305 0.913978494623656
72 0.371415770609319 0.7795698924731184 0.011648745519713262 0.2688172043010753
54 0.4435483870967742 0.5268817204301076 0.04121863799283154 0.4516129032258065
108 0.5273297491039427 0.435483870967742 0.0528673835125448 0.5053763440860215
14 0.6223118279569892 0.39784946236559143 0.06899641577060932 0.6881720430107527
145 0.6644265232974911 0.7634408602150539 0.02060931899641577 0.4301075268817205
72 0.6886200716845878 0.7688172043010754 0.011648745519713262 0.2688172043010753
59 0.7620967741935484 0.4731182795698925 0.047491039426523295 0.924731182795699
108 0.8463261648745519 0.4408602150537635 0.051075268817204304 0.5161290322580645
14 0.9395161290322581 0.40860215053763443 0.06899641577060932 0.6881720430107527
195 0.9861111111111112 0.7634408602150539 0.024193548387096774 0.4301075268817205
