113 0.017941454202077434 0.46411483253588515 0.03588290840415487 0.28708133971291866
54 0.05146364494806421 0.6291866028708134 0.023607176581680833 0.11961722488038277
84 0.11284230406043438 0.5 0.050047214353163366 0.10047846889952153
159 0.20538243626062325 0.5023923444976076 0.0708215297450425 0.4497607655502392
149 0.2049102927289896 0.9090909090909091 0.02644003777148253 0.16267942583732056
20 0.301699716713881 0.5191387559808612 0.0311614730878187 0.8947368421052632
145 0.3517469310670444 0.4665071770334928 0.0254957507082153 0.2822966507177033
128 0.43201133144475923 0.5023923444976076 0.051935788479697834 0.028708133971291863
94 0.7195467422096318 0.5167464114832536 0.4627006610009443 0.028708133971291863
20 0.5042492917847026 0.7655502392344498 0.0226628895184136 0.36363636363636365
149 0.5146364494806421 0.29904306220095694 0.039660056657223795 0.2631578947368421
149 0.5401322001888574 0.8110047846889952 0.039660056657223795 0.2631578947368421
54 0.5509915014164306 0.11961722488038277 0.023607176581680833 0.12440191387559808
155 0.5901794145420208 0.08851674641148324 0.030217186024551465 0.16746411483253587
155 0.6142587346553352 0.7655502392344498 0.044381491973559964 0.2296650717703349
145 0.6322001888574127 0.09090909090909091 0.019830028328611898 0.18181818181818182
145 0.6794145420207743 0.7296650717703349 0.023607176581680833 0.2822966507177033
155 0.704438149197356 0.2464114832535885 0.0453257790368272 0.2248803827751196
39 0.710576015108593 0.763157894736842 0.021718602455146365 0.3684210526315789
149 0.7559017941454202 0.8157894736842105 0.03871576959395656 0.2631578947368421
149 0.771010387157696 0.29904306220095694 0.03871576959395656 0.2631578947368421
195 0.7955618508026441 0.7033492822966507 0.023607176581680833 0.17224880382775118
54 0.8097261567516525 0.12200956937799043 0.023607176581680833 0.11961722488038277
54 0.8253068932955618 0.7105263157894737 0.0226628895184136 0.11961722488038277
128 0.8734655335221908 0.2511961722488038 0.0509915014164306 0.03349282296650718
155 0.8640226628895185 0.6866028708133971 0.030217186024551465 0.15789473684210525
145 0.9060434372049103 0.7033492822966507 0.016052880075542966 0.17224880382775118
145 0.9428706326723324 0.21770334928229665 0.0254957507082153 0.2822966507177033
39 0.9820585457979226 0.5047846889952153 0.03210576015108593 0.8947368421052632
