15 0.03876404494382023 0.40217391304347827 0.07752808988764046 0.717391304347826
45 0.11966292134831462 0.40217391304347827 0.06179775280898877 0.6956521739130435
20 0.16516853932584272 0.5108695652173912 0.02471910112359551 0.9347826086956521
205 0.22921348314606743 0.5217391304347826 0.06292134831460675 0.45652173913043476
39 0.2859550561797753 0.5 0.025842696629213485 0.9130434782608695
153 0.34438202247191013 0.532608695652174 0.052808988764044947 0.8043478260869565
84 0.44943820224719105 0.43478260869565216 0.06067415730337079 0.21739130434782608
64 0.550561797752809 0.5108695652173912 0.038202247191011236 0.4782608695652174
153 0.6067415730337079 0.5271739130434783 0.05393258426966292 0.7934782608695652
145 0.6556179775280899 0.7554347826086957 0.02359550561797753 0.44565217391304346
155 0.7589887640449439 0.42391304347826086 0.06179775280898877 0.6086956521739131
64 0.8606741573033708 0.5108695652173912 0.038202247191011236 0.4782608695652174
158 0.8988764044943821 0.1467391304347826 0.017977528089887642 0.2934782608695652
153 0.9331460674157305 0.5163043478260869 0.055056179775280906 0.7934782608695652
195 0.9820224719101125 0.7391304347826086 0.03146067415730337 0.43478260869565216
