17 0.021981856245638517 0.4205607476635514 0.043963712491277035 0.5420560747663551
190 0.030006978367062107 0.0514018691588785 0.01674808094905792 0.102803738317757
211 0.058269364968597345 0.6728971962616822 0.01884159106769016 0.3364485981308411
3 0.10118632240055826 0.4252336448598131 0.04326587578506629 0.5514018691588785
18 0.1437543614794138 0.42990654205607476 0.034891835310537335 0.5420560747663551
20 0.17864619678995114 0.49999999999999994 0.012561060711793439 0.7009345794392523
7 0.20760642009769711 0.4392523364485981 0.038381018841591064 0.5233644859813084
72 0.23482205163991623 0.7242990654205607 0.007676203768318213 0.19626168224299065
64 0.26866713189113745 0.5280373831775701 0.0209351011863224 0.3644859813084112
72 0.28715980460572227 0.7242990654205607 0.007676203768318213 0.19626168224299065
128 0.33461270062805304 0.5093457943925234 0.03558967201674808 0.04672897196261682
145 0.3778785764131193 0.44859813084112143 0.01605024424284717 0.5420560747663551
39 0.4002093510118632 0.5186915887850467 0.013258897418004185 0.7009345794392523
167 0.4473133286810886 0.514018691588785 0.05163991625959525 0.2616822429906542
32 0.5122121423586881 0.4626168224299065 0.044661549197487785 0.5327102803738317
149 0.5450104675505931 0.8271028037383177 0.01674808094905792 0.308411214953271
17 0.5882763433356594 0.47196261682242985 0.04326587578506629 0.5327102803738317
190 0.5949057920446615 0.10747663551401869 0.017445917655268667 0.08411214953271028
211 0.6242149337055128 0.7242990654205607 0.01884159106769016 0.34579439252336447
3 0.6660851360781577 0.47196261682242985 0.043963712491277035 0.5514018691588785
18 0.7079553384508025 0.47663551401869153 0.034193998604326585 0.5420560747663551
20 0.7424982554082344 0.5420560747663551 0.012561060711793439 0.7102803738317757
7 0.7707606420097697 0.4813084112149532 0.03698534542916957 0.5327102803738317
102 0.7718073970690857 0.10747663551401869 0.0209351011863224 0.102803738317757
149 0.8021632937892532 0.8317757009345794 0.017445917655268667 0.29906542056074764
72 0.829030006978367 0.7616822429906541 0.00837404047452896 0.19626168224299065
64 0.8614794138171668 0.5654205607476636 0.021632937892533146 0.3644859813084112
72 0.8803210048848569 0.7710280373831775 0.007676203768318213 0.19626168224299065
128 0.9277739009071877 0.5560747663551402 0.03558967201674808 0.04672897196261682
145 0.9706908583391486 0.4906542056074766 0.01674808094905792 0.5327102803738317
39 0.9923237962316818 0.5607476635514018 0.012561060711793439 0.6915887850467289
