89 0.047665369649805445 0.5 0.09533073929961089 0.36190476190476195
56 0.11186770428015565 0.6452380952380953 0.05642023346303502 0.15714285714285717
20 0.22762645914396887 0.49523809523809526 0.054474708171206226 0.8285714285714286
54 0.29571984435797666 0.5095238095238096 0.07003891050583658 0.18095238095238098
94 0.448443579766537 0.5 0.1575875486381323 0.009523809523809525
75 0.4095330739299611 0.7357142857142858 0.07198443579766536 0.28095238095238095
75 0.448443579766537 0.18809523809523812 0.07198443579766536 0.28095238095238095
210 0.49319066147859925 0.7833333333333334 0.06031128404669261 0.1761904761904762
39 0.5700389105058365 0.4928571428571429 0.054474708171206226 0.8238095238095239
84 0.6994163424124513 0.4928571428571429 0.09922178988326849 0.09047619047619049
50 0.8482490272373541 0.46190476190476193 0.12062256809338522 0.2666666666666667
24 0.9591439688715954 0.49523809523809526 0.07392996108949416 0.9904761904761905
