211 0.014900662251655629 0.33707865168539325 0.029801324503311258 0.6741573033707865
167 0.07740066225165564 0.42696629213483145 0.062086092715231786 0.33707865168539325
3 0.14817880794701987 0.3651685393258427 0.04304635761589404 0.6404494382022472
163 0.18501655629139072 0.449438202247191 0.022350993377483443 0.42696629213483145
20 0.21564569536423842 0.43258426966292135 0.015728476821192054 0.8651685393258427
17 0.25289735099337746 0.3595505617977528 0.052152317880794705 0.651685393258427
39 0.2901490066225166 0.43258426966292135 0.015728476821192054 0.8651685393258427
167 0.34519867549668876 0.43258426966292135 0.06291390728476821 0.3258426966292135
146 0.41887417218543044 0.4438202247191011 0.054635761589403975 0.7303370786516854
3 0.4776490066225166 0.3651685393258427 0.039735099337748346 0.6404494382022472
163 0.5128311258278145 0.4550561797752809 0.024006622516556293 0.4382022471910112
20 0.5442880794701986 0.4438202247191011 0.0173841059602649 0.8651685393258427
17 0.581953642384106 0.3595505617977528 0.052980132450331126 0.651685393258427
149 0.6221026490066225 0.7921348314606741 0.020695364238410598 0.3707865168539326
39 0.6469370860927153 0.4382022471910112 0.014072847682119206 0.8539325842696629
167 0.7007450331125827 0.4438202247191011 0.060430463576158944 0.3258426966292135
34 0.7748344370860927 0.449438202247191 0.04966887417218543 0.8539325842696629
176 0.8162251655629139 0.449438202247191 0.024834437086092714 0.8764044943820224
52 0.8522350993377483 0.3651685393258427 0.04552980132450331 0.6629213483146067
167 0.9213576158940397 0.4550561797752809 0.061258278145695365 0.3258426966292135
211 0.9830298013245033 0.3651685393258427 0.030629139072847682 0.6629213483146067
