12 0.022143489813994686 0.3765432098765432 0.04428697962798937 0.728395061728395
3 0.08768821966341896 0.38888888888888884 0.046058458813108945 0.7037037037037037
163 0.1275465013286094 0.48765432098765427 0.024800708591674048 0.48148148148148145
20 0.1616474756421612 0.47530864197530864 0.01682905225863596 0.9506172839506173
17 0.20239149689991143 0.38888888888888884 0.05934455270150576 0.7037037037037037
39 0.24490699734278124 0.48148148148148145 0.01682905225863596 0.9382716049382716
183 0.29052258635961026 0.48148148148148145 0.046058458813108945 0.41975308641975306
12 0.35518157661647476 0.4012345679012346 0.04428697962798937 0.728395061728395
3 0.42294065544729853 0.4074074074074074 0.04517271922054916 0.691358024691358
163 0.46412754650132865 0.5061728395061729 0.024800708591674048 0.4691358024691358
155 0.5026572187776793 0.2037037037037037 0.03100088573959256 0.4074074074074074
20 0.5465013286093888 0.48765432098765427 0.01771479185119575 0.9506172839506173
17 0.5859167404782994 0.4074074074074074 0.054030115146147036 0.7160493827160493
39 0.62533215234721 0.5061728395061729 0.01771479185119575 0.9382716049382716
183 0.670947741364039 0.49382716049382713 0.046944198405668734 0.41975308641975306
3 0.7325066430469442 0.4135802469135802 0.04428697962798937 0.7037037037037037
163 0.7728077945084145 0.5123456790123456 0.025686448184233837 0.4567901234567901
20 0.8060230292294066 0.49382716049382713 0.01771479185119575 0.9382716049382716
17 0.8476527900797166 0.4135802469135802 0.0566873339238264 0.7037037037037037
39 0.8879539415411869 0.48765432098765427 0.01682905225863596 0.9259259259259258
183 0.9331266607617361 0.5 0.046944198405668734 0.4074074074074074
145 0.987599645704163 0.3950617283950617 0.021257750221434897 0.7160493827160493
