161 0.0428921568627451 0.6012658227848101 0.0857843137254902 0.7215189873417721
102 0.04656862745098039 0.08860759493670886 0.058823529411764705 0.17721518987341772
20 0.13725490196078433 0.45569620253164556 0.03431372549019608 0.8607594936708861
53 0.2267156862745098 0.5316455696202531 0.10049019607843138 0.5063291139240507
105 0.30392156862745096 0.6835443037974683 0.049019607843137254 0.5063291139240507
39 0.36151960784313725 0.45569620253164556 0.03676470588235294 0.8607594936708861
84 0.5232843137254902 0.5316455696202531 0.13480392156862744 0.27848101265822783
145 0.7095588235294118 0.44936708860759494 0.061274509803921566 0.6708860759493671
176 0.8149509803921569 0.5 0.0857843137254902 0.9493670886075949
130 0.9301470588235294 0.5443037974683544 0.12990196078431374 0.5063291139240507
