20 0.006357279084551812 0.47530864197530864 0.012714558169103624 0.9506172839506173
128 0.04036872218690401 0.4691358024691358 0.033693579148124604 0.07407407407407407
72 0.07279084551811825 0.7654320987654321 0.006993006993006993 0.2716049382716049
53 0.10298792116973936 0.5 0.02288620470438652 0.48148148148148145
72 0.1217418944691672 0.7654320987654321 0.006993006993006993 0.2716049382716049
7 0.15702479338842976 0.38888888888888884 0.034329307056579786 0.7037037037037037
39 0.18404322949777496 0.48148148148148145 0.012078830260648443 0.9382716049382716
66 0.2094723458359822 0.47530864197530864 0.00572155117609663 0.1111111111111111
20 0.23553719008264462 0.48148148148148145 0.012078830260648443 0.9382716049382716
128 0.26954863318499683 0.48148148148148145 0.034329307056579786 0.07407407407407407
72 0.3019707565162111 0.7716049382716049 0.007628734901462174 0.25925925925925924
53 0.3331214240305149 0.5123456790123456 0.02288620470438652 0.48148148148148145
158 0.3515575333757152 0.15432098765432098 0.006357279084551812 0.25925925925925924
72 0.36331849968213603 0.7777777777777777 0.006993006993006993 0.2716049382716049
7 0.3995549904640814 0.4074074074074074 0.03623649078194533 0.691358024691358
158 0.4256198347107438 0.15432098765432098 0.006993006993006993 0.25925925925925924
39 0.4389701207883026 0.49382716049382713 0.012078830260648443 0.9382716049382716
84 0.47361729179911 0.47530864197530864 0.03560076287349015 0.2345679012345679
20 0.5082644628099173 0.49382716049382713 0.012078830260648443 0.9382716049382716
155 0.5410044500953592 0.49382716049382713 0.03305785123966942 0.6666666666666666
72 0.5724729815638907 0.7901234567901234 0.006993006993006993 0.2716049382716049
128 0.6153846153846154 0.49382716049382713 0.03305785123966942 0.07407407407407407
53 0.6557533375715194 0.5185185185185185 0.023521932612841703 0.49382716049382713
53 0.694850603941513 0.5185185185185185 0.024157660521296885 0.4691358024691358
158 0.7142403051493961 0.15432098765432098 0.006993006993006993 0.25925925925925924
72 0.7260012714558169 0.7901234567901234 0.007628734901462174 0.2716049382716049
7 0.7612841703750794 0.4135802469135802 0.033693579148124604 0.7037037037037037
7 0.8019707565162111 0.4135802469135802 0.033693579148124604 0.7037037037037037
158 0.826128417037508 0.16666666666666666 0.006993006993006993 0.25925925925925924
117 0.8534647171010807 0.5061728395061729 0.02097902097902098 0.9382716049382716
53 0.8798474253019708 0.5185185185185185 0.02288620470438652 0.49382716049382713
72 0.8995549904640814 0.7901234567901234 0.007628734901462174 0.2716049382716049
53 0.9303877940241577 0.5246913580246914 0.023521932612841703 0.48148148148148145
158 0.9500953591862683 0.16049382716049382 0.006993006993006993 0.24691358024691357
164 0.9701207883026065 0.5 0.02161474888747616 0.9259259259259258
39 0.9923712650985378 0.49382716049382713 0.012714558169103624 0.9382716049382716
