196 0.013075965130759652 0.5432432432432432 0.026151930261519303 0.21081081081081082
20 0.042652552926525526 0.5378378378378379 0.013075965130759652 0.42702702702702705
207 0.0684931506849315 0.5378378378378379 0.023661270236612703 0.2
39 0.09371108343711083 0.5324324324324324 0.013075965130759652 0.41621621621621624
84 0.14757160647571607 0.5432432432432432 0.048567870485678705 0.0918918918918919
110 0.21575342465753425 0.5432432432432432 0.055417185554171855 0.8918918918918919
128 0.24221668742216687 0.8864864864864865 0.014943960149439602 0.032432432432432434
155 0.26058530510585304 0.15135135135135136 0.014321295143212951 0.12972972972972974
109 0.27023661270236615 0.8810810810810812 0.021170610211706103 0.11891891891891893
168 0.2851805728518057 0.5243243243243243 0.017434620174346202 0.20540540540540542
109 0.2886052303860523 0.14324324324324325 0.02054794520547945 0.11351351351351352
145 0.3038605230386052 0.6054054054054054 0.012453300124533 0.16216216216216217
20 0.3275217932752179 0.5243243243243243 0.012453300124533 0.42162162162162165
207 0.35336239103362393 0.5216216216216216 0.02303860523038605 0.2
72 0.3720423412204234 0.6432432432432433 0.00933997509339975 0.14054054054054055
116 0.4050435865504359 0.4864864864864865 0.02303860523038605 0.2810810810810811
39 0.4305728518057285 0.5081081081081081 0.013075965130759652 0.41081081081081083
75 0.46046077210460773 0.4621621621621622 0.02303860523038605 0.3081081081081081
166 0.4828767123287671 0.5891891891891892 0.021793275217932753 0.2594594594594595
20 0.5112079701120797 0.5 0.012453300124533 0.41621621621621624
116 0.5364259028642591 0.4783783783783784 0.02303860523038605 0.2756756756756757
39 0.5616438356164384 0.49459459459459465 0.012453300124533 0.41621621621621624
110 0.6229763387297634 0.4513513513513514 0.05666251556662515 0.9027027027027028
53 0.6550435865504358 0.8891891891891892 0.0161892901618929 0.14594594594594595
57 0.6702988792029888 0.12702702702702703 0.013075965130759652 0.1891891891891892
168 0.678082191780822 0.5 0.017434620174346202 0.21081081081081082
145 0.6970734744707348 0.5756756756756757 0.011830635118306352 0.15675675675675677
20 0.7207347447073474 0.5027027027027027 0.011830635118306352 0.42162162162162165
209 0.7462640099626401 0.5459459459459459 0.02303860523038605 0.3027027027027027
72 0.7649439601494396 0.6081081081081081 0.00933997509339975 0.13513513513513514
116 0.7976338729763387 0.4621621621621622 0.0224159402241594 0.2756756756756757
39 0.822851805728518 0.4810810810810811 0.013075965130759652 0.42162162162162165
196 0.8530510585305106 0.4891891891891892 0.0273972602739726 0.21081081081081082
20 0.8816936488169365 0.4891891891891892 0.012453300124533 0.41621621621621624
209 0.9069115815691158 0.5405405405405406 0.02303860523038605 0.3027027027027027
39 0.9324408468244084 0.4918918918918919 0.013075965130759652 0.41081081081081083
75 0.9620174346201743 0.43513513513513513 0.023661270236612703 0.3081081081081081
209 0.9872353673723536 0.5351351351351352 0.02303860523038605 0.31351351351351353
