13 0.04223968565815324 0.36885245901639346 0.08447937131630648 0.45901639344262296
167 0.22888015717092336 0.3524590163934426 0.19449901768172886 0.22950819672131148
95 0.20137524557956776 0.7868852459016393 0.06876227897838899 0.3442622950819672
30 0.39587426326129665 0.35655737704918034 0.09626719056974459 0.4672131147540984
163 0.46954813359528486 0.6516393442622951 0.04715127701375245 0.2377049180327869
211 0.48821218074656186 0.1598360655737705 0.05697445972495088 0.319672131147541
167 0.680746561886051 0.34016393442622955 0.19842829076620824 0.2213114754098361
149 0.6159135559921414 0.7663934426229508 0.06483300589390963 0.33606557377049184
211 0.7003929273084479 0.8237704918032788 0.05697445972495088 0.319672131147541
7 0.8821218074656187 0.35655737704918034 0.11394891944990176 0.4672131147540984
163 0.9734774066797641 0.6516393442622951 0.045186640471512766 0.2377049180327869
