196 0.029294274300932094 0.47058823529411764 0.05858854860186419 0.47058823529411764
145 0.07723035952063916 0.6529411764705882 0.026631158455392812 0.36470588235294116
20 0.12849533954727033 0.4823529411764706 0.02796271637816245 0.9411764705882353
116 0.18242343541944075 0.4176470588235294 0.053262316910785625 0.6235294117647059
39 0.23701731025299602 0.4647058823529412 0.029294274300932094 0.9294117647058824
84 0.34953395472703064 0.48823529411764705 0.10252996005326233 0.2
149 0.45805592543275636 0.5941176470588235 0.0559254327563249 0.6941176470588235
20 0.5226364846870839 0.48823529411764705 0.02796271637816245 0.9294117647058824
64 0.5745672436750999 0.4764705882352941 0.03861517976031958 0.4588235294117647
39 0.6231691078561918 0.4764705882352941 0.029294274300932094 0.9294117647058824
196 0.6864181091877497 0.48823529411764705 0.057256990679094545 0.4588235294117647
158 0.729693741677763 0.1588235294117647 0.02396804260985353 0.3176470588235294
20 0.7756324900133156 0.5117647058823529 0.02796271637816245 0.9294117647058824
64 0.8282290279627165 0.5 0.03994673768308922 0.4588235294117647
72 0.8601864181091878 0.7588235294117647 0.02130492676431425 0.3176470588235294
116 0.9280958721704394 0.43529411764705883 0.05059920106524634 0.611764705882353
39 0.9826897470039947 0.49411764705882355 0.029294274300932094 0.9411764705882353
