114 0.043165467625899276 0.36885245901639346 0.08633093525179855 0.639344262295082
104 0.12470023980815347 0.33606557377049184 0.05275779376498801 0.11475409836065574
168 0.19664268585131894 0.3442622950819672 0.06235011990407673 0.6557377049180328
80 0.2805755395683453 0.33606557377049184 0.07673860911270983 0.6721311475409837
161 0.38129496402877694 0.49180327868852464 0.10071942446043165 0.9508196721311476
196 0.48800959232613905 0.3442622950819672 0.09832134292565947 0.6557377049180328
80 0.5863309352517985 0.3442622950819672 0.07913669064748201 0.6885245901639344
130 0.6870503597122302 0.3442622950819672 0.10311750599520383 0.6557377049180328
64 0.7913669064748201 0.3442622950819672 0.08153477218225419 0.6885245901639344
80 0.8812949640287769 0.33606557377049184 0.07913669064748201 0.6721311475409837
168 0.9640287769784172 0.3442622950819672 0.06235011990407673 0.6885245901639344
