3 0.019465648854961833 0.5048543689320388 0.038931297709923665 0.2815533980582524
54 0.05114503816793893 0.6699029126213591 0.01984732824427481 0.1262135922330097
20 0.07290076335877863 0.5364077669902912 0.019083969465648856 0.37378640776699024
207 0.10038167938931297 0.5436893203883495 0.031297709923664124 0.19417475728155337
72 0.12938931297709924 0.6480582524271844 0.009923664122137405 0.1116504854368932
7 0.16908396946564885 0.4951456310679611 0.038931297709923665 0.27184466019417475
39 0.20114503816793894 0.529126213592233 0.017557251908396947 0.37864077669902907
84 0.2599236641221374 0.5218446601941747 0.04045801526717557 0.10194174757281553
154 0.3152671755725191 0.7985436893203883 0.03206106870229008 0.18932038834951453
94 0.34007633587786257 0.5266990291262136 0.0648854961832061 0.03398058252427184
175 0.3293893129770992 0.2233009708737864 0.028244274809160305 0.2912621359223301
195 0.3473282442748092 0.6941747572815533 0.021374045801526718 0.17475728155339804
20 0.4080152671755725 0.5315533980582524 0.025190839694656488 0.9174757281553397
54 0.4442748091603053 0.7864077669902912 0.02900763358778626 0.19417475728155337
94 0.5110687022900763 0.5533980582524272 0.1549618320610687 0.09708737864077668
207 0.45534351145038165 0.2669902912621359 0.029770992366412213 0.19417475728155337
54 0.4812977099236641 0.18689320388349512 0.022137404580152672 0.25728155339805825
155 0.5076335877862596 0.7766990291262135 0.035114503816793895 0.23300970873786406
155 0.5137404580152671 0.09223300970873785 0.024427480916030534 0.16504854368932037
145 0.5465648854961832 0.09223300970873785 0.016793893129770993 0.1844660194174757
145 0.5645038167938932 0.7402912621359222 0.022137404580152672 0.28640776699029125
39 0.6145038167938931 0.5218446601941747 0.024427480916030534 0.9174757281553397
94 0.7904580152671755 0.5145631067961165 0.28473282442748094 0.038834951456310676
208 0.6729007633587786 0.24514563106796114 0.02366412213740458 0.3543689320388349
208 0.6751908396946564 0.7718446601941746 0.02366412213740458 0.3495145631067961
20 0.6977099236641221 0.2524271844660194 0.0183206106870229 0.37864077669902907
20 0.7 0.7766990291262135 0.0183206106870229 0.37864077669902907
195 0.7240458015267176 0.21359223300970873 0.028244274809160305 0.2815533980582524
93 0.7259541984732825 0.7378640776699028 0.02900763358778626 0.2815533980582524
54 0.7553435114503817 0.25728155339805825 0.028244274809160305 0.19417475728155337
54 0.7576335877862596 0.7815533980582524 0.028244274809160305 0.19417475728155337
155 0.8137404580152672 0.24999999999999997 0.0366412213740458 0.2378640776699029
155 0.815648854961832 0.7718446601941746 0.03740458015267176 0.23300970873786406
195 0.8698473282442748 0.2111650485436893 0.029770992366412213 0.28640776699029125
93 0.8702290076335878 0.7305825242718446 0.030534351145038167 0.28640776699029125
39 0.8942748091603053 0.24757281553398056 0.020610687022900764 0.3689320388349514
39 0.8954198473282443 0.7694174757281552 0.021374045801526718 0.37378640776699024
155 0.9812977099236642 0.49999999999999994 0.03435114503816794 0.23300970873786406
