116 0.0231990231990232 0.43975903614457834 0.0463980463980464 0.6385542168674699
123 0.12087912087912088 0.49397590361445787 0.0757020757020757 0.746987951807229
211 0.221001221001221 0.4036144578313253 0.04151404151404151 0.6626506024096386
72 0.2588522588522589 0.7590361445783133 0.019536019536019536 0.3132530120481928
166 0.3522588522588523 0.6686746987951807 0.03785103785103785 0.5662650602409639
20 0.4053724053724054 0.5 0.026862026862026864 0.9518072289156627
128 0.4804639804639805 0.4819277108433735 0.10134310134310134 0.07228915662650603
211 0.5824175824175825 0.39759036144578314 0.04151404151404151 0.6506024096385542
39 0.6312576312576312 0.46987951807228917 0.026862026862026864 0.9397590361445783
128 0.7393162393162394 0.49397590361445787 0.10134310134310134 0.07228915662650603
166 0.8321123321123322 0.6506024096385542 0.03785103785103785 0.5783132530120483
20 0.8858363858363858 0.4819277108433735 0.02564102564102564 0.9397590361445783
116 0.9340659340659341 0.42168674698795183 0.04884004884004884 0.6265060240963856
39 0.9847374847374848 0.4819277108433735 0.02564102564102564 0.9397590361445783
