105 0.015702479338842976 0.37037037037037035 0.03140495867768595 0.7407407407407407
130 0.07024793388429752 0.49382716049382713 0.06446280991735537 0.49382716049382713
200 0.14297520661157023 0.5 0.06115702479338843 0.5061728395061729
71 0.20743801652892563 0.49382716049382713 0.01818181818181818 0.49382716049382713
3 0.30082644628099175 0.4012345679012346 0.0859504132231405 0.7037037037037037
163 0.37355371900826445 0.5061728395061729 0.04628099173553719 0.4691358024691358
20 0.43471074380165287 0.48765432098765427 0.03305785123966942 0.9506172839506173
17 0.5115702479338843 0.4074074074074074 0.11074380165289256 0.7160493827160493
39 0.5892561983471074 0.49382716049382713 0.03140495867768595 0.9382716049382716
73 0.6760330578512397 0.49382716049382713 0.08925619834710743 0.5925925925925926
34 0.8008264462809918 0.49382716049382713 0.10082644628099173 0.9382716049382716
176 0.8801652892561983 0.5 0.04462809917355372 0.9506172839506173
52 0.9504132231404958 0.4135802469135802 0.09256198347107437 0.728395061728395
