48 0.05581395348837209 0.375 0.11162790697674418 0.7023809523809523
130 0.14883720930232558 0.744047619047619 0.07441860465116279 0.3214285714285714
158 0.13953488372093023 0.13095238095238093 0.03255813953488372 0.26190476190476186
155 0.27674418604651163 0.738095238095238 0.09302325581395349 0.47619047619047616
145 0.4011627906976744 0.6904761904761905 0.053488372093023255 0.45238095238095233
35 0.5244186046511627 0.369047619047619 0.12790697674418605 0.6666666666666666
178 0.6837209302325581 0.4880952380952381 0.09302325581395349 0.6666666666666666
48 0.8627906976744186 0.38690476190476186 0.11162790697674418 0.7023809523809523
130 0.9593023255813954 0.7559523809523809 0.07209302325581396 0.3214285714285714
158 0.9476744186046512 0.13095238095238093 0.030232558139534883 0.26190476190476186
