35 0.01738609112709832 0.3988095238095238 0.03477218225419664 0.6785714285714285
20 0.050359712230215826 0.5119047619047619 0.009592326139088728 0.8571428571428571
47 0.08153477218225419 0.40476190476190477 0.03357314148681055 0.6904761904761905
130 0.10731414868105515 0.7797619047619048 0.017985611510791366 0.3214285714285714
155 0.13489208633093525 0.7738095238095237 0.020383693045563547 0.40476190476190477
145 0.15707434052757793 0.75 0.013189448441247002 0.42857142857142855
65 0.1963429256594724 0.5059523809523809 0.03417266187050359 0.5119047619047619
48 0.25329736211031173 0.40476190476190477 0.03057553956834532 0.7142857142857142
130 0.27727817745803357 0.7619047619047619 0.01858513189448441 0.30952380952380953
155 0.30605515587529974 0.7619047619047619 0.020983213429256593 0.40476190476190477
145 0.3279376498800959 0.744047619047619 0.013189448441247002 0.41666666666666663
39 0.34442446043165464 0.5 0.010191846522781774 0.8571428571428571
178 0.3761990407673861 0.4821428571428571 0.02577937649880096 0.6785714285714285
35 0.41966426858513184 0.369047619047619 0.03477218225419664 0.6666666666666666
47 0.46792565947242204 0.369047619047619 0.03417266187050359 0.6904761904761905
130 0.49550359712230213 0.744047619047619 0.01858513189448441 0.2976190476190476
155 0.5242805755395683 0.744047619047619 0.020983213429256593 0.39285714285714285
145 0.546462829736211 0.7202380952380952 0.012589928057553957 0.41666666666666663
65 0.5848321342925659 0.4880952380952381 0.03177458033573141 0.5
35 0.6378896882494004 0.3571428571428571 0.03357314148681055 0.6904761904761905
48 0.684652278177458 0.369047619047619 0.031175059952038366 0.7142857142857142
130 0.7101318944844124 0.7321428571428571 0.01858513189448441 0.3214285714285714
155 0.7395083932853717 0.7321428571428571 0.020983213429256593 0.41666666666666663
145 0.7622901678657074 0.7083333333333333 0.013788968824940047 0.41666666666666663
178 0.7943645083932853 0.46428571428571425 0.025179856115107913 0.6666666666666666
47 0.8414268585131894 0.34523809523809523 0.0329736211031175 0.6904761904761905
130 0.8666067146282973 0.7261904761904762 0.01858513189448441 0.30952380952380953
65 0.9082733812949639 0.46428571428571425 0.03357314148681055 0.5
48 0.9652278177458032 0.3571428571428571 0.031175059952038366 0.7142857142857142
130 0.9895083932853717 0.7142857142857142 0.01858513189448441 0.30952380952380953
