205 0.02 0.5357142857142857 0.04 0.47619047619047616
20 0.0572 0.494047619047619 0.0184 0.9166666666666666
207 0.0844 0.5119047619047619 0.0344 0.47619047619047616
130 0.112 0.8035714285714285 0.019200000000000002 0.2976190476190476
155 0.1444 0.744047619047619 0.024800000000000003 0.41666666666666663
145 0.18000000000000002 0.75 0.014400000000000001 0.42857142857142855
207 0.22360000000000002 0.5178571428571428 0.036000000000000004 0.46428571428571425
130 0.2528 0.8095238095238095 0.019200000000000002 0.30952380952380953
39 0.27440000000000003 0.4880952380952381 0.019200000000000002 0.9285714285714285
85 0.332 0.5 0.0432 0.40476190476190477
205 0.3952 0.5238095238095237 0.038400000000000004 0.47619047619047616
20 0.4324 0.47619047619047616 0.02 0.9523809523809523
207 0.4596 0.5297619047619048 0.0344 0.46428571428571425
130 0.4884 0.8214285714285714 0.02 0.30952380952380953
155 0.522 0.75 0.0264 0.40476190476190477
145 0.5576 0.75 0.016 0.42857142857142855
39 0.5812 0.5 0.0184 0.9285714285714285
200 0.6188 0.5416666666666666 0.0264 0.46428571428571425
126 0.6772 0.5119047619047619 0.0504 0.47619047619047616
141 0.7220000000000001 0.5178571428571428 0.031200000000000002 0.4880952380952381
75 0.7592 0.4226190476190476 0.0352 0.7023809523809523
96 0.8016000000000001 0.6369047619047619 0.0256 0.6547619047619048
163 0.8264 0.8154761904761905 0.016 0.2976190476190476
155 0.8564 0.7559523809523809 0.0264 0.41666666666666663
145 0.8928 0.75 0.016 0.42857142857142855
20 0.922 0.5178571428571428 0.0184 0.9166666666666666
11 0.9564 0.4226190476190476 0.0408 0.6785714285714285
39 0.9884000000000001 0.5059523809523809 0.02 0.9166666666666666
