89 0.01032258064516129 0.5056818181818182 0.02064516129032258 0.875
53 0.03032258064516129 0.7045454545454546 0.016774193548387096 0.29545454545454547
20 0.055161290322580644 0.5113636363636364 0.013548387096774193 0.8863636363636364
115 0.07709677419354839 0.4147727272727273 0.01096774193548387 0.6477272727272727
39 0.09774193548387097 0.48295454545454547 0.013548387096774193 0.875
84 0.15387096774193548 0.5056818181818182 0.04967741935483871 0.19318181818181818
128 0.2203225806451613 0.4943181818181818 0.054838709677419356 0.07954545454545454
23 0.27483870967741936 0.48863636363636365 0.015483870967741935 0.8863636363636364
4 0.3035483870967742 0.4943181818181818 0.016129032258064516 0.8977272727272727
205 0.3319354838709677 0.5113636363636364 0.031612903225806455 0.4318181818181818
53 0.3606451612903226 0.6988636363636364 0.016774193548387096 0.3068181818181818
168 0.3793548387096774 0.4943181818181818 0.01806451612903226 0.4431818181818182
195 0.3987096774193548 0.6704545454545455 0.012903225806451613 0.34090909090909094
20 0.4232258064516129 0.5 0.012903225806451613 0.8863636363636364
115 0.44548387096774195 0.39204545454545453 0.012258064516129033 0.6477272727272727
39 0.4661290322580645 0.48295454545454547 0.013548387096774193 0.875
5 0.4935483870967742 0.4431818181818182 0.015483870967741935 0.8863636363636364
20 0.5241935483870968 0.5 0.013548387096774193 0.8863636363636364
53 0.5496774193548387 0.5056818181818182 0.02193548387096774 0.4431818181818182
39 0.5754838709677419 0.4772727272727273 0.012903225806451613 0.8863636363636364
24 0.604516129032258 0.48863636363636365 0.015483870967741935 0.8863636363636364
176 0.6319354838709678 0.4943181818181818 0.025161290322580646 0.8295454545454546
23 0.6593548387096774 0.48863636363636365 0.015483870967741935 0.8863636363636364
4 0.6880645161290323 0.4431818181818182 0.014838709677419355 0.8863636363636364
205 0.7170967741935483 0.5113636363636364 0.031612903225806455 0.4318181818181818
53 0.7454838709677419 0.6931818181818182 0.016129032258064516 0.29545454545454547
168 0.7638709677419355 0.5113636363636364 0.01806451612903226 0.4318181818181818
145 0.7835483870967742 0.6761363636363636 0.012258064516129033 0.32954545454545453
20 0.8087096774193548 0.5227272727272727 0.013548387096774193 0.8863636363636364
115 0.8303225806451613 0.40340909090909094 0.012903225806451613 0.6704545454545455
39 0.8509677419354839 0.48863636363636365 0.012903225806451613 0.8863636363636364
5 0.8787096774193548 0.4545454545454546 0.015483870967741935 0.8863636363636364
20 0.9096774193548387 0.5284090909090909 0.014193548387096775 0.8977272727272727
53 0.9364516129032258 0.5170454545454546 0.023870967741935485 0.4431818181818182
39 0.9616129032258065 0.5113636363636364 0.013548387096774193 0.8863636363636364
24 0.9906451612903225 0.5056818181818182 0.016129032258064516 0.8977272727272727
