102 0.08768267223382045 0.12598425196850394 0.1753653444676409 0.25196850393700787
12 0.0824634655532359 0.5748031496062992 0.10647181628392484 0.45669291338582674
195 0.16701461377870563 0.8110236220472441 0.050104384133611686 0.26771653543307083
167 0.29227557411273486 0.6417322834645669 0.14196242171189977 0.2440944881889764
12 0.4864300626304801 0.5708661417322834 0.10438413361169101 0.44881889763779526
102 0.49999999999999994 0.2992125984251969 0.052192066805845504 0.09448818897637795
176 0.5615866388308977 0.6417322834645669 0.04175365344467641 0.6220472440944882
15 0.6231732776617953 0.5590551181102362 0.06471816283924843 0.4409448818897638
126 0.7348643006263047 0.6338582677165354 0.14196242171189977 0.30708661417322836
102 0.9102296450939457 0.3110236220472441 0.17118997912317327 0.25984251968503935
201 0.8903966597077243 0.7598425196850394 0.0939457202505219 0.44881889763779526
145 0.9676409185803757 0.8228346456692913 0.043841336116910226 0.2755905511811024
