64 0.029356060606060608 0.510752688172043 0.058712121212121215 0.21505376344086025
186 0.08617424242424243 0.6263440860215054 0.02462121212121212 0.16666666666666669
84 0.19696969696969696 0.4973118279569893 0.10227272727272728 0.12365591397849464
145 0.33712121212121215 0.45967741935483875 0.05303030303030303 0.31720430107526887
155 0.5037878787878788 0.49462365591397855 0.09090909090909091 0.25806451612903225
94 0.8011363636363636 0.5 0.39015151515151514 0.043010752688172046
212 0.6477272727272727 0.7715053763440861 0.06060606060606061 0.39247311827956993
212 0.6884469696969697 0.19623655913978497 0.058712121212121215 0.39247311827956993
195 0.7168560606060607 0.6693548387096775 0.054924242424242424 0.20967741935483872
20 0.7490530303030303 0.20698924731182797 0.043560606060606064 0.41397849462365593
20 0.78125 0.7822580645161291 0.04734848484848485 0.41397849462365593
93 0.8162878787878788 0.16666666666666669 0.07196969696969698 0.3118279569892473
195 0.8475378787878788 0.739247311827957 0.07386363636363637 0.31720430107526887
186 0.8863636363636364 0.19623655913978497 0.03787878787878788 0.2634408602150538
186 0.9138257575757576 0.7688172043010754 0.03977272727272727 0.2688172043010753
39 0.9318181818181819 0.20430107526881722 0.045454545454545456 0.40860215053763443
39 0.9592803030303031 0.7768817204301076 0.04734848484848485 0.40322580645161293
