188 0.012585034013605442 0.4215686274509804 0.025170068027210883 0.6666666666666666
84 0.07210884353741497 0.47549019607843135 0.03673469387755102 0.20588235294117646
188 0.13401360544217686 0.4117647058823529 0.027210884353741496 0.6666666666666666
211 0.1574829931972789 0.7745098039215687 0.019727891156462583 0.4117647058823529
21 0.2224489795918367 0.4803921568627451 0.04897959183673469 0.3333333333333333
116 0.2901360544217687 0.4215686274509804 0.030612244897959183 0.6666666666666666
211 0.3258503401360544 0.7745098039215687 0.02040816326530612 0.4117647058823529
20 0.35136054421768703 0.5343137254901961 0.01564625850340136 0.8333333333333334
53 0.38537414965986394 0.5490196078431373 0.029251700680272108 0.43137254901960786
39 0.4163265306122449 0.5294117647058824 0.016326530612244896 0.8235294117647058
84 0.47074829931972784 0.4803921568627451 0.03809523809523809 0.19607843137254902
166 0.5340136054421768 0.6274509803921569 0.02857142857142857 0.5882352941176471
20 0.5653061224489796 0.5343137254901961 0.016326530612244896 0.8333333333333334
53 0.5989795918367347 0.5441176470588235 0.027891156462585033 0.4215686274509804
39 0.6302721088435373 0.5196078431372549 0.01564625850340136 0.8235294117647058
20 0.6510204081632652 0.5294117647058824 0.016326530612244896 0.8235294117647058
154 0.6867346938775509 0.5490196078431373 0.03197278911564626 0.39215686274509803
72 0.714625850340136 0.7745098039215687 0.008843537414965985 0.23529411764705882
53 0.7547619047619047 0.5441176470588235 0.027891156462585033 0.4215686274509804
39 0.7853741496598639 0.5294117647058824 0.017006802721088433 0.8235294117647058
10 0.8197278911564625 0.7647058823529411 0.027210884353741496 0.39215686274509803
204 0.8428571428571427 0.5441176470588235 0.004081632653061224 0.8333333333333334
53 0.8683673469387755 0.5441176470588235 0.027891156462585033 0.4215686274509804
204 0.8942176870748298 0.5392156862745098 0.0047619047619047615 0.8235294117647058
128 0.9170068027210884 0.2549019607843137 0.019047619047619046 0.0392156862745098
10 0.9217687074829931 0.7598039215686274 0.02585034013605442 0.4019607843137255
145 0.9408163265306122 0.20098039215686275 0.013605442176870748 0.4019607843137255
176 0.9656462585034012 0.2647058823529412 0.025170068027210883 0.5294117647058824
195 0.9894557823129251 0.20098039215686275 0.01836734693877551 0.4019607843137255
