205 0.032432432432432434 0.5180722891566265 0.06486486486486487 0.4819277108433735
195 0.0918918918918919 0.7409638554216867 0.03783783783783784 0.44578313253012053
20 0.14459459459459462 0.5 0.032432432432432434 0.9277108433734941
207 0.19391891891891894 0.5180722891566265 0.05810810810810811 0.4819277108433735
126 0.24864864864864866 0.8132530120481928 0.04864864864864865 0.30120481927710846
39 0.2939189189189189 0.47590361445783136 0.031081081081081083 0.9518072289156627
108 0.3601351351351352 0.5120481927710844 0.05 0.49397590361445787
96 0.4263513513513514 0.6265060240963856 0.041891891891891894 0.674698795180723
64 0.47432432432432436 0.8132530120481928 0.032432432432432434 0.3253012048192771
155 0.529054054054054 0.7409638554216867 0.0445945945945946 0.42168674698795183
145 0.5878378378378378 0.7409638554216867 0.02702702702702703 0.44578313253012053
20 0.6405405405405405 0.5060240963855422 0.032432432432432434 0.9397590361445783
11 0.7000000000000001 0.41566265060240964 0.07027027027027027 0.6867469879518072
39 0.7547297297297297 0.4879518072289157 0.033783783783783786 0.9518072289156627
178 0.8472972972972973 0.5301204819277109 0.07027027027027027 0.4096385542168675
6 0.9621621621621622 0.42168674698795183 0.07027027027027027 0.6987951807228916
