153 0.03398058252427184 0.5970873786407767 0.06796116504854369 0.7087378640776698
108 0.1608876560332871 0.5097087378640777 0.07766990291262137 0.45631067961165045
41 0.30166435506241335 0.4611650485436893 0.12066574202496533 0.6310679611650485
11 0.3737864077669903 0.7815533980582524 0.08737864077669903 0.39805825242718446
20 0.4486823855755895 0.5533980582524272 0.0319001386962552 0.8155339805825242
30 0.5277392510402219 0.4611650485436893 0.07628294036061027 0.6116504854368932
10 0.5915395284327323 0.7815533980582524 0.054091539528432736 0.39805825242718446
72 0.6393897364771152 0.7864077669902912 0.01941747572815534 0.23300970873786406
30 0.7295423023578363 0.45631067961165045 0.07766990291262137 0.6213592233009708
10 0.7947295423023578 0.7815533980582524 0.05825242718446602 0.39805825242718446
130 0.8092926490984743 0.2766990291262136 0.03744798890429959 0.2621359223300971
128 0.8730929264909848 0.23300970873786406 0.04854368932038835 0.038834951456310676
145 0.9361997226074896 0.2087378640776699 0.027739251040221916 0.4174757281553398
39 0.9812760055478502 0.5436893203883495 0.0319001386962552 0.8155339805825242
