42 0.0380517503805175 0.4101123595505618 0.076103500761035 0.6853932584269663
64 0.10730593607305935 0.7415730337078652 0.0350076103500761 0.3146067415730337
20 0.1643835616438356 0.4831460674157303 0.030441400304414 0.9662921348314606
208 0.2237442922374429 0.4943820224719101 0.0517503805175038 0.8764044943820224
211 0.27625570776255703 0.6629213483146067 0.0441400304414003 0.47191011235955055
39 0.3318112633181126 0.4943820224719101 0.0273972602739726 0.9662921348314606
178 0.4421613394216134 0.4887640449438202 0.0776255707762557 0.5955056179775281
28 0.5722983257229832 0.398876404494382 0.076103500761035 0.7078651685393258
65 0.6879756468797564 0.449438202247191 0.0700152207001522 0.6067415730337078
45 0.8051750380517504 0.398876404494382 0.0852359208523592 0.6853932584269663
7 0.9033485540334855 0.398876404494382 0.0958904109589041 0.6853932584269663
64 0.9786910197869101 0.7247191011235955 0.0365296803652968 0.3258426966292135
