166 0.046539379474940336 0.6136363636363636 0.09307875894988067 0.6363636363636364
190 0.06324582338902149 0.10795454545454546 0.06443914081145585 0.125
211 0.13723150357995229 0.6534090909090909 0.06921241050119332 0.48863636363636365
108 0.31026252983293556 0.48863636363636365 0.10978520286396182 0.5909090909090909
28 0.5035799522673031 0.39204545454545453 0.12410501193317423 0.7159090909090909
211 0.6157517899761337 0.6534090909090909 0.07159904534606205 0.48863636363636365
20 0.711217183770883 0.48863636363636365 0.04773269689737471 0.9772727272727273
149 0.7947494033412889 0.6136363636363636 0.10023866348448687 0.6363636363636364
211 0.8866348448687351 0.6534090909090909 0.06921241050119332 0.48863636363636365
39 0.9737470167064439 0.48295454545454547 0.042959427207637235 0.9659090909090909
