96 0.030280649926144758 0.631868131868132 0.060561299852289516 0.6043956043956045
64 0.08936484490398819 0.2527472527472528 0.033973412112259974 0.3076923076923077
71 0.1462333825701625 0.532967032967033 0.014771048744460858 0.40659340659340665
4 0.22599704579025112 0.48901098901098905 0.01772525849335303 0.9780219780219781
211 0.26957163958641067 0.42307692307692313 0.054652880354505176 0.6703296703296704
72 0.31831610044313147 0.7637362637362638 0.016248153618906944 0.27472527472527475
145 0.3870014771048745 0.4175824175824176 0.041358936484490405 0.6373626373626374
5 0.42762186115214185 0.48901098901098905 0.016248153618906944 0.9560439560439561
167 0.5435745937961596 0.48901098901098905 0.10635155096011817 0.3186813186813187
7 0.6912850812407682 0.4010989010989011 0.09453471196454949 0.6703296703296704
64 0.7629246676514033 0.7252747252747254 0.033973412112259974 0.3076923076923077
65 0.8478581979320532 0.4450549450549451 0.06794682422451995 0.6043956043956045
47 0.9549483013293945 0.4010989010989011 0.08419497784342689 0.6923076923076924
