186 0.014302741358760428 0.4950980392156863 0.028605482717520857 0.5196078431372549
108 0.11203814064362336 0.47549019607843135 0.06912991656734208 0.46078431372549017
25 0.23539928486293205 0.4362745098039216 0.08462455303933253 0.6372549019607843
130 0.28486293206197855 0.8431372549019608 0.030989272943980926 0.27450980392156865
145 0.3033373063170441 0.19607843137254902 0.02502979737783075 0.39215686274509803
128 0.3384982121573301 0.803921568627451 0.04290822407628128 0.0392156862745098
195 0.3951132300357568 0.7647058823529411 0.03218116805721096 0.39215686274509803
40 0.5035756853396901 0.4803921568627451 0.09177592371871275 0.3333333333333333
188 0.6221692491060786 0.4117647058823529 0.04767580452920143 0.6666666666666666
105 0.6561382598331347 0.7745098039215687 0.017878426698450536 0.37254901960784315
20 0.6918951132300357 0.5147058823529411 0.027413587604290822 0.8333333333333334
186 0.7383790226460071 0.49019607843137253 0.027413587604290822 0.5098039215686274
39 0.7812872467222884 0.5245098039215687 0.027413587604290822 0.8333333333333334
84 0.8736591179976162 0.46078431372549017 0.06912991656734208 0.19607843137254902
145 0.9785458879618593 0.4264705882352941 0.03814064362336114 0.6372549019607843
