89 0.046351084812623275 0.5145631067961165 0.09270216962524655 0.7184466019417475
115 0.08777120315581854 0.7718446601941746 0.03353057199211046 0.4174757281553398
20 0.14102564102564102 0.5097087378640777 0.04930966469428008 0.7475728155339805
210 0.19921104536489154 0.5436893203883495 0.06706114398422092 0.38834951456310673
39 0.26627218934911245 0.5242718446601942 0.05128205128205129 0.7184466019417475
108 0.40236686390532544 0.44174757281553395 0.10256410256410257 0.4951456310679611
3 0.5493096646942801 0.4466019417475728 0.10453648915187377 0.5631067961165048
178 0.717948717948718 0.4174757281553398 0.10256410256410257 0.5048543689320388
30 0.8717948717948718 0.41262135922330095 0.09861932938856016 0.5728155339805825
163 0.9477317554240632 0.7669902912621358 0.04930966469428008 0.2912621359223301
211 0.9664694280078896 0.19902912621359223 0.0591715976331361 0.39805825242718446
