163 0.011569052783803326 0.48936170212765956 0.023138105567606652 0.425531914893617
113 0.0368763557483731 0.6117021276595744 0.021691973969631236 0.4787234042553191
84 0.10484454085321764 0.4787234042553191 0.039045553145336226 0.2553191489361702
4 0.16775126536514823 0.48404255319148937 0.008676789587852495 0.9468085106382979
17 0.2017353579175705 0.40425531914893614 0.05061460592913955 0.6595744680851063
20 0.24150397686189443 0.48936170212765956 0.013015184381778741 0.9148936170212766
7 0.27765726681127983 0.425531914893617 0.04483007953723789 0.6595744680851063
64 0.3123644251626898 0.7340425531914894 0.015907447577729574 0.2978723404255319
113 0.3358640636297903 0.8085106382978723 0.016630513376717282 0.3191489361702128
169 0.3615328994938539 0.6223404255319149 0.0072306579898770785 0.5638297872340425
207 0.3962400578452639 0.5372340425531915 0.028922631959508314 0.4361702127659574
113 0.42660882140274764 0.6542553191489362 0.02024584237165582 0.4574468085106383
72 0.4522776572668113 0.7819148936170213 0.007953723788864787 0.26595744680851063
208 0.48770788141720894 0.5212765957446809 0.025307302964569775 0.8297872340425532
113 0.5133767172812725 0.6542553191489362 0.021691973969631236 0.4574468085106383
39 0.5408532176428055 0.5 0.013015184381778741 0.9148936170212766
5 0.5589298626174982 0.5106382978723404 0.008676789587852495 0.9361702127659575
128 0.588937093275488 0.26595744680851063 0.028199566160520606 0.06382978723404255
145 0.6218365871294288 0.2180851063829787 0.015907447577729574 0.4361702127659574
72 0.646059291395517 0.7712765957446809 0.007953723788864787 0.26595744680851063
113 0.6999276934201012 0.4361702127659574 0.0274765003615329 0.6595744680851063
84 0.7675343456254519 0.5053191489361702 0.03976861894432393 0.24468085106382978
145 0.8351409978308025 0.44680851063829785 0.02024584237165582 0.6170212765957447
72 0.8579175704989154 0.7819148936170213 0.007953723788864787 0.26595744680851063
195 0.8911785972523499 0.44148936170212766 0.02386117136659436 0.6276595744680851
72 0.9150397686189443 0.7819148936170213 0.007953723788864787 0.26595744680851063
119 0.9685466377440347 0.7021276595744681 0.060014461315979754 0.10638297872340426
