41 0.02052052052052052 0.38888888888888884 0.04104104104104104 0.728395061728395
47 0.08008008008008008 0.3950617283950617 0.056056056056056056 0.7160493827160493
20 0.12712712712712712 0.47530864197530864 0.02002002002002002 0.9506172839506173
7 0.16616616616616617 0.4012345679012346 0.05405405405405406 0.7037037037037037
72 0.2062062062062062 0.7777777777777777 0.012012012012012012 0.2716049382716049
89 0.25475475475475473 0.48765432098765427 0.05105105105105105 0.9506172839506173
39 0.2957957957957958 0.47530864197530864 0.01901901901901902 0.9506172839506173
84 0.34934934934934936 0.4691358024691358 0.05405405405405406 0.24691358024691357
41 0.4169169169169169 0.38888888888888884 0.04104104104104104 0.728395061728395
18 0.464964964964965 0.4012345679012346 0.04904904904904905 0.7037037037037037
126 0.5105105105105106 0.8148148148148148 0.036036036036036036 0.2962962962962963
20 0.5530530530530531 0.5 0.01901901901901902 0.9506172839506173
7 0.5930930930930931 0.4135802469135802 0.055055055055055056 0.7037037037037037
39 0.6351351351351351 0.48765432098765427 0.01901901901901902 0.9506172839506173
65 0.6916916916916916 0.5123456790123456 0.05405405405405406 0.5061728395061729
47 0.7747747747747747 0.41975308641975306 0.056056056056056056 0.7160493827160493
20 0.8218218218218218 0.49382716049382713 0.02002002002002002 0.9382716049382716
7 0.8618618618618619 0.4012345679012346 0.05405405405405406 0.7037037037037037
72 0.9014014014014013 0.7962962962962963 0.013013013013013013 0.2839506172839506
89 0.9494494494494494 0.5 0.05105105105105105 0.9506172839506173
39 0.988988988988989 0.49382716049382713 0.018018018018018018 0.9382716049382716
