172 0.04411764705882353 0.47674418604651164 0.08823529411764706 0.4418604651162791
56 0.14253393665158373 0.7848837209302325 0.06787330316742082 0.38372093023255816
20 0.23076923076923078 0.43023255813953487 0.04072398190045249 0.8604651162790697
16 0.3065610859728507 0.36046511627906974 0.09276018099547512 0.6511627906976745
20 0.40271493212669685 0.436046511627907 0.04072398190045249 0.872093023255814
149 0.4705882352941177 0.5465116279069767 0.08597285067873305 0.627906976744186
39 0.5486425339366516 0.436046511627907 0.04298642533936652 0.872093023255814
39 0.5984162895927603 0.436046511627907 0.04298642533936652 0.872093023255814
178 0.7217194570135748 0.42441860465116277 0.11764705882352942 0.38372093023255816
3 0.8766968325791856 0.3430232558139535 0.11085972850678734 0.6395348837209303
130 0.9705882352941178 0.1569767441860465 0.0497737556561086 0.26744186046511625
