201 0.038461538461538464 0.6458333333333333 0.07692307692307693 0.5833333333333333
211 0.10724852071005916 0.6822916666666666 0.042899408284023666 0.44791666666666663
108 0.22928994082840237 0.53125 0.06804733727810651 0.5416666666666666
14 0.3631656804733728 0.4427083333333333 0.08136094674556213 0.6354166666666666
141 0.4400887573964497 0.546875 0.05473372781065089 0.4270833333333333
115 0.48742603550295854 0.43229166666666663 0.02514792899408284 0.6354166666666666
20 0.5303254437869822 0.5260416666666666 0.028106508875739643 0.90625
8 0.6050295857988166 0.43229166666666663 0.08579881656804733 0.65625
163 0.6775147928994083 0.7447916666666666 0.038461538461538464 0.28125
158 0.7152366863905325 0.5729166666666666 0.016272189349112426 0.22916666666666666
169 0.7588757396449703 0.6302083333333333 0.014792899408284023 0.5520833333333333
148 0.8483727810650887 0.03125 0.10502958579881656 0.0625
7 0.849112426035503 0.4375 0.09467455621301775 0.6458333333333333
211 0.9267751479289941 0.671875 0.042899408284023666 0.44791666666666663
39 0.9822485207100592 0.5104166666666666 0.029585798816568046 0.875
