48 0.04440497335701599 0.41975308641975306 0.08880994671403197 0.7407407407407407
130 0.11634103019538189 0.8086419753086419 0.05150976909413855 0.3333333333333333
158 0.11545293072824157 0.1419753086419753 0.021314387211367674 0.2839506172839506
72 0.1660746003552398 0.7777777777777777 0.019538188277087035 0.2716049382716049
130 0.2593250444049734 0.537037037037037 0.07815275310834814 0.48148148148148145
84 0.3969804618117229 0.5185185185185185 0.09769094138543517 0.2222222222222222
145 0.5381882770870338 0.4135802469135802 0.046181172291296625 0.6790123456790123
72 0.5932504440497336 0.7777777777777777 0.021314387211367674 0.2716049382716049
195 0.6856127886323269 0.4012345679012346 0.06394316163410302 0.6790123456790123
72 0.7442273534635879 0.7716049382716049 0.021314387211367674 0.2839506172839506
119 0.9049733570159858 0.6851851851851851 0.18294849023090587 0.13580246913580246
