94 0.051361386138613865 0.49246231155778897 0.10272277227722773 0.04020100502512563
195 0.053836633663366336 0.7211055276381909 0.04826732673267327 0.2964824120603015
145 0.04826732673267327 0.17839195979899497 0.034653465346534656 0.3065326633165829
20 0.15841584158415842 0.49497487437185933 0.04455445544554455 0.9597989949748744
145 0.2264851485148515 0.4472361809045226 0.034653465346534656 0.30150753768844224
155 0.3069306930693069 0.4824120603015075 0.06188118811881188 0.24120603015075376
159 0.4474009900990099 0.4798994974874372 0.09777227722772278 0.47738693467336685
149 0.43873762376237624 0.9020100502512562 0.038366336633663366 0.17587939698492464
20 0.551980198019802 0.49246231155778897 0.04207920792079208 0.9547738693467337
145 0.6454207920792079 0.44221105527638194 0.03341584158415842 0.30150753768844224
128 0.7209158415841584 0.4748743718592965 0.06806930693069307 0.04522613065326633
149 0.8205445544554456 0.8015075376884422 0.05198019801980198 0.2864321608040201
94 0.8471534653465347 0.4849246231155779 0.10024752475247525 0.035175879396984924
195 0.8483910891089109 0.1708542713567839 0.04826732673267327 0.30150753768844224
195 0.8719059405940595 0.6582914572864321 0.03341584158415842 0.19095477386934673
39 0.9214108910891089 0.47738693467336685 0.04084158415841584 0.9547738693467337
39 0.9777227722772277 0.4798994974874372 0.039603960396039604 0.949748743718593
