10 0.015593047034764827 0.4382022471910112 0.031186094069529654 0.33707865168539325
20 0.043711656441717796 0.4831460674157303 0.011758691206543968 0.449438202247191
8 0.06671779141104295 0.449438202247191 0.024028629856850718 0.2808988764044944
39 0.09100204498977506 0.4747191011235955 0.011247443762781187 0.4438202247191011
196 0.11579754601226995 0.47752808988764045 0.021983640081799594 0.2247191011235955
20 0.1395705521472393 0.48595505617977525 0.011247443762781187 0.4438202247191011
207 0.16129856850715749 0.4887640449438202 0.02096114519427403 0.21348314606741572
39 0.18174846625766872 0.4803370786516854 0.010736196319018405 0.4438202247191011
84 0.2259713701431493 0.49157303370786515 0.03987730061349694 0.09550561797752809
110 0.2857873210633947 0.47191011235955055 0.04703476482617587 0.9213483146067416
53 0.3067484662576687 0.8932584269662921 0.014314928425357875 0.15730337078651685
57 0.32515337423312884 0.10112359550561797 0.011247443762781187 0.20224719101123595
196 0.34304703476482623 0.4803370786516854 0.02147239263803681 0.2191011235955056
20 0.36682004089979553 0.4831460674157303 0.010736196319018405 0.4382022471910112
209 0.38752556237218816 0.5365168539325843 0.018404907975460124 0.3202247191011236
39 0.4082310838445808 0.47752808988764045 0.010736196319018405 0.4382022471910112
75 0.4327709611451943 0.4297752808988764 0.018916155419222907 0.3202247191011236
209 0.45373210633946837 0.5365168539325843 0.018916155419222907 0.3202247191011236
110 0.501278118609407 0.4634831460674157 0.04959100204498978 0.9044943820224719
8 0.5237730061349694 0.8230337078651685 0.017893660531697345 0.2303370786516854
112 0.5570040899795502 0.8651685393258427 0.011758691206543968 0.24719101123595505
182 0.5710633946830267 0.4606741573033708 0.032719836400818 0.4157303370786517
72 0.5685071574642128 0.9241573033707865 0.005112474437627812 0.09550561797752809
113 0.5802658486707567 0.848314606741573 0.015337423312883437 0.20224719101123595
168 0.6068507157464214 0.4831460674157303 0.014314928425357875 0.21348314606741572
112 0.6206543967280164 0.5646067415730337 0.009202453987730062 0.24157303370786515
20 0.6382924335378324 0.47752808988764045 0.010736196319018405 0.4382022471910112
207 0.6597648261758692 0.4803370786516854 0.02096114519427403 0.20786516853932585
72 0.6751022494887526 0.6067415730337078 0.007668711656441719 0.14606741573033707
116 0.70219836400818 0.4550561797752809 0.018916155419222907 0.29213483146067415
39 0.7221370143149285 0.46629213483146065 0.010736196319018405 0.4382022471910112
168 0.7423312883435583 0.48595505617977525 0.014314928425357875 0.2191011235955056
113 0.7594580777096115 0.5533707865168539 0.013803680981595094 0.19662921348314605
20 0.7791411042944786 0.4887640449438202 0.011247443762781187 0.4382022471910112
209 0.7995910020449899 0.5365168539325843 0.018404907975460124 0.3202247191011236
72 0.8154396728016361 0.6039325842696629 0.0081799591002045 0.15168539325842695
116 0.8417689161554193 0.4550561797752809 0.02096114519427403 0.29213483146067415
39 0.8617075664621677 0.4831460674157303 0.010736196319018405 0.4382022471910112
75 0.8870143149284254 0.4297752808988764 0.02044989775051125 0.33146067415730335
166 0.9056748466257669 0.5646067415730337 0.016871165644171782 0.2752808988764045
112 0.9202453987730063 0.5674157303370786 0.009202453987730062 0.24719101123595505
113 0.9343047034764828 0.5533707865168539 0.013803680981595094 0.19662921348314605
20 0.9542433537832312 0.48595505617977525 0.011758691206543968 0.4438202247191011
116 0.9741820040899797 0.4550561797752809 0.02096114519427403 0.29213483146067415
39 0.9930981595092025 0.4691011235955056 0.011758691206543968 0.4550561797752809
