106 0.01953125 0.5793650793650793 0.0390625 0.4603174603174603
20 0.07890625000000001 0.6626984126984127 0.026562500000000003 0.5793650793650793
102 0.15937500000000002 0.13095238095238093 0.13125 0.26190476190476186
4 0.13203125000000002 0.6547619047619048 0.035937500000000004 0.5634920634920635
12 0.1953125 0.5873015873015872 0.078125 0.4603174603174603
5 0.2625 0.6507936507936507 0.03125 0.5714285714285714
39 0.30781250000000004 0.6547619047619048 0.028125 0.5793650793650793
84 0.421875 0.6468253968253967 0.08750000000000001 0.1349206349206349
148 0.7429687500000001 0.21825396825396826 0.5046875000000001 0.05555555555555555
166 0.5437500000000001 0.742063492063492 0.053125000000000006 0.45238095238095233
20 0.61328125 0.6547619047619048 0.035937500000000004 0.6587301587301587
105 0.6515625 0.5753968253968254 0.037500000000000006 0.45238095238095233
20 0.7117187500000001 0.6468253968253967 0.026562500000000003 0.5793650793650793
4 0.76328125 0.6428571428571428 0.0328125 0.5714285714285714
12 0.8265625000000001 0.5714285714285714 0.078125 0.4603174603174603
5 0.89375 0.6428571428571428 0.03125 0.5714285714285714
39 0.9382812500000001 0.6587301587301587 0.026562500000000003 0.5555555555555556
39 0.978125 0.6547619047619048 0.037500000000000006 0.6587301587301587
