205 0.04398563734290844 0.5185185185185185 0.08797127468581688 0.49382716049382713
20 0.12208258527827648 0.5061728395061729 0.03949730700179534 0.9382716049382716
145 0.18043087971274688 0.3950617283950617 0.04129263913824058 0.7160493827160493
39 0.24057450628366248 0.48765432098765427 0.04308797127468582 0.9506172839506173
84 0.3644524236983842 0.48148148148148145 0.0969479353680431 0.24691358024691357
205 0.5125673249551167 0.5185185185185185 0.0843806104129264 0.49382716049382713
158 0.578096947935368 0.16666666666666666 0.02154398563734291 0.25925925925925924
20 0.63016157989228 0.5 0.03949730700179534 0.9259259259259258
145 0.6876122082585279 0.4012345679012346 0.03949730700179534 0.7037037037037037
39 0.7450628366247756 0.47530864197530864 0.04308797127468582 0.9506172839506173
108 0.8330341113105925 0.5123456790123456 0.06822262118491922 0.5061728395061729
6 0.9506283662477558 0.4012345679012346 0.09156193895870736 0.7037037037037037
