116 0.04904051172707889 0.41500000000000004 0.09808102345415778 0.6900000000000001
20 0.14925373134328357 0.525 0.0511727078891258 0.85
53 0.2526652452025586 0.545 0.08742004264392324 0.43
39 0.3464818763326226 0.525 0.04904051172707889 0.85
84 0.5074626865671642 0.48 0.11513859275053305 0.2
204 0.6588486140724946 0.55 0.017057569296375266 0.84
53 0.7398720682302772 0.545 0.08955223880597014 0.43
204 0.8230277185501066 0.55 0.017057569296375266 0.84
128 0.894456289978678 0.255 0.06183368869936034 0.05
10 0.9093816631130064 0.775 0.08315565031982942 0.41000000000000003
145 0.9722814498933902 0.2 0.046908315565031986 0.4
