23 0.013218390804597701 0.5284090909090909 0.026436781609195402 0.875
156 0.07988505747126437 0.5340909090909091 0.06091954022988506 0.7272727272727273
145 0.1528735632183908 0.44886363636363635 0.027586206896551724 0.6704545454545455
24 0.1954022988505747 0.5284090909090909 0.027586206896551724 0.875
72 0.22873563218390805 0.8068181818181819 0.013793103448275862 0.25
17 0.3264367816091954 0.46022727272727276 0.07586206896551724 0.6477272727272727
191 0.3971264367816092 0.26704545454545453 0.028735632183908046 0.2840909090909091
176 0.44022988505747124 0.5284090909090909 0.03218390804597701 0.875
20 0.46954022988505745 0.5454545454545454 0.021839080459770115 0.8636363636363636
17 0.5195402298850574 0.46022727272727276 0.07126436781609195 0.6477272727272727
191 0.5885057471264368 0.2727272727272727 0.027586206896551724 0.2727272727272727
39 0.6344827586206896 0.5340909090909091 0.022988505747126436 0.8636363636363636
195 0.6683908045977012 0.20454545454545456 0.028735632183908046 0.4090909090909091
72 0.7011494252873564 0.8068181818181819 0.013793103448275862 0.25
3 0.7902298850574713 0.46590909090909094 0.05862068965517241 0.6590909090909091
163 0.8425287356321839 0.5625 0.03218390804597701 0.4431818181818182
20 0.8833333333333333 0.5397727272727273 0.021839080459770115 0.875
17 0.9350574712643678 0.46590909090909094 0.07241379310344828 0.6590909090909091
39 0.9867816091954023 0.5454545454545454 0.021839080459770115 0.8636363636363636
