168 0.025134649910233394 0.5178571428571428 0.05026929982046679 0.5119047619047619
196 0.09156193895870736 0.5178571428571428 0.0718132854578097 0.4880952380952381
149 0.16337522441651706 0.613095238095238 0.06822262118491922 0.6785714285714285
149 0.23877917414721725 0.613095238095238 0.06822262118491922 0.6785714285714285
54 0.34919210053859967 0.5059523809523809 0.0843806104129264 0.46428571428571425
139 0.5035906642728905 0.4880952380952381 0.09515260323159785 0.9761904761904762
168 0.6427289048473968 0.5178571428571428 0.05026929982046679 0.5119047619047619
196 0.7091561938958708 0.5178571428571428 0.0718132854578097 0.4880952380952381
149 0.7809694793536804 0.613095238095238 0.06822262118491922 0.6785714285714285
149 0.855475763016158 0.613095238095238 0.07001795332136446 0.6785714285714285
59 0.9560143626570916 0.494047619047619 0.08078994614003591 0.8928571428571428
