17 0.02886178861788618 0.41935483870967744 0.05772357723577236 0.6666666666666667
7 0.07845528455284553 0.6505376344086022 0.03983739837398374 0.4623655913978495
64 0.11016260162601627 0.870967741935484 0.015447154471544716 0.21505376344086025
20 0.14308943089430895 0.49462365591397855 0.016260162601626015 0.924731182795699
208 0.17560975609756097 0.5053763440860215 0.027642276422764227 0.8387096774193549
200 0.2040650406504065 0.7311827956989247 0.022764227642276424 0.3010752688172043
39 0.23333333333333334 0.49462365591397855 0.016260162601626015 0.924731182795699
121 0.29227642276422766 0.510752688172043 0.041463414634146344 0.7204301075268817
20 0.3524390243902439 0.5 0.015447154471544716 0.913978494623656
145 0.3821138211382114 0.4301075268817205 0.022764227642276424 0.6236559139784946
155 0.4394308943089431 0.5 0.043089430894308944 0.6129032258064516
83 0.49634146341463414 0.5268817204301076 0.026829268292682926 0.4731182795698925
39 0.524390243902439 0.49462365591397855 0.016260162601626015 0.924731182795699
17 0.5707317073170731 0.40860215053763443 0.056910569105691054 0.6666666666666667
7 0.6199186991869918 0.6451612903225807 0.03983739837398374 0.4731182795698925
211 0.6536585365853659 0.8064516129032259 0.01951219512195122 0.32258064516129037
20 0.6873983739837398 0.4838709677419355 0.015447154471544716 0.924731182795699
208 0.7191056910569106 0.4838709677419355 0.028455284552845527 0.8387096774193549
39 0.7479674796747967 0.4731182795698925 0.016260162601626015 0.924731182795699
155 0.8040650406504065 0.478494623655914 0.04390243902439024 0.6129032258064516
83 0.8613821138211382 0.5 0.026829268292682926 0.4623655913978495
101 0.8975609756097561 0.38172043010752693 0.03252032520325203 0.6774193548387097
20 0.9300813008130081 0.4731182795698925 0.014634146341463414 0.924731182795699
208 0.9626016260162602 0.4731182795698925 0.027642276422764227 0.8172043010752689
39 0.990650406504065 0.4623655913978495 0.015447154471544716 0.924731182795699
