95 0.01862464183381089 0.6190476190476191 0.03724928366762178 0.6904761904761905
156 0.05253104106972302 0.7202380952380952 0.021012416427889206 0.2738095238095238
20 0.09025787965616046 0.5 0.020057306590257878 0.9523809523809523
207 0.12989493791786055 0.5059523809523809 0.038204393505253106 0.44047619047619047
155 0.2096466093600764 0.5 0.06781279847182425 0.8571428571428571
145 0.2874880611270296 0.3988095238095238 0.028653295128939826 0.6547619047619048
72 0.31614135625596945 0.7678571428571428 0.015281757402101241 0.3214285714285714
115 0.36007640878701047 0.39285714285714285 0.017191977077363897 0.6904761904761905
39 0.39063992359121297 0.4880952380952381 0.021012416427889206 0.9285714285714285
84 0.47421203438395415 0.4880952380952381 0.07354345749761222 0.21428571428571427
210 0.5487106017191977 0.4880952380952381 0.0276981852913085 0.45238095238095233
156 0.5783190066857689 0.6964285714285714 0.020057306590257878 0.2738095238095238
20 0.6150907354345749 0.4821428571428571 0.021012416427889206 0.9404761904761905
115 0.6470869149952244 0.375 0.018147086914995225 0.6785714285714285
39 0.6776504297994269 0.46428571428571425 0.020057306590257878 0.9285714285714285
66 0.7268385864374403 0.3988095238095238 0.009551098376313277 0.13095238095238093
95 0.775549188156638 0.5952380952380952 0.03629417382999045 0.6904761904761905
156 0.8094555873925501 0.6845238095238095 0.020057306590257878 0.2738095238095238
20 0.8457497612225405 0.4821428571428571 0.020057306590257878 0.9404761904761905
207 0.884909264565425 0.4821428571428571 0.03724928366762178 0.44047619047619047
72 0.9159503342884432 0.75 0.015281757402101241 0.30952380952380953
115 0.9579751671442216 0.38095238095238093 0.017191977077363897 0.6904761904761905
39 0.9880611270296084 0.47619047619047616 0.020057306590257878 0.9285714285714285
