153 0.016040955631399317 0.5981308411214953 0.032081911262798635 0.6915887850467289
108 0.08191126279863481 0.514018691588785 0.03822525597269624 0.44859813084112143
14 0.15733788395904438 0.4813084112149532 0.05392491467576792 0.5887850467289719
188 0.19761092150170648 0.22429906542056072 0.017064846416382253 0.411214953271028
40 0.2651877133105802 0.514018691588785 0.051194539249146756 0.3177570093457944
49 0.3590443686006826 0.4813084112149532 0.060068259385665526 0.6074766355140186
190 0.35733788395904437 0.0514018691588785 0.018430034129692834 0.102803738317757
145 0.39112627986348125 0.794392523364486 0.015017064846416382 0.37383177570093457
20 0.4116040955631399 0.5560747663551402 0.015017064846416382 0.794392523364486
186 0.4385665529010239 0.5280373831775701 0.015699658703071672 0.49532710280373826
39 0.4621160409556314 0.5514018691588785 0.015017064846416382 0.7850467289719626
20 0.48293515358361777 0.5560747663551402 0.015699658703071672 0.794392523364486
153 0.5184300341296928 0.5841121495327103 0.033447098976109216 0.6822429906542056
20 0.551877133105802 0.5467289719626168 0.015699658703071672 0.794392523364486
186 0.5798634812286689 0.5186915887850467 0.015699658703071672 0.49532710280373826
209 0.5993174061433447 0.6495327102803737 0.032764505119453925 0.5887850467289719
39 0.6320819112627987 0.5514018691588785 0.016382252559726963 0.7850467289719626
39 0.6525597269624573 0.5420560747663551 0.016382252559726963 0.7850467289719626
84 0.7088737201365187 0.4906542056074766 0.03754266211604096 0.17757009345794392
188 0.7726962457337884 0.44859813084112143 0.025938566552901023 0.6355140186915887
20 0.8017064846416382 0.5467289719626168 0.015699658703071672 0.794392523364486
186 0.8290102389078499 0.514018691588785 0.015699658703071672 0.5046728971962616
39 0.8539249146757679 0.5420560747663551 0.016382252559726963 0.7850467289719626
153 0.8901023890784983 0.5747663551401869 0.032764505119453925 0.6822429906542056
20 0.922184300341297 0.5373831775700935 0.015017064846416382 0.794392523364486
209 0.957679180887372 0.6401869158878504 0.032764505119453925 0.5887850467289719
39 0.9907849829351536 0.5420560747663551 0.015699658703071672 0.7850467289719626
