161 0.03797468354430379 0.6629213483146067 0.07594936708860758 0.6292134831460674
20 0.12763713080168776 0.5449438202247191 0.040084388185654005 0.8651685393258427
80 0.19198312236286919 0.5674157303370786 0.06751054852320675 0.4382022471910112
39 0.2552742616033755 0.5393258426966292 0.04219409282700422 0.8539325842696629
195 0.31856540084388185 0.20786516853932585 0.05485232067510548 0.4157303370786517
84 0.44514767932489446 0.5280898876404494 0.11392405063291139 0.2247191011235955
128 0.6181434599156118 0.550561797752809 0.10970464135021096 0.06741573033707865
76 0.7426160337552742 0.449438202247191 0.07172995780590717 0.6741573033707865
20 0.8333333333333333 0.550561797752809 0.04219409282700422 0.8539325842696629
161 0.9029535864978903 0.6629213483146067 0.08016877637130801 0.6292134831460674
39 0.9746835443037973 0.550561797752809 0.04219409282700422 0.8539325842696629
