154 0.03824626865671642 0.7538461538461538 0.07649253731343283 0.20512820512820512
94 0.08115671641791045 0.47692307692307695 0.15111940298507462 0.03076923076923077
175 0.08115671641791045 0.15384615384615385 0.06529850746268656 0.3076923076923077
195 0.11940298507462686 0.6538461538461539 0.05223880597014925 0.18974358974358974
182 0.2574626865671642 0.40512820512820513 0.11940298507462686 0.4205128205128205
149 0.24813432835820895 0.9 0.05223880597014925 0.1794871794871795
94 0.6893656716417911 0.4717948717948718 0.6138059701492538 0.041025641025641026
149 0.44776119402985076 0.7974358974358975 0.07835820895522388 0.2923076923076923
20 0.519589552238806 0.7435897435897436 0.046641791044776115 0.4
149 0.5886194029850746 0.7948717948717948 0.08022388059701492 0.28717948717948716
145 0.6501865671641791 0.15128205128205127 0.05037313432835821 0.30256410256410254
155 0.7341417910447761 0.7384615384615385 0.08768656716417911 0.24615384615384617
145 0.8591417910447761 0.6948717948717948 0.046641791044776115 0.2923076923076923
39 0.9253731343283582 0.7410256410256411 0.048507462686567165 0.39487179487179486
