22 0.05555555555555555 0.38235294117647056 0.1111111111111111 0.6941176470588235
20 0.15396825396825398 0.4764705882352941 0.03492063492063492 0.9294117647058824
115 0.20793650793650795 0.36470588235294116 0.02857142857142857 0.6823529411764706
39 0.25793650793650796 0.45294117647058824 0.03333333333333333 0.9058823529411765
84 0.3968253968253968 0.49411764705882355 0.12063492063492064 0.18823529411764706
20 0.5349206349206349 0.49411764705882355 0.031746031746031744 0.9176470588235294
22 0.6253968253968254 0.38235294117647056 0.1111111111111111 0.6705882352941176
112 0.7 0.6823529411764706 0.031746031746031744 0.5176470588235293
113 0.7428571428571429 0.6294117647058823 0.04126984126984127 0.4117647058823529
20 0.8055555555555556 0.49411764705882355 0.03333333333333333 0.9176470588235294
115 0.8587301587301587 0.4 0.02857142857142857 0.6823529411764706
39 0.9087301587301587 0.5058823529411764 0.03333333333333333 0.9176470588235294
39 0.9801587301587301 0.5235294117647059 0.03333333333333333 0.9058823529411765
