47 0.03941908713692946 0.4 0.07883817427385892 0.6888888888888889
54 0.10027662517289074 0.7277777777777779 0.048409405255878286 0.3
65 0.20193637621023514 0.45 0.06362378976486861 0.6111111111111112
47 0.313969571230982 0.40555555555555556 0.07745504840940526 0.6777777777777778
59 0.37206085753803597 0.6888888888888889 0.04702627939142462 0.5777777777777778
20 0.4709543568464731 0.4777777777777778 0.02351313969571231 0.9333333333333333
145 0.5214384508990318 0.4222222222222222 0.03872752420470263 0.6222222222222222
121 0.6272475795297372 0.5 0.06777316735822961 0.7333333333333334
105 0.7247579529737207 0.4 0.03319502074688797 0.6666666666666667
121 0.8229598893499309 0.48333333333333334 0.06639004149377593 0.7444444444444445
113 0.9329183955739973 0.3944444444444445 0.05117565698478562 0.6777777777777778
39 0.9840940525587829 0.4666666666666667 0.02627939142461964 0.9333333333333333
