15 0.02897196261682243 0.3433734939759036 0.05794392523364486 0.6867469879518072
126 0.12897196261682242 0.46385542168674704 0.12710280373831775 0.46987951807228917
201 0.2710280373831776 0.6265060240963856 0.08598130841121496 0.6987951807228916
145 0.33925233644859815 0.7289156626506025 0.04299065420560748 0.42168674698795183
84 0.4654205607476636 0.46385542168674704 0.10467289719626169 0.20481927710843376
17 0.6327102803738318 0.3493975903614458 0.1102803738317757 0.674698795180723
80 0.7317757009345794 0.46987951807228917 0.06168224299065421 0.4819277108433735
163 0.8 0.46385542168674704 0.059813084112149535 0.44578313253012053
201 0.9037383177570094 0.6144578313253012 0.08411214953271029 0.6987951807228916
195 0.9757009345794393 0.7168674698795181 0.041121495327102804 0.42168674698795183
