53 0.03453038674033149 0.3068181818181818 0.06906077348066297 0.6136363636363636
160 0.11049723756906077 0.5795454545454546 0.055248618784530384 0.6136363636363636
145 0.14779005524861877 0.7272727272727273 0.019337016574585635 0.4545454545454546
84 0.2569060773480663 0.2159090909090909 0.08839779005524862 0.34090909090909094
53 0.39502762430939226 0.3068181818181818 0.0718232044198895 0.6136363636363636
160 0.47237569060773477 0.5795454545454546 0.055248618784530384 0.6136363636363636
145 0.5179558011049723 0.7386363636363636 0.019337016574585635 0.4318181818181818
160 0.5704419889502762 0.5909090909090909 0.052486187845303865 0.5909090909090909
195 0.6160220994475137 0.6931818181818182 0.03867403314917127 0.5227272727272727
84 0.7251381215469613 0.20454545454545456 0.09116022099447513 0.36363636363636365
53 0.8632596685082873 0.3068181818181818 0.06906077348066297 0.6136363636363636
160 0.9323204419889503 0.5795454545454546 0.04696132596685083 0.6136363636363636
195 0.9751381215469613 0.7045454545454546 0.03867403314917127 0.5
