209 0.05263157894736842 0.47413793103448276 0.10526315789473684 0.9482758620689655
145 0.13995215311004783 0.5258620689655172 0.03110047846889952 0.7068965517241379
72 0.20813397129186603 0.6982758620689655 0.03349282296650718 0.39655172413793105
209 0.29904306220095694 0.48275862068965514 0.10526315789473684 0.9655172413793103
195 0.38636363636363635 0.5172413793103449 0.0645933014354067 0.7241379310344828
72 0.4593301435406698 0.6982758620689655 0.03349282296650718 0.39655172413793105
119 0.6208133971291866 0.5862068965517241 0.19377990430622008 0.1724137931034483
72 0.7870813397129186 0.6896551724137931 0.03349282296650718 0.3793103448275862
209 0.8791866028708134 0.47413793103448276 0.10765550239234449 0.9482758620689655
130 0.965311004784689 0.6293103448275862 0.05980861244019139 0.46551724137931033
