208 0.008289703315881327 0.4285714285714286 0.016579406631762654 0.8571428571428572
20 0.02617801047120419 0.4560439560439561 0.008726003490401396 0.9120879120879122
86 0.04406631762652705 0.565934065934066 0.016579406631762654 0.6703296703296704
72 0.06522687609075044 0.7197802197802199 0.005671902268760908 0.27472527472527475
212 0.09336823734729494 0.4340659340659341 0.015706806282722512 0.8681318681318682
72 0.11365619546247818 0.7252747252747254 0.005671902268760908 0.26373626373626374
129 0.1417975567190227 0.5714285714285715 0.02006980802792321 0.6593406593406594
39 0.16077661431064572 0.4670329670329671 0.008289703315881327 0.9120879120879122
71 0.17735602094240838 0.47802197802197804 0.004799301919720768 0.4945054945054945
20 0.2017888307155323 0.4670329670329671 0.008289703315881327 0.9120879120879122
207 0.22011343804537523 0.47802197802197804 0.02137870855148342 0.4945054945054945
72 0.24410994764397906 0.7362637362637363 0.005671902268760908 0.26373626373626374
209 0.2705061082024433 0.565934065934066 0.019197207678883072 0.6483516483516484
39 0.28904886561954624 0.47252747252747257 0.008289703315881327 0.9230769230769231
127 0.3241710296684119 0.47252747252747257 0.031413612565445025 0.3516483516483517
20 0.36016579406631766 0.47802197802197804 0.008289703315881327 0.9120879120879122
145 0.37674520069808026 0.39010989010989017 0.009162303664921467 0.6703296703296704
128 0.40903141361256545 0.4835164835164836 0.02137870855148342 0.06593406593406594
207 0.4421902268760908 0.5 0.02137870855148342 0.4945054945054945
72 0.4661867364746946 0.7527472527472528 0.005671902268760908 0.27472527472527475
209 0.49323734729493895 0.5824175824175825 0.01963350785340314 0.6593406593406594
39 0.5119982547993019 0.48901098901098905 0.008289703315881327 0.9120879120879122
20 0.5268324607329843 0.48901098901098905 0.008289703315881327 0.9120879120879122
20 0.5410122164048866 0.48901098901098905 0.008726003490401396 0.9120879120879122
207 0.5589005235602095 0.5054945054945056 0.02181500872600349 0.4835164835164836
72 0.5828970331588132 0.7582417582417583 0.005235602094240838 0.26373626373626374
145 0.6106020942408377 0.4010989010989011 0.009162303664921467 0.6703296703296704
128 0.6426701570680629 0.4945054945054945 0.02181500872600349 0.06593406593406594
209 0.6740837696335079 0.5934065934065934 0.019197207678883072 0.6593406593406594
39 0.6926265270506108 0.5 0.008289703315881327 0.9120879120879122
169 0.7113874345549739 0.5934065934065934 0.005671902268760908 0.6153846153846154
20 0.7358202443280978 0.5109890109890111 0.008289703315881327 0.9120879120879122
209 0.7519633507853404 0.6043956043956045 0.01963350785340314 0.6593406593406594
72 0.774650959860384 0.7747252747252747 0.005671902268760908 0.27472527472527475
207 0.8030104712041884 0.521978021978022 0.02137870855148342 0.4945054945054945
39 0.8228621291448517 0.5109890109890111 0.008726003490401396 0.9120879120879122
169 0.8414048865619547 0.598901098901099 0.005671902268760908 0.6263736263736264
20 0.8658376963350786 0.5164835164835165 0.008289703315881327 0.9010989010989011
207 0.8837260034904014 0.532967032967033 0.02137870855148342 0.4945054945054945
72 0.9075043630017452 0.7912087912087913 0.005235602094240838 0.26373626373626374
128 0.9391361256544503 0.5164835164835165 0.02225130890052356 0.06593406593406594
209 0.962260034904014 0.6153846153846154 0.01963350785340314 0.6593406593406594
39 0.980802792321117 0.5274725274725275 0.008726003490401396 0.9010989010989011
39 0.9949825479930192 0.5274725274725275 0.008289703315881327 0.9010989010989011
