204 0.0033259423503325942 0.46195652173913043 0.0066518847006651885 0.9239130434782609
75 0.041574279379157426 0.3913043478260869 0.043237250554323724 0.6739130434782609
160 0.0942350332594235 0.47282608695652173 0.05543237250554324 0.8152173913043478
115 0.1352549889135255 0.625 0.015521064301552107 0.46739130434782605
20 0.17073170731707318 0.46739130434782605 0.022172949002217293 0.9347826086956521
211 0.2106430155210643 0.4076086956521739 0.04212860310421286 0.6630434782608695
39 0.25055432372505543 0.483695652173913 0.022172949002217293 0.9239130434782609
204 0.2827050997782705 0.4782608695652174 0.0066518847006651885 0.9347826086956521
101 0.3181818181818182 0.7445652173913043 0.037694013303769404 0.46739130434782605
148 0.31596452328159647 0.4184782608695652 0.026607538802660754 0.05434782608695652
84 0.40687361419068735 0.483695652173913 0.06208425720620843 0.25
145 0.49223946784922396 0.41304347826086957 0.031042128603104215 0.6304347826086957
72 0.5271618625277162 0.7554347826086957 0.012195121951219513 0.2717391304347826
115 0.5842572062084257 0.3913043478260869 0.019955654101995565 0.6739130434782609
84 0.6618625277161863 0.4891304347826087 0.06208425720620843 0.2608695652173913
145 0.7472283813747228 0.4184782608695652 0.031042128603104215 0.6413043478260869
72 0.7832594235033259 0.7554347826086957 0.012195121951219513 0.2717391304347826
195 0.8331485587583148 0.40217391304347827 0.036585365853658534 0.6521739130434783
72 0.8697339246119734 0.7445652173913043 0.012195121951219513 0.2717391304347826
119 0.9512195121951219 0.6739130434782609 0.09312638580931264 0.10869565217391304
