207 0.012285012285012284 0.5308641975308641 0.02457002457002457 0.4444444444444444
158 0.033169533169533166 0.19753086419753085 0.0085995085995086 0.2716049382716049
209 0.05866093366093366 0.6296296296296295 0.025184275184275184 0.6666666666666666
158 0.07831695331695332 0.18518518518518517 0.007985257985257985 0.2716049382716049
108 0.11486486486486486 0.5061728395061729 0.020884520884520884 0.8148148148148148
207 0.1511056511056511 0.5123456790123456 0.02457002457002457 0.4567901234567901
209 0.1821253071253071 0.6172839506172839 0.023955773955773956 0.691358024691358
155 0.22788697788697787 0.5061728395061729 0.03194103194103194 0.6419753086419753
207 0.2757985257985258 0.5061728395061729 0.02457002457002457 0.4444444444444444
48 0.3166461916461916 0.4012345679012346 0.030098280098280097 0.728395061728395
145 0.33875921375921375 0.7592592592592592 0.014127764127764127 0.43209876543209874
155 0.3811425061425061 0.5 0.032555282555282554 0.6296296296296295
48 0.44103194103194104 0.38888888888888884 0.03194103194103194 0.728395061728395
145 0.4622235872235872 0.7530864197530864 0.012899262899262898 0.41975308641975306
209 0.4877149877149877 0.611111111111111 0.02334152334152334 0.6790123456790123
155 0.5325552825552825 0.48765432098765427 0.03194103194103194 0.6296296296296295
48 0.5912162162162162 0.38888888888888884 0.032555282555282554 0.728395061728395
145 0.6133292383292384 0.7469135802469136 0.014127764127764127 0.43209876543209874
48 0.6504914004914005 0.38888888888888884 0.033169533169533166 0.7530864197530864
145 0.6722972972972973 0.7469135802469136 0.014127764127764127 0.4074074074074074
178 0.7042383292383292 0.48148148148148145 0.025184275184275184 0.691358024691358
207 0.7426289926289926 0.49382716049382713 0.02457002457002457 0.4444444444444444
209 0.773034398034398 0.5925925925925926 0.023955773955773956 0.691358024691358
155 0.8197174447174447 0.47530864197530864 0.032555282555282554 0.6296296296296295
35 0.874078624078624 0.35802469135802467 0.03562653562653562 0.691358024691358
48 0.9216830466830467 0.3641975308641975 0.030098280098280097 0.728395061728395
145 0.9425675675675675 0.728395061728395 0.012899262899262898 0.41975308641975306
155 0.9831081081081081 0.4691358024691358 0.03132678132678133 0.6419753086419753
