20 0.005056513979773945 0.5 0.01011302795954789 0.8571428571428571
47 0.03688280785246877 0.3988095238095238 0.034503271861986914 0.7023809523809523
130 0.06335514574657942 0.7619047619047619 0.018441403926234386 0.30952380952380953
155 0.09250446162998216 0.7678571428571428 0.02201070791195717 0.41666666666666663
145 0.11511005353955979 0.744047619047619 0.012492563950029744 0.41666666666666663
65 0.1522903033908388 0.5059523809523809 0.03331350386674599 0.5119047619047619
48 0.20850684116597265 0.3988095238095238 0.030339083878643668 0.7023809523809523
130 0.23378941106484236 0.7559523809523809 0.01903628792385485 0.2976190476190476
155 0.2629387269482451 0.7559523809523809 0.021415823914336704 0.41666666666666663
145 0.2852468768590125 0.738095238095238 0.012492563950029744 0.40476190476190477
39 0.30160618679357526 0.4880952380952381 0.010707911957168352 0.8571428571428571
35 0.3393813206424747 0.375 0.03271861986912552 0.6785714285714285
178 0.380725758477097 0.4821428571428571 0.026174895895300417 0.6785714285714285
47 0.430696014277216 0.369047619047619 0.034503271861986914 0.6904761904761905
130 0.4583581201665675 0.738095238095238 0.018441403926234386 0.30952380952380953
155 0.48720999405116006 0.7321428571428571 0.021415823914336704 0.41666666666666663
145 0.5098155859607377 0.7202380952380952 0.013087447947650209 0.41666666666666663
35 0.5395597858417609 0.35119047619047616 0.032123735871505056 0.6785714285714285
65 0.5889351576442594 0.47023809523809523 0.03331350386674599 0.5119047619047619
48 0.6439619274241524 0.3630952380952381 0.03152885187388459 0.7261904761904762
130 0.6698393813206425 0.7202380952380952 0.01784651992861392 0.2976190476190476
155 0.6980963712076146 0.7261904761904762 0.02201070791195717 0.40476190476190477
145 0.7207019631171921 0.7023809523809523 0.013682331945270673 0.40476190476190477
35 0.7510410469958358 0.33928571428571425 0.03390838786436645 0.6785714285714285
178 0.7935752528256991 0.4583333333333333 0.026174895895300417 0.6785714285714285
47 0.8408685306365259 0.34523809523809523 0.03271861986912552 0.6904761904761905
130 0.8673408685306365 0.7142857142857142 0.01784651992861392 0.30952380952380953
65 0.9083878643664486 0.4583333333333333 0.03331350386674599 0.5119047619047619
48 0.9651992861392029 0.35119047619047616 0.030339083878643668 0.7023809523809523
130 0.9892920880428316 0.7142857142857142 0.01903628792385485 0.30952380952380953
