105 0.024657534246575342 0.4318181818181818 0.049315068493150684 0.6818181818181819
130 0.11917808219178082 0.5568181818181819 0.11232876712328767 0.4545454545454546
200 0.24383561643835616 0.5568181818181819 0.10410958904109589 0.4545454545454546
20 0.3547945205479452 0.5397727272727273 0.052054794520547946 0.875
14 0.4931506849315069 0.4090909090909091 0.2191780821917808 0.6818181818181819
39 0.6424657534246575 0.5397727272727273 0.052054794520547946 0.875
84 0.7808219178082192 0.5227272727272727 0.14794520547945206 0.2272727272727273
94 0.9438356164383561 0.5 0.10136986301369863 0.045454545454545456
195 0.9438356164383561 0.7727272727272727 0.0684931506849315 0.4090909090909091
145 0.9465753424657535 0.20454545454545456 0.052054794520547946 0.4090909090909091
