75 0.0419921875 0.38414634146341464 0.083984375 0.7682926829268293
20 0.1142578125 0.5060975609756098 0.048828125 0.9390243902439025
50 0.2119140625 0.4024390243902439 0.123046875 0.7073170731707318
39 0.3173828125 0.5060975609756098 0.044921875 0.9390243902439025
121 0.4638671875 0.4451219512195122 0.091796875 0.6707317073170732
154 0.640625 0.5365853658536586 0.0859375 0.4634146341463415
20 0.728515625 0.49390243902439024 0.046875 0.9390243902439025
51 0.83984375 0.4024390243902439 0.09765625 0.7073170731707318
39 0.9248046875 0.49390243902439024 0.044921875 0.9390243902439025
169 0.9833984375 0.5792682926829269 0.025390625 0.6463414634146342
