51 0.0409982174688057 0.45652173913043476 0.0819964349376114 0.6304347826086957
139 0.17557932263814616 0.532608695652174 0.09803921568627451 0.8913043478260869
50 0.32174688057040995 0.45108695652173914 0.1194295900178253 0.6413043478260869
130 0.3868092691622103 0.7445652173913043 0.049910873440285206 0.2934782608695652
84 0.5204991087344029 0.5217391304347826 0.09982174688057041 0.2608695652173913
207 0.6524064171122994 0.5652173913043478 0.071301247771836 0.43478260869565216
130 0.713903743315508 0.8315217391304348 0.0481283422459893 0.2934782608695652
128 0.729946524064171 0.27717391304347827 0.06951871657754011 0.05434782608695652
145 0.7976827094474153 0.22282608695652173 0.0231729055258467 0.44565217391304346
20 0.8538324420677361 0.5489130434782609 0.0427807486631016 0.8152173913043478
211 0.9117647058823529 0.46195652173913043 0.0659536541889483 0.6413043478260869
39 0.9750445632798573 0.5434782608695652 0.0427807486631016 0.8260869565217391
