20 0.007930214115781126 0.5229885057471264 0.01586042823156225 0.9080459770114943
113 0.04203013481363997 0.40804597701149425 0.03013481363996828 0.6551724137931034
100 0.10626486915146709 0.5229885057471264 0.04916732751784298 0.7011494252873564
211 0.17208564631245044 0.43103448275862066 0.02696272799365583 0.632183908045977
39 0.2049960348929421 0.5 0.016653449643140365 0.8850574712643678
169 0.24464710547184773 0.6149425287356322 0.011895321173671689 0.632183908045977
4 0.40523394131641555 0.5114942528735632 0.019032513877874704 0.9080459770114943
196 0.43774781919111816 0.5057471264367817 0.0317208564631245 0.4367816091954023
20 0.4742268041237113 0.5229885057471264 0.01586042823156225 0.9080459770114943
128 0.5245836637589215 0.5057471264367817 0.06740681998413957 0.06896551724137931
113 0.5888183980967486 0.3908045977011494 0.029341792228390166 0.6436781609195402
39 0.6217287866772403 0.47701149425287354 0.01586042823156225 0.8850574712643678
196 0.6590007930214116 0.4942528735632184 0.03330689928628073 0.4367816091954023
20 0.6954797779540047 0.5057471264367817 0.01586042823156225 0.896551724137931
113 0.7299762093576526 0.3850574712643678 0.029341792228390166 0.6551724137931034
39 0.7624900872323552 0.48275862068965514 0.016653449643140365 0.896551724137931
5 0.796193497224425 0.4540229885057471 0.019032513877874704 0.9080459770114943
84 0.8632038065027756 0.5057471264367817 0.06106264869151467 0.20689655172413793
195 0.929421094369548 0.40804597701149425 0.02696272799365583 0.632183908045977
105 0.9563838223632039 0.3908045977011494 0.017446471054718478 0.6666666666666666
113 0.9837430610626486 0.3850574712643678 0.029341792228390166 0.6551724137931034
