49 0.04640250260688217 0.47706422018348627 0.09280500521376434 0.6055045871559633
190 0.04535974973931178 0.05045871559633028 0.03023983315954119 0.10091743119266056
145 0.0959332638164755 0.7935779816513762 0.022940563086548488 0.3761467889908257
20 0.12877997914494266 0.5642201834862386 0.023983315954118876 0.7798165137614679
186 0.1704900938477581 0.536697247706422 0.023983315954118876 0.48623853211009177
39 0.205422314911366 0.5688073394495413 0.02502606882168926 0.7706422018348624
20 0.2361835245046924 0.5642201834862386 0.021897810218978103 0.7798165137614679
153 0.2904066736183525 0.5963302752293578 0.049009384775808136 0.6788990825688074
20 0.340458811261731 0.573394495412844 0.023983315954118876 0.7798165137614679
209 0.39468196037539105 0.6743119266055047 0.051094890510948905 0.5779816513761469
39 0.44577685088633995 0.573394495412844 0.026068821689259645 0.7798165137614679
39 0.4786235662148071 0.573394495412844 0.027111574556830033 0.7798165137614679
84 0.5620437956204379 0.518348623853211 0.058394160583941604 0.1926605504587156
188 0.6522419186652764 0.46788990825688076 0.040667361835245046 0.6238532110091743
20 0.6955161626694474 0.573394495412844 0.022940563086548488 0.7798165137614679
186 0.7367049009384776 0.5412844036697249 0.023983315954118876 0.4954128440366973
39 0.7747653806047967 0.5688073394495413 0.02502606882168926 0.7706422018348624
153 0.8310740354535975 0.6009174311926606 0.05213764337851929 0.6697247706422018
20 0.8816475495307612 0.5779816513761469 0.023983315954118876 0.7706422018348624
209 0.9353493222106362 0.6743119266055047 0.05005213764337852 0.5779816513761469
39 0.9848800834202295 0.573394495412844 0.026068821689259645 0.7798165137614679
