207 0.02254791431792559 0.5443037974683544 0.04509582863585118 0.5063291139240507
84 0.11048478015783539 0.5 0.060879368658399095 0.2911392405063291
53 0.1995490417136415 0.5443037974683544 0.04284103720405862 0.5063291139240507
105 0.23562570462232243 0.6835443037974683 0.020293122886133032 0.5316455696202531
210 0.2801578354002255 0.550632911392405 0.03945885005636979 0.49367088607594933
72 0.3173618940248027 0.8164556962025317 0.012401352874859075 0.31645569620253167
105 0.3923337091319053 0.4050632911392405 0.02705749718151071 0.7848101265822784
84 0.47237880496054113 0.5 0.060879368658399095 0.2911392405063291
145 0.560879368658399 0.4177215189873418 0.030439684329199548 0.7341772151898734
72 0.59695603156708 0.8164556962025317 0.012401352874859075 0.31645569620253167
119 0.6798196166854565 0.7088607594936709 0.09470124013528748 0.12658227848101267
72 0.7638105975197294 0.8037974683544303 0.012401352874859075 0.31645569620253167
113 0.8173618940248026 0.3924050632911392 0.04284103720405862 0.7848101265822784
128 0.9013528748590754 0.5 0.055242390078917694 0.06329113924050633
145 0.9825253664036077 0.4177215189873418 0.030439684329199548 0.7341772151898734
