6 0.06263736263736264 0.49242424242424243 0.12527472527472527 0.9545454545454546
56 0.16703296703296702 0.26515151515151514 0.05274725274725275 0.3787878787878788
56 0.24065934065934066 0.26515151515151514 0.05054945054945055 0.3787878787878788
104 0.31648351648351647 0.6363636363636364 0.04835164835164835 0.12121212121212122
89 0.3912087912087912 0.4696969696969697 0.07472527472527472 0.9393939393939394
53 0.46593406593406594 0.6363636363636364 0.08351648351648351 0.6666666666666667
126 0.5923076923076923 0.6287878787878788 0.14725274725274726 0.6515151515151515
105 0.7021978021978021 0.4696969696969697 0.046153846153846156 0.9393939393939394
115 0.7571428571428571 0.48484848484848486 0.041758241758241756 0.9090909090909092
105 0.8131868131868132 0.4696969696969697 0.04395604395604395 0.9393939393939394
80 0.8835164835164835 0.6287878787878788 0.07472527472527472 0.6515151515151515
168 0.9659340659340659 0.6287878787878788 0.05934065934065934 0.6515151515151515
