31 0.03297442799461642 0.4428571428571429 0.06594885598923284 0.580952380952381
71 0.10228802153432032 0.5476190476190477 0.013458950201884253 0.3523809523809524
8 0.2018842530282638 0.4428571428571429 0.07806191117092867 0.6000000000000001
163 0.2691790040376851 0.7238095238095239 0.03499327052489906 0.2666666666666667
191 0.36473755047106327 0.5238095238095238 0.05383580080753701 0.4190476190476191
8 0.4791386271870794 0.43809523809523815 0.07806191117092867 0.5904761904761905
76 0.5477792732166891 0.7714285714285715 0.03499327052489906 0.4190476190476191
130 0.5545087483176312 0.2571428571428572 0.04845222072678331 0.2666666666666667
128 0.6191117092866757 0.23333333333333336 0.05383580080753701 0.04761904761904762
145 0.6790040376850606 0.1904761904761905 0.028263795423956933 0.380952380952381
167 0.7920592193808883 0.5 0.0955585464333782 0.2571428571428572
22 0.9407806191117093 0.43809523809523815 0.11305518169582773 0.5904761904761905
