205 0.04693486590038314 0.5476190476190476 0.09386973180076628 0.47619047619047616
20 0.13505747126436782 0.494047619047619 0.047892720306513405 0.9404761904761905
207 0.20210727969348657 0.5238095238095237 0.08237547892720307 0.47619047619047616
25 0.28065134099616856 0.744047619047619 0.07471264367816091 0.44047619047619047
39 0.3448275862068965 0.494047619047619 0.04597701149425287 0.9166666666666666
121 0.47701149425287354 0.5 0.10344827586206896 0.7142857142857142
205 0.6350574712643677 0.5238095238095237 0.09386973180076628 0.47619047619047616
158 0.7030651340996168 0.19047619047619047 0.022988505747126436 0.26190476190476186
20 0.7634099616858238 0.4880952380952381 0.044061302681992334 0.9761904761904762
207 0.8295019157088123 0.5178571428571428 0.08429118773946359 0.46428571428571425
25 0.9080459770114943 0.7321428571428571 0.07279693486590037 0.44047619047619047
39 0.9731800766283525 0.4880952380952381 0.04597701149425287 0.9047619047619047
