20 0.022727272727272728 0.5 0.045454545454545456 0.9354838709677419
47 0.15151515151515152 0.3951612903225806 0.12727272727272726 0.7580645161290323
20 0.2606060606060606 0.5 0.048484848484848485 0.9354838709677419
189 0.34393939393939393 0.3951612903225806 0.0696969696969697 0.7580645161290323
39 0.4257575757575758 0.49193548387096775 0.051515151515151514 0.9516129032258064
72 0.4909090909090909 0.782258064516129 0.030303030303030304 0.27419354838709675
47 0.6333333333333333 0.3870967741935484 0.12727272727272726 0.7419354838709677
20 0.7424242424242424 0.4758064516129032 0.048484848484848485 0.9516129032258064
145 0.8212121212121212 0.3548387096774194 0.06666666666666667 0.7096774193548387
39 0.9045454545454545 0.4838709677419355 0.045454545454545456 0.9354838709677419
39 0.9696969696969697 0.4838709677419355 0.048484848484848485 0.9354838709677419
