76 0.02173913043478261 0.3860759493670886 0.04347826086956522 0.7721518987341772
71 0.07097186700767263 0.5189873417721519 0.011508951406649617 0.5063291139240507
7 0.1425831202046036 0.4240506329113924 0.06777493606138107 0.7215189873417721
191 0.21355498721227623 0.20253164556962025 0.030690537084398978 0.3037974683544304
176 0.26086956521739135 0.4873417721518987 0.03580562659846548 0.9746835443037974
4 0.30754475703324813 0.4873417721518987 0.0370843989769821 0.9493670886075949
7 0.36828644501278773 0.4113924050632911 0.0690537084398977 0.7215189873417721
191 0.44117647058823534 0.1962025316455696 0.030690537084398978 0.31645569620253167
72 0.49040920716112535 0.7848101265822784 0.014066496163682865 0.27848101265822783
7 0.5601023017902814 0.4050632911392405 0.06649616368286446 0.7088607594936709
191 0.6317135549872124 0.18987341772151897 0.030690537084398978 0.3037974683544304
5 0.6879795396419438 0.4873417721518987 0.03580562659846548 0.9493670886075949
167 0.7864450127877238 0.47468354430379744 0.09718670076726343 0.3670886075949367
17 0.9040920716112533 0.3924050632911392 0.08184143222506395 0.7341772151898734
191 0.9820971867007673 0.17721518987341772 0.030690537084398978 0.3037974683544304
