117 0.023615635179153095 0.48924731182795705 0.04723127035830619 0.9784946236559141
45 0.1245928338762215 0.3709677419354839 0.09283387622149837 0.6774193548387097
20 0.19218241042345277 0.467741935483871 0.03908794788273616 0.913978494623656
95 0.2776872964169381 0.5913978494623656 0.07003257328990228 0.6881720430107527
39 0.3477198697068404 0.4731182795698925 0.03420195439739414 0.903225806451613
153 0.43078175895765475 0.5 0.07654723127035831 0.7849462365591399
72 0.495928338762215 0.7419354838709677 0.021172638436482087 0.25806451612903225
153 0.5895765472312704 0.510752688172043 0.08143322475570033 0.7849462365591399
164 0.6734527687296418 0.48924731182795705 0.04723127035830619 0.9784946236559141
84 0.8224755700325733 0.40860215053763443 0.09120521172638436 0.21505376344086025
211 0.964169381107492 0.3655913978494624 0.06514657980456026 0.7096774193548387
