161 0.03703703703703704 0.6611111111111111 0.07407407407407408 0.6333333333333333
20 0.11831275720164611 0.5388888888888889 0.04732510288065844 0.8555555555555556
145 0.18930041152263377 0.46111111111111114 0.04938271604938272 0.6333333333333333
39 0.2551440329218107 0.5388888888888889 0.05349794238683128 0.8555555555555556
84 0.40020576131687247 0.5277777777777778 0.1131687242798354 0.23333333333333334
207 0.5534979423868314 0.55 0.08641975308641976 0.43333333333333335
130 0.6234567901234569 0.8222222222222223 0.04938271604938272 0.2888888888888889
113 0.690329218106996 0.2 0.051440329218107 0.4
149 0.7438271604938272 0.638888888888889 0.0925925925925926 0.6111111111111112
20 0.8384773662551441 0.5277777777777778 0.04732510288065844 0.8555555555555556
145 0.9043209876543211 0.43333333333333335 0.04320987654320988 0.6444444444444445
39 0.9711934156378602 0.5388888888888889 0.04938271604938272 0.8555555555555556
