110 0.03374908290535583 0.49393939393939396 0.06749816581071166 0.9878787878787879
128 0.06456346294937639 0.9030303030303031 0.01760821716801174 0.03636363636363636
155 0.08840792369772561 0.07878787878787878 0.016874541452677916 0.14545454545454545
109 0.0975788701393984 0.9 0.024944974321349966 0.1393939393939394
204 0.10931768158473955 0.48484848484848486 0.00293470286133529 0.5212121212121212
109 0.12179016874541454 0.07272727272727272 0.024944974321349966 0.13333333333333333
116 0.1500366837857667 0.47878787878787876 0.02714600146735143 0.3151515151515151
128 0.21056493030080706 0.503030303030303 0.061628760088041086 0.03636363636363636
115 0.26669112252384447 0.44545454545454544 0.013939838591342627 0.34545454545454546
204 0.3000733675715334 0.49696969696969695 0.004402054292002935 0.5212121212121212
128 0.3356566397652238 0.3939393939393939 0.018341892883345562 0.024242424242424242
195 0.35693323550990463 0.36666666666666664 0.015407190022010272 0.17575757575757575
75 0.384446074834923 0.44545454545454544 0.0293470286133529 0.34545454545454546
166 0.4112252384446075 0.6 0.022743947175348497 0.2909090909090909
112 0.4314013206162876 0.6090909090909091 0.01467351430667645 0.2606060606060606
113 0.4512105649303008 0.5848484848484848 0.019075568598679385 0.21212121212121213
20 0.4801907556859868 0.5151515151515151 0.015407190022010272 0.4727272727272727
116 0.5095377842993397 0.47878787878787876 0.028613352898019077 0.3151515151515151
39 0.5396184886280264 0.509090909090909 0.015407190022010272 0.4727272727272727
84 0.6016140865737344 0.5212121212121212 0.05575935436537051 0.09696969696969697
20 0.6658107116654439 0.5212121212121212 0.015407190022010272 0.4727272727272727
96 0.694424064563463 0.6 0.02714600146735143 0.30303030303030304
112 0.7168011738811446 0.6181818181818182 0.01467351430667645 0.2545454545454545
20 0.7428466617754953 0.5212121212121212 0.015407190022010272 0.4727272727272727
115 0.7677916360968452 0.4636363636363636 0.013939838591342627 0.34545454545454546
39 0.7909024211298606 0.5060606060606061 0.01467351430667645 0.4666666666666667
72 0.8165810711665444 0.6575757575757576 0.01173881144534116 0.15151515151515152
96 0.8536316947909025 0.6060606060606061 0.02714600146735143 0.30303030303030304
113 0.8811445341159209 0.5969696969696969 0.019075568598679385 0.21212121212121213
20 0.9101247248716068 0.5272727272727272 0.015407190022010272 0.4727272727272727
115 0.9347028613352899 0.4636363636363636 0.013206162876008804 0.34545454545454546
39 0.9581804842259721 0.5151515151515151 0.01467351430667645 0.4727272727272727
39 0.9908290535583273 0.5121212121212121 0.015407190022010272 0.4666666666666667
