154 0.03651685393258427 0.5067567567567568 0.07303370786516854 0.5
70 0.11891385767790262 0.46621621621621623 0.04307116104868914 0.31081081081081086
172 0.20880149812734083 0.5 0.07303370786516854 0.5135135135135136
70 0.29213483146067415 0.46621621621621623 0.0449438202247191 0.31081081081081086
95 0.37453183520599254 0.6081081081081081 0.06741573033707865 0.7297297297297298
50 0.45318352059925093 0.7027027027027027 0.06741573033707865 0.4594594594594595
71 0.5243445692883896 0.49324324324324326 0.0149812734082397 0.5270270270270271
7 0.650749063670412 0.37162162162162166 0.09925093632958802 0.7432432432432433
167 0.8071161048689138 0.4594594594594595 0.1198501872659176 0.3783783783783784
7 0.9466292134831461 0.37162162162162166 0.09925093632958802 0.7432432432432433
