113 0.012315270935960592 0.4158415841584158 0.024630541871921183 0.5742574257425742
4 0.03355911330049261 0.504950495049505 0.011699507389162561 0.7524752475247525
207 0.05080049261083744 0.5198019801980198 0.025246305418719212 0.38613861386138615
145 0.0729679802955665 0.6287128712871287 0.008004926108374385 0.40594059405940597
72 0.09020935960591134 0.7227722772277227 0.009236453201970444 0.21782178217821782
119 0.13238916256157635 0.6683168316831684 0.04802955665024631 0.0891089108910891
72 0.17518472906403942 0.7326732673267327 0.009236453201970444 0.21782178217821782
207 0.1998152709359606 0.5297029702970297 0.024014778325123155 0.38613861386138615
130 0.2207512315270936 0.7079207920792079 0.0166256157635468 0.26732673267326734
128 0.2438423645320197 0.6831683168316832 0.023399014778325122 0.0594059405940594
145 0.2660098522167488 0.6435643564356436 0.007389162561576354 0.39603960396039606
72 0.28417487684729065 0.7425742574257426 0.009236453201970444 0.21782178217821782
207 0.30942118226600984 0.5396039603960396 0.025246305418719212 0.38613861386138615
130 0.3312807881773399 0.7128712871287128 0.01600985221674877 0.25742574257425743
72 0.3497536945812808 0.7475247524752475 0.008620689655172414 0.2079207920792079
207 0.374692118226601 0.5445544554455446 0.025246305418719212 0.37623762376237624
130 0.39624384236453203 0.806930693069307 0.0166256157635468 0.26732673267326734
128 0.40116995073891626 0.2376237623762376 0.024014778325123155 0.0594059405940594
145 0.42426108374384236 0.19801980198019803 0.007389162561576354 0.39603960396039606
5 0.44242610837438423 0.5346534653465347 0.01293103448275862 0.7524752475247525
84 0.48583743842364535 0.5198019801980198 0.034482758620689655 0.22772277227722773
113 0.5326354679802956 0.4603960396039604 0.02586206896551724 0.5841584158415841
4 0.5541871921182266 0.5445544554455446 0.012315270935960592 0.7524752475247525
14 0.5812807881773399 0.4752475247524752 0.04187192118226601 0.5742574257425742
145 0.6062192118226601 0.6732673267326733 0.008004926108374385 0.39603960396039606
72 0.6237684729064039 0.7821782178217822 0.008620689655172414 0.21782178217821782
119 0.666564039408867 0.7227722772277227 0.049876847290640396 0.09900990099009901
72 0.7096674876847291 0.7871287128712872 0.009236453201970444 0.22772277227722773
14 0.7447660098522167 0.4801980198019802 0.04248768472906404 0.5841584158415841
130 0.7700123152709359 0.7475247524752475 0.01539408866995074 0.26732673267326734
128 0.7924876847290641 0.7326732673267327 0.022167487684729065 0.0594059405940594
145 0.8146551724137931 0.6881188118811882 0.008620689655172414 0.40594059405940597
72 0.833435960591133 0.7871287128712872 0.009236453201970444 0.22772277227722773
207 0.8580665024630542 0.5841584158415841 0.025246305418719212 0.37623762376237624
130 0.8799261083743842 0.7574257425742574 0.017241379310344827 0.26732673267326734
72 0.8987068965517242 0.7871287128712872 0.009236453201970444 0.22772277227722773
207 0.9242610837438424 0.5792079207920792 0.02586206896551724 0.38613861386138615
130 0.9458128078817734 0.8465346534653465 0.01600985221674877 0.26732673267326734
128 0.9510467980295566 0.2722772277227723 0.024014778325123155 0.04950495049504951
145 0.9738300492610837 0.23267326732673269 0.008004926108374385 0.40594059405940597
5 0.9923029556650247 0.5643564356435644 0.01293103448275862 0.7524752475247525
