20 0.019553072625698324 0.5117647058823529 0.03910614525139665 0.9294117647058824
113 0.09869646182495344 0.38235294117647056 0.0670391061452514 0.6705882352941176
84 0.24953445065176907 0.5117647058823529 0.14525139664804468 0.2
116 0.40037243947858475 0.4588235294117647 0.07076350093109869 0.611764705882353
145 0.4590316573556797 0.12352941176470589 0.03910614525139665 0.24705882352941178
195 0.4590316573556797 0.4235294117647059 0.03910614525139665 0.23529411764705882
94 0.45996275605214154 0.27647058823529413 0.040968342644320296 0.058823529411764705
72 0.5 0.7705882352941177 0.027932960893854747 0.3176470588235294
116 0.5977653631284916 0.45294117647058824 0.07076350093109869 0.6235294117647059
100 0.7476722532588455 0.5235294117647059 0.11359404096834265 0.7176470588235294
211 0.8985102420856611 0.4235294117647059 0.061452513966480445 0.6588235294117647
39 0.9767225325884543 0.4823529411764706 0.03910614525139665 0.9176470588235294
