18 0.020954598370197905 0.4107142857142857 0.04190919674039581 0.7142857142857142
149 0.05878928987194412 0.6785714285714285 0.024447031431897553 0.42857142857142855
4 0.09080325960419092 0.46428571428571425 0.013969732246798603 0.8571428571428571
11 0.1280558789289872 0.39285714285714285 0.04889406286379511 0.7142857142857142
30 0.1589057043073341 0.6696428571428571 0.024447031431897553 0.4464285714285714
5 0.18975552968568102 0.45535714285714285 0.013969732246798603 0.8392857142857142
65 0.23864959254947612 0.40178571428571425 0.03958090803259604 0.6607142857142857
20 0.28637951105937137 0.45535714285714285 0.01629802095459837 0.8392857142857142
17 0.3265424912689173 0.3839285714285714 0.05238649592549476 0.7321428571428571
176 0.3620488940628638 0.4196428571428571 0.01629802095459837 0.8392857142857142
30 0.3969732246798603 0.40178571428571425 0.04190919674039581 0.6964285714285714
39 0.4359720605355064 0.4732142857142857 0.017462165308498253 0.8392857142857142
4 0.45925494761350405 0.4464285714285714 0.015133876600698487 0.8571428571428571
50 0.49825378346915017 0.39285714285714285 0.05355064027939464 0.7142857142857142
72 0.5285215366705471 0.7321428571428571 0.011641443538998836 0.25
51 0.5861466821885913 0.4107142857142857 0.04540162980209546 0.7142857142857142
5 0.6222351571594877 0.46428571428571425 0.015133876600698487 0.8571428571428571
84 0.6717112922002328 0.4375 0.037252619324796274 0.26785714285714285
20 0.719441210710128 0.49107142857142855 0.01629802095459837 0.8392857142857142
17 0.760186263096624 0.4196428571428571 0.05355064027939464 0.7321428571428571
176 0.7951105937136205 0.4732142857142857 0.01629802095459837 0.8392857142857142
30 0.8306169965075669 0.45535714285714285 0.04307334109429569 0.6964285714285714
39 0.8684516880093132 0.5178571428571428 0.01629802095459837 0.8571428571428571
4 0.8917345750873108 0.5178571428571428 0.01629802095459837 0.8571428571428571
11 0.929569266589057 0.45535714285714285 0.047729918509895226 0.7321428571428571
149 0.959837019790454 0.7410714285714285 0.024447031431897553 0.4464285714285714
5 0.9906868451688009 0.5357142857142857 0.013969732246798603 0.8571428571428571
