64 0.03463203463203463 0.5126582278481012 0.06926406926406926 0.49367088607594933
104 0.09848484848484848 0.5 0.045454545454545456 0.08860759493670886
105 0.15476190476190477 0.37341772151898733 0.04112554112554113 0.7468354430379747
168 0.21753246753246752 0.49367088607594933 0.05411255411255411 0.5063291139240507
141 0.2987012987012987 0.5063291139240507 0.08658008658008658 0.5063291139240507
126 0.42857142857142855 0.5063291139240507 0.1471861471861472 0.5063291139240507
141 0.5562770562770563 0.5063291139240507 0.08225108225108226 0.5063291139240507
163 0.645021645021645 0.5063291139240507 0.06493506493506493 0.5063291139240507
149 0.7305194805194806 0.620253164556962 0.08441558441558442 0.7088607594936709
101 0.8246753246753247 0.3860759493670886 0.08658008658008658 0.7468354430379747
105 0.8993506493506493 0.37341772151898733 0.0367965367965368 0.7468354430379747
64 0.961038961038961 0.5063291139240507 0.06926406926406926 0.5063291139240507
