4 0.01344364012409514 0.4764705882352941 0.02688728024819028 0.9294117647058824
205 0.059979317476732165 0.5352941176470588 0.0517063081695967 0.4588235294117647
53 0.10599793174767322 0.7352941176470588 0.027921406411582216 0.3176470588235294
196 0.14322647362978286 0.5117647058823529 0.04446742502585316 0.4588235294117647
5 0.1845915201654602 0.47058823529411764 0.02585315408479835 0.9176470588235294
20 0.23578076525336092 0.5117647058823529 0.020682523267838676 0.9294117647058824
53 0.2786970010341262 0.5294117647058824 0.038262668045501554 0.47058823529411764
39 0.31851085832471565 0.5 0.022750775594622547 0.9294117647058824
84 0.40796277145811793 0.5235294117647059 0.07962771458117891 0.22352941176470587
4 0.4979317476732162 0.4647058823529412 0.02585315408479835 0.9294117647058824
205 0.5444674250258532 0.5117647058823529 0.052740434332988625 0.4588235294117647
57 0.5915201654601862 0.6588235294117647 0.022750775594622547 0.4235294117647059
196 0.6297828335056878 0.5 0.04550155118924509 0.4588235294117647
5 0.6695966907962771 0.4647058823529412 0.02585315408479835 0.9294117647058824
20 0.7207859358841779 0.5058823529411764 0.020682523267838676 0.9411764705882353
57 0.7631851085832472 0.4 0.031023784901758018 0.7058823529411764
39 0.8045501551189246 0.49411764705882355 0.022750775594622547 0.9411764705882353
84 0.8955532574974148 0.5058823529411764 0.07859358841778698 0.21176470588235294
211 0.9798345398138574 0.4176470588235294 0.03619441571871768 0.6470588235294118
