126 0.021739130434782608 0.44705882352941173 0.043478260869565216 0.47058823529411764
0 0.06280193236714976 0.3411764705882353 0.03864734299516908 0.6823529411764706
65 0.12842190016103058 0.37058823529411766 0.04428341384863124 0.6470588235294118
3 0.1892109500805153 0.34705882352941175 0.04186795491143317 0.6941176470588235
4 0.22383252818035426 0.44705882352941173 0.01610305958132045 0.8941176470588235
196 0.25 0.4647058823529412 0.029790660225442835 0.4588235294117647
145 0.2781803542673108 0.6 0.010466988727858293 0.47058823529411764
72 0.3023349436392915 0.7176470588235294 0.012077294685990338 0.2588235294117647
119 0.35990338164251207 0.6470588235294118 0.06602254428341385 0.11764705882352941
72 0.41626409017713367 0.7294117647058823 0.011272141706924315 0.2588235294117647
196 0.4528985507246377 0.48823529411764705 0.029790660225442835 0.4588235294117647
163 0.4806763285024155 0.6941176470588235 0.01932367149758454 0.32941176470588235
5 0.5024154589371981 0.47058823529411764 0.01610305958132045 0.8941176470588235
84 0.5652173913043478 0.4588235294117647 0.04508856682769726 0.2823529411764706
126 0.6404991948470209 0.5235294117647059 0.04589371980676329 0.4588235294117647
3 0.6851851851851852 0.4117647058823529 0.040257648953301126 0.6823529411764706
4 0.7181964573268921 0.5058823529411764 0.01610305958132045 0.8941176470588235
196 0.7439613526570048 0.5411764705882353 0.028985507246376812 0.44705882352941173
145 0.7717391304347826 0.6705882352941176 0.010466988727858293 0.47058823529411764
72 0.7946859903381642 0.788235294117647 0.011272141706924315 0.2588235294117647
119 0.8502415458937198 0.7176470588235294 0.0644122383252818 0.11764705882352941
72 0.9061996779388084 0.8 0.012077294685990338 0.2588235294117647
196 0.9420289855072463 0.5588235294117647 0.028985507246376812 0.4588235294117647
163 0.9694041867954911 0.7588235294117647 0.01932367149758454 0.3176470588235294
5 0.9903381642512077 0.5294117647058824 0.01610305958132045 0.8941176470588235
