17 0.026315789473684213 0.43827160493827155 0.052631578947368425 0.728395061728395
141 0.0722488038277512 0.537037037037037 0.03349282296650718 0.48148148148148145
57 0.11196172248803828 0.43827160493827155 0.03444976076555024 0.728395061728395
53 0.1507177033492823 0.537037037037037 0.031578947368421054 0.48148148148148145
209 0.18803827751196173 0.6358024691358024 0.03732057416267943 0.6790123456790123
53 0.22488038277511962 0.537037037037037 0.03062200956937799 0.48148148148148145
168 0.2550239234449761 0.5308641975308641 0.023923444976076555 0.49382716049382713
101 0.2880382775119617 0.4012345679012346 0.03636363636363636 0.7037037037037037
105 0.3181818181818182 0.42592592592592593 0.023923444976076555 0.6790123456790123
104 0.3430622009569378 0.5123456790123456 0.020095693779904306 0.1111111111111111
64 0.3674641148325359 0.5308641975308641 0.028708133971291867 0.49382716049382713
141 0.4043062200956938 0.5432098765432098 0.03349282296650718 0.49382716049382713
126 0.454066985645933 0.5432098765432098 0.056459330143540674 0.5185185185185185
149 0.5047846889952153 0.6296296296296295 0.0354066985645933 0.691358024691358
115 0.5354066985645933 0.4012345679012346 0.016267942583732056 0.728395061728395
80 0.5645933014354068 0.5123456790123456 0.028708133971291867 0.48148148148148145
186 0.592822966507177 0.4629629629629629 0.02200956937799043 0.6049382716049383
80 0.6248803827751196 0.5061728395061729 0.028708133971291867 0.49382716049382713
104 0.6535885167464115 0.49382716049382713 0.01722488038277512 0.12345679012345678
101 0.6822966507177034 0.3950617283950617 0.03827751196172249 0.7160493827160493
209 0.7215311004784689 0.5987654320987654 0.03636363636363636 0.6790123456790123
149 0.7617224880382776 0.6172839506172839 0.03636363636363636 0.691358024691358
80 0.8 0.5 0.028708133971291867 0.48148148148148145
163 0.8320574162679426 0.49382716049382713 0.023923444976076555 0.4691358024691358
57 0.8641148325358852 0.4012345679012346 0.03444976076555024 0.7037037037037037
141 0.9057416267942584 0.49382716049382713 0.0354066985645933 0.49382716049382713
115 0.9368421052631579 0.3641975308641975 0.01722488038277512 0.728395061728395
105 0.9574162679425837 0.3950617283950617 0.01818181818181818 0.691358024691358
64 0.983732057416268 0.49382716049382713 0.028708133971291867 0.49382716049382713
