48 0.04253472222222222 0.4 0.08506944444444443 0.8
130 0.11197916666666666 0.8 0.05381944444444444 0.3466666666666667
72 0.16232638888888887 0.7733333333333334 0.01909722222222222 0.29333333333333333
130 0.2795138888888889 0.5266666666666667 0.07638888888888888 0.49333333333333335
84 0.4131944444444444 0.49333333333333335 0.09722222222222221 0.24000000000000002
145 0.548611111111111 0.3866666666666667 0.04513888888888889 0.7200000000000001
72 0.6024305555555555 0.7733333333333334 0.020833333333333332 0.29333333333333333
195 0.6961805555555555 0.38 0.0625 0.7333333333333334
72 0.751736111111111 0.7733333333333334 0.020833333333333332 0.29333333333333333
119 0.9088541666666666 0.6866666666666668 0.1753472222222222 0.14666666666666667
