11 0.048611111111111105 0.40566037735849053 0.09722222222222221 0.7735849056603773
158 0.11458333333333333 0.18867924528301885 0.016203703703703703 0.3018867924528302
84 0.2037037037037037 0.4433962264150943 0.07407407407407407 0.2830188679245283
89 0.30787037037037035 0.49056603773584906 0.06481481481481481 0.9433962264150944
20 0.36342592592592593 0.46226415094339623 0.032407407407407406 0.8867924528301886
45 0.44328703703703703 0.38679245283018865 0.08101851851851852 0.7358490566037735
155 0.5590277777777778 0.4150943396226415 0.07638888888888888 0.6037735849056604
64 0.6666666666666666 0.4811320754716981 0.05555555555555555 0.5471698113207547
39 0.7256944444444444 0.4716981132075472 0.034722222222222224 0.9056603773584906
163 0.7708333333333333 0.1509433962264151 0.032407407407407406 0.3018867924528302
128 0.8599537037037036 0.4150943396226415 0.07638888888888888 0.11320754716981132
200 0.96875 0.4811320754716981 0.05324074074074074 0.4716981132075472
