48 0.047058823529411764 0.36470588235294116 0.09411764705882353 0.6823529411764706
20 0.1369747899159664 0.47058823529411764 0.03529411764705882 0.9411764705882353
207 0.2058823529411765 0.4764705882352941 0.06554621848739496 0.43529411764705883
39 0.27563025210084036 0.4764705882352941 0.03697478991596639 0.9294117647058824
84 0.4184873949579832 0.5058823529411764 0.1277310924369748 0.18823529411764706
27 0.5705882352941177 0.3941176470588235 0.07899159663865547 0.6941176470588235
20 0.6613445378151261 0.5058823529411764 0.03529411764705882 0.9411764705882353
207 0.7294117647058824 0.5176470588235293 0.06722689075630253 0.44705882352941173
128 0.7890756302521009 0.3 0.03865546218487395 0.058823529411764705
195 0.8361344537815126 0.2529411764705882 0.03529411764705882 0.36470588235294116
155 0.8831932773109245 0.3058823529411765 0.03865546218487395 0.2823529411764706
83 0.926890756302521 0.3176470588235294 0.0319327731092437 0.3058823529411765
39 0.9781512605042018 0.5117647058823529 0.03697478991596639 0.9058823529411765
