41 0.03213166144200627 0.4012345679012346 0.06426332288401254 0.728395061728395
27 0.11128526645768025 0.38888888888888884 0.07836990595611285 0.728395061728395
20 0.18338557993730406 0.49382716049382713 0.03134796238244514 0.9382716049382716
7 0.24529780564263323 0.4074074074074074 0.08620689655172413 0.691358024691358
72 0.3079937304075235 0.7777777777777777 0.017241379310344827 0.2716049382716049
89 0.3847962382445141 0.48765432098765427 0.07993730407523511 0.9753086419753085
39 0.4482758620689655 0.49382716049382713 0.03134796238244514 0.9382716049382716
84 0.5297805642633229 0.48148148148148145 0.08463949843260188 0.24691358024691357
27 0.6410658307210031 0.38888888888888884 0.07836990595611285 0.728395061728395
20 0.7163009404388715 0.49382716049382713 0.03134796238244514 0.9382716049382716
7 0.7782131661442006 0.4074074074074074 0.08620689655172413 0.691358024691358
72 0.8432601880877743 0.7901234567901234 0.018808777429467086 0.2716049382716049
89 0.9200626959247649 0.5 0.07836990595611285 0.9506172839506173
39 0.981974921630094 0.5 0.029780564263322883 0.9506172839506173
