3 0.013575819672131149 0.4853658536585366 0.027151639344262297 0.2780487804878049
54 0.034579918032786885 0.6536585365853659 0.012807377049180328 0.12682926829268293
158 0.03637295081967213 0.3829268292682927 0.007172131147540984 0.12195121951219512
20 0.048924180327868855 0.5195121951219512 0.011782786885245903 0.375609756097561
207 0.06736680327868853 0.526829268292683 0.02100409836065574 0.1951219512195122
72 0.08529713114754099 0.6341463414634146 0.0076844262295081974 0.11707317073170731
41 0.10988729508196722 0.48048780487804876 0.022028688524590164 0.28780487804878047
39 0.1283299180327869 0.5195121951219512 0.014856557377049181 0.375609756097561
84 0.17366803278688525 0.5121951219512195 0.02766393442622951 0.1073170731707317
94 0.22745901639344263 0.5146341463414634 0.04098360655737705 0.03414634146341464
154 0.2223360655737705 0.7853658536585366 0.020491803278688527 0.1951219512195122
175 0.22899590163934427 0.2048780487804878 0.017418032786885248 0.2926829268292683
195 0.24359631147540986 0.6634146341463415 0.014856557377049181 0.18536585365853658
20 0.2697233606557377 0.5292682926829269 0.016905737704918034 0.9219512195121952
94 0.3396516393442623 0.5219512195121951 0.10553278688524591 0.03902439024390244
54 0.30609631147540983 0.7829268292682927 0.019979508196721313 0.2
207 0.311219262295082 0.2634146341463415 0.022028688524590164 0.1951219512195122
54 0.3317110655737705 0.12195121951219512 0.013831967213114756 0.12682926829268293
155 0.3506659836065574 0.775609756097561 0.025102459016393443 0.23414634146341462
155 0.3542520491803279 0.08780487804878048 0.01793032786885246 0.17560975609756097
145 0.3775614754098361 0.09268292682926829 0.011270491803278689 0.18536585365853658
145 0.3890881147540984 0.7414634146341463 0.013831967213114756 0.2926829268292683
39 0.40804303278688525 0.5121951219512195 0.016905737704918034 0.926829268292683
212 0.43826844262295084 0.5073170731707317 0.014856557377049181 0.36097560975609755
41 0.460297131147541 0.6170731707317073 0.015881147540983607 0.1902439024390244
158 0.4608094262295082 0.3780487804878049 0.0076844262295081974 0.12195121951219512
20 0.47617827868852464 0.5121951219512195 0.012807377049180328 0.3804878048780488
195 0.4953893442622951 0.48292682926829267 0.0194672131147541 0.28292682926829266
54 0.5169057377049181 0.5219512195121951 0.0194672131147541 0.1951219512195122
155 0.5563524590163935 0.5146341463414634 0.02459016393442623 0.22926829268292684
145 0.5914446721311476 0.48048780487804876 0.013831967213114756 0.28780487804878047
39 0.608094262295082 0.5146341463414634 0.013319672131147542 0.375609756097561
155 0.6518954918032788 0.5170731707317073 0.025102459016393443 0.23414634146341462
27 0.6926229508196722 0.47804878048780486 0.026639344262295084 0.2926829268292683
20 0.7154200819672132 0.5146341463414634 0.012807377049180328 0.36585365853658536
207 0.7348872950819673 0.5219512195121951 0.02100409836065574 0.1951219512195122
54 0.7574282786885246 0.3853658536585366 0.012807377049180328 0.12682926829268293
155 0.7779200819672132 0.35121951219512193 0.016905737704918034 0.17560975609756097
145 0.7999487704918034 0.348780487804878 0.010758196721311475 0.1902439024390244
176 0.8153176229508197 0.37317073170731707 0.008709016393442624 0.23902439024390243
195 0.8309426229508197 0.348780487804878 0.014344262295081968 0.1902439024390244
35 0.8632172131147542 0.47804878048780486 0.029713114754098362 0.28292682926829266
54 0.8865266393442623 0.6390243902439025 0.013831967213114756 0.12682926829268293
158 0.8862704918032788 0.36585365853658536 0.007172131147540984 0.12682926829268293
20 0.9008709016393444 0.5073170731707317 0.012807377049180328 0.3804878048780488
207 0.9195696721311476 0.5170731707317073 0.020491803278688527 0.1951219512195122
72 0.9375 0.6195121951219512 0.007172131147540984 0.11707317073170731
41 0.9620901639344263 0.5121951219512195 0.02459016393442623 0.36097560975609755
39 0.9807889344262296 0.5097560975609756 0.012807377049180328 0.36585365853658536
39 0.9928278688524591 0.5073170731707317 0.012295081967213115 0.37073170731707317
