17 0.03139217470427662 0.40860215053763443 0.06278434940855324 0.6451612903225807
7 0.08689717925386715 0.6505376344086022 0.0445859872611465 0.4623655913978495
211 0.1251137397634213 0.8118279569892474 0.020928116469517744 0.33333333333333337
20 0.1624203821656051 0.48924731182795705 0.017288444040036398 0.913978494623656
208 0.19790718835304824 0.5 0.030027297543221112 0.8279569892473119
211 0.22884440400363967 0.6451612903225807 0.026387625113739765 0.4516129032258065
39 0.2625113739763421 0.49462365591397855 0.017288444040036398 0.924731182795699
121 0.3293903548680619 0.49462365591397855 0.04549590536851684 0.7311827956989247
20 0.3953594176524113 0.4838709677419355 0.017288444040036398 0.924731182795699
145 0.4285714285714286 0.41935483870967744 0.025477707006369428 0.6236559139784946
155 0.4927206551410373 0.48924731182795705 0.048225659690627844 0.6129032258064516
83 0.5573248407643312 0.510752688172043 0.030027297543221112 0.4623655913978495
176 0.5932666060054596 0.478494623655914 0.029117379435850774 0.913978494623656
145 0.6328480436760692 0.40860215053763443 0.02456778889899909 0.6236559139784946
211 0.6692447679708826 0.40860215053763443 0.03366696997270246 0.6451612903225807
211 0.7070063694267517 0.40860215053763443 0.034576888080072796 0.6451612903225807
39 0.7393084622383985 0.467741935483871 0.017288444040036398 0.913978494623656
17 0.7898089171974523 0.39247311827956993 0.06369426751592357 0.6559139784946237
7 0.8462238398544132 0.6182795698924731 0.04367606915377616 0.4623655913978495
211 0.8839854413102821 0.7741935483870969 0.020928116469517744 0.32258064516129037
20 0.921292083712466 0.456989247311828 0.017288444040036398 0.913978494623656
208 0.9572338489535942 0.478494623655914 0.03275705186533212 0.8279569892473119
39 0.9899909008189264 0.456989247311828 0.01637852593266606 0.913978494623656
