149 0.02760351317440401 0.6095238095238096 0.05520702634880802 0.5142857142857143
20 0.08030112923462986 0.4904761904761905 0.01756587202007528 0.6571428571428573
208 0.1248431618569636 0.5095238095238096 0.04893350062735257 0.6571428571428573
39 0.1618569636135508 0.48571428571428577 0.01756587202007528 0.6476190476190476
84 0.24466750313676283 0.5428571428571429 0.06524466750313676 0.20952380952380956
208 0.342534504391468 0.5142857142857143 0.047678795483061476 0.6476190476190476
130 0.38895859473023836 0.31428571428571433 0.04516938519447929 0.2666666666666667
155 0.48180677540777916 0.5333333333333334 0.07026348808030113 0.5333333333333334
182 0.6010037641154329 0.5333333333333334 0.09786700125470514 0.8
130 0.6806775407779171 0.2285714285714286 0.04893350062735257 0.2666666666666667
105 0.6718946047678795 0.7857142857142858 0.023839397741530738 0.39047619047619053
84 0.7114178168130488 0.8380952380952382 0.047678795483061476 0.1523809523809524
128 0.7340025094102886 0.21904761904761907 0.04516938519447929 0.0380952380952381
211 0.7590966122961104 0.7809523809523811 0.03513174404015056 0.380952380952381
145 0.7810539523212044 0.1761904761904762 0.021329987452948555 0.3523809523809524
53 0.857590966122961 0.5571428571428572 0.05144291091593475 0.39047619047619053
105 0.897741530740276 0.6761904761904762 0.023839397741530738 0.380952380952381
208 0.9466750313676285 0.5190476190476191 0.04893350062735257 0.6571428571428573
105 0.9849435382685068 0.27142857142857146 0.02509410288582183 0.39047619047619053
