129 0.026727509778357236 0.6708860759493671 0.05345501955671447 0.6075949367088608
155 0.136245110821382 0.5 0.09256844850065189 0.8987341772151899
105 0.2346805736636245 0.3860759493670886 0.03389830508474576 0.7468354430379747
83 0.26792698826597133 0.5632911392405063 0.03259452411994785 0.4177215189873418
72 0.29726205997392435 0.7911392405063291 0.020860495436766623 0.34177215189873417
129 0.3956975228161669 0.6645569620253164 0.05345501955671447 0.5949367088607594
155 0.5039113428943938 0.5063291139240507 0.09517601043024772 0.9113924050632911
105 0.6029986962190352 0.37341772151898733 0.03259452411994785 0.7468354430379747
54 0.6479791395045632 0.5063291139240507 0.0469361147327249 0.4810126582278481
72 0.6864406779661016 0.7974683544303798 0.01955671447196871 0.3291139240506329
105 0.7744458930899608 0.37341772151898733 0.03129074315514993 0.7468354430379747
54 0.8207301173402868 0.5126582278481012 0.04563233376792699 0.49367088607594933
72 0.8585397653194263 0.7974683544303798 0.01955671447196871 0.3291139240506329
105 0.9465449804432855 0.37341772151898733 0.03389830508474576 0.7468354430379747
83 0.9817470664928292 0.550632911392405 0.03129074315514993 0.3924050632911392
