115 0.0039347948285553686 0.5 0.007869589657110737 0.5213675213675214
105 0.016301292861157952 0.5 0.011242270938729624 0.5213675213675214
126 0.042439572793704326 0.5897435897435898 0.03766160764474424 0.3418803418803419
168 0.07841483979763912 0.5940170940170941 0.015177065767284992 0.35042735042735046
196 0.10061832490163013 0.5940170940170941 0.023608768971332208 0.35042735042735046
149 0.1267566048341765 0.6623931623931625 0.025295109612141653 0.4871794871794872
64 0.1489600899381675 0.8290598290598291 0.013490725126475547 0.23931623931623935
167 0.1765036537380551 0.8076923076923078 0.03147835862844295 0.17948717948717952
211 0.20545250140528387 0.764957264957265 0.017425519955030916 0.36752136752136755
48 0.24227093872962338 0.5128205128205129 0.03147835862844295 0.5470085470085471
141 0.26700393479482853 0.5940170940170941 0.021360314783586284 0.38461538461538464
115 0.2861157953906689 0.5085470085470086 0.011242270938729624 0.5384615384615385
7 0.30972456436200113 0.6880341880341881 0.026981450252951095 0.36752136752136755
64 0.3316469926925239 0.8547008547008548 0.01011804384485666 0.17094017094017094
20 0.35356942102304667 0.5726495726495727 0.011242270938729624 0.7350427350427351
7 0.38195615514333897 0.5085470085470086 0.03541315345699832 0.5213675213675214
64 0.4086565486228218 0.7521367521367522 0.013490725126475547 0.23931623931623935
65 0.44547498594716134 0.5427350427350428 0.026419336706014616 0.47008547008547014
47 0.4904440697020798 0.5085470085470086 0.03204047217537943 0.5384615384615385
39 0.5168634064080945 0.5726495726495727 0.010680157391793142 0.7350427350427351
97 0.5573355817875211 0.576923076923077 0.027543563799887576 0.5726495726495727
182 0.6127037661607645 0.5683760683760685 0.04384485666104553 0.7606837606837608
105 0.6444631815626757 0.7820512820512822 0.00955593029792018 0.36752136752136755
25 0.6545812254075323 0.22222222222222224 0.02866779089376054 0.3760683760683761
84 0.6658234963462619 0.8333333333333334 0.02417088251826869 0.1623931623931624
211 0.6908375491849353 0.7948717948717949 0.016863406408094434 0.3760683760683761
113 0.7248454187745925 0.5042735042735044 0.021922428330522766 0.5299145299145299
105 0.7422709387296234 0.6794871794871795 0.010680157391793142 0.36752136752136755
48 0.7762788083192805 0.5042735042735044 0.03147835862844295 0.5299145299145299
141 0.8004496908375492 0.5811965811965812 0.021360314783586284 0.3760683760683761
115 0.8195615514333896 0.5 0.011242270938729624 0.5213675213675214
7 0.8431703204047217 0.6794871794871795 0.026981450252951095 0.36752136752136755
211 0.8659359190556493 0.8076923076923078 0.012928611579539067 0.26495726495726496
20 0.8892636312535133 0.5641025641025642 0.011242270938729624 0.7350427350427351
7 0.9173693086003373 0.5 0.035975267003934795 0.5213675213675214
211 0.9457560427206296 0.7735042735042735 0.016301292861157952 0.36752136752136755
20 0.9454749859471613 0.2521367521367522 0.008993816750983699 0.5042735042735044
105 0.9598088813940416 0.2136752136752137 0.010680157391793142 0.35897435897435903
39 0.9738617200674536 0.25641025641025644 0.008431703204047217 0.4957264957264958
39 0.9932546374367622 0.5598290598290598 0.011242270938729624 0.7264957264957266
