17 0.02981029810298103 0.38679245283018865 0.05962059620596206 0.7735849056603773
4 0.07926829268292683 0.4528301886792453 0.017615176151761516 0.9056603773584906
50 0.12466124661246612 0.38679245283018865 0.06233062330623306 0.7358490566037735
72 0.16056910569105692 0.7547169811320754 0.012195121951219513 0.2641509433962264
51 0.2269647696476965 0.38679245283018865 0.05013550135501355 0.7358490566037735
5 0.2682926829268293 0.4528301886792453 0.016260162601626015 0.9056603773584906
174 0.3265582655826558 0.4245283018867924 0.04878048780487805 0.2830188679245283
41 0.3943089430894309 0.38679245283018865 0.037940379403794036 0.7735849056603773
209 0.43902439024390244 0.5849056603773585 0.03252032520325203 0.6792452830188679
126 0.4905149051490515 0.5 0.05420054200542006 0.5094339622641509
17 0.5426829268292683 0.660377358490566 0.03387533875338753 0.4528301886792453
20 0.5779132791327913 0.46226415094339623 0.017615176151761516 0.8867924528301886
34 0.6253387533875339 0.4811320754716981 0.052845528455284556 0.9245283018867925
39 0.6686991869918699 0.4811320754716981 0.017615176151761516 0.8867924528301886
147 0.731029810298103 0.5 0.06910569105691057 0.9245283018867925
17 0.7913279132791328 0.6886792452830188 0.03523035230352303 0.4716981132075472
17 0.8550135501355014 0.4150943396226415 0.056910569105691054 0.7547169811320754
4 0.9037940379403794 0.5 0.016260162601626015 0.8867924528301886
11 0.948509485094851 0.43396226415094336 0.05420054200542006 0.7547169811320754
5 0.9884823848238482 0.5188679245283019 0.017615176151761516 0.8867924528301886
