6 0.07307692307692308 0.5641025641025641 0.14615384615384616 0.8205128205128205
56 0.19743589743589743 0.16666666666666666 0.05641025641025641 0.3333333333333333
104 0.2833333333333333 0.6794871794871795 0.05897435897435897 0.10256410256410256
53 0.37435897435897436 0.6794871794871795 0.09230769230769231 0.5641025641025641
64 0.4782051282051282 0.6794871794871795 0.08461538461538462 0.5641025641025641
186 0.5653846153846154 0.6153846153846154 0.05897435897435897 0.6923076923076923
105 0.6358974358974359 0.532051282051282 0.05128205128205128 0.8076923076923077
141 0.7294871794871794 0.6794871794871795 0.1 0.5641025641025641
130 0.8525641025641025 0.6666666666666666 0.11025641025641025 0.5641025641025641
168 0.9615384615384616 0.6794871794871795 0.06666666666666667 0.5641025641025641
