83 0.014622641509433962 0.4691358024691358 0.029245283018867925 0.49382716049382713
195 0.04575471698113208 0.6049382716049383 0.02358490566037736 0.5185185185185185
84 0.11462264150943396 0.43827160493827155 0.05188679245283019 0.2839506172839506
20 0.18113207547169813 0.4629629629629629 0.022641509433962266 0.9259259259259258
64 0.2117924528301887 0.49382716049382713 0.0330188679245283 0.49382716049382713
145 0.24245283018867925 0.6296296296296295 0.011320754716981133 0.49382716049382713
72 0.27075471698113207 0.7530864197530864 0.013207547169811321 0.2716049382716049
119 0.33537735849056605 0.6790123456790123 0.07452830188679245 0.12345679012345678
72 0.39952830188679245 0.7654320987654321 0.012264150943396227 0.2716049382716049
64 0.4391509433962264 0.5061728395061729 0.0330188679245283 0.49382716049382713
130 0.4702830188679245 0.7160493827160493 0.02358490566037736 0.32098765432098764
128 0.5047169811320755 0.6975308641975309 0.033962264150943396 0.06172839506172839
195 0.539622641509434 0.6419753086419753 0.024528301886792454 0.5185185185185185
72 0.5679245283018868 0.7716049382716049 0.013207547169811321 0.25925925925925924
64 0.6075471698113207 0.5185185185185185 0.03207547169811321 0.49382716049382713
130 0.6382075471698113 0.7345679012345678 0.02358490566037736 0.3333333333333333
128 0.6726415094339623 0.7098765432098765 0.035849056603773584 0.06172839506172839
145 0.7084905660377359 0.6604938271604938 0.013207547169811321 0.5061728395061729
72 0.7372641509433963 0.7777777777777777 0.014150943396226415 0.2716049382716049
64 0.7778301886792452 0.5308641975308641 0.0330188679245283 0.49382716049382713
130 0.8084905660377358 0.7469135802469136 0.024528301886792454 0.3333333333333333
39 0.8391509433962264 0.5061728395061729 0.02169811320754717 0.9382716049382716
108 0.9 0.48765432098765427 0.04150943396226415 0.654320987654321
10 0.9731132075471698 0.4074074074074074 0.05 0.7160493827160493
