204 0.008988764044943821 0.39690721649484534 0.017977528089887642 0.6494845360824743
204 0.03370786516853933 0.3917525773195876 0.017977528089887642 0.6597938144329897
89 0.09325842696629215 0.4896907216494845 0.09662921348314607 0.7525773195876289
158 0.16741573033707866 0.12886597938144329 0.029213483146067417 0.25773195876288657
20 0.22808988764044946 0.520618556701031 0.05617977528089888 0.7731958762886598
196 0.30000000000000004 0.5154639175257731 0.08764044943820226 0.41237113402061853
39 0.3876404494382023 0.5154639175257731 0.05617977528089888 0.7835051546391752
204 0.4573033707865169 0.37628865979381443 0.015730337078651686 0.6494845360824743
204 0.4831460674157304 0.38144329896907214 0.017977528089887642 0.6597938144329897
14 0.5617977528089888 0.7525773195876289 0.12134831460674159 0.4536082474226804
84 0.7707865168539326 0.4639175257731959 0.11685393258426967 0.24742268041237114
54 0.9483146067415731 0.4793814432989691 0.09438202247191012 0.4020618556701031
