195 0.030172413793103446 0.40540540540540543 0.06034482758620689 0.8108108108108109
72 0.09051724137931035 0.8108108108108109 0.01896551724137931 0.2972972972972973
189 0.18706896551724136 0.41216216216216217 0.06034482758620689 0.8243243243243243
72 0.24913793103448276 0.8108108108108109 0.01896551724137931 0.2972972972972973
91 0.346551724137931 0.40540540540540543 0.06551724137931034 0.8108108108108109
72 0.4068965517241379 0.8108108108108109 0.017241379310344827 0.2972972972972973
170 0.506896551724138 0.40540540540540543 0.06206896551724138 0.7837837837837838
72 0.5655172413793104 0.8108108108108109 0.020689655172413793 0.2972972972972973
145 0.6637931034482758 0.41891891891891897 0.04482758620689655 0.7837837837837838
145 0.7344827586206897 0.41216216216216217 0.041379310344827586 0.7972972972972974
72 0.7948275862068965 0.8175675675675677 0.020689655172413793 0.31081081081081086
145 0.8922413793103449 0.4256756756756757 0.04310344827586207 0.7972972972972974
170 0.9672413793103448 0.41216216216216217 0.05862068965517241 0.7972972972972974
