163 0.01939924906132666 0.5681818181818182 0.03879849812265332 0.4318181818181818
145 0.0607008760951189 0.7045454545454546 0.01376720901126408 0.38636363636363635
72 0.09824780976220275 0.8011363636363636 0.01376720901126408 0.23863636363636365
163 0.17271589486858574 0.5795454545454546 0.03754693366708386 0.4318181818181818
195 0.21214017521902379 0.6931818181818182 0.023779724655819776 0.4090909090909091
72 0.2521902377972466 0.8011363636363636 0.01376720901126408 0.23863636363636365
119 0.37984981226533165 0.7272727272727273 0.11639549436795996 0.11363636363636365
72 0.4755944931163955 0.8011363636363636 0.012515644555694618 0.23863636363636365
20 0.5456821026282854 0.5 0.02753441802252816 0.7954545454545455
182 0.607008760951189 0.39204545454545453 0.06758448060075094 0.7840909090909091
163 0.6996245306633292 0.5568181818181819 0.04005006257822278 0.4318181818181818
105 0.7265331664580726 0.7272727272727273 0.03128911138923655 0.5
84 0.8291614518147685 0.4318181818181818 0.07384230287859825 0.29545454545454547
170 0.9424280350438048 0.4431818181818182 0.0425531914893617 0.6590909090909091
39 0.9843554443053818 0.4943181818181818 0.0262828535669587 0.7840909090909091
