86 0.012508229098090849 0.5826086956521739 0.025016458196181698 0.5043478260869565
205 0.043449637919684 0.6739130434782609 0.027649769585253454 0.25217391304347825
20 0.07504937458854509 0.4826086956521739 0.011849901250822909 0.7565217391304347
207 0.09973666886109282 0.5130434782608696 0.025674786043449638 0.3652173913043478
39 0.12442396313364054 0.4826086956521739 0.013166556945358787 0.7565217391304347
84 0.1728110599078341 0.49130434782608695 0.036208031599736665 0.21739130434782608
105 0.21757735352205398 0.4173913043478261 0.012508229098090849 0.5391304347826087
130 0.2399605003291639 0.5086956521739131 0.028308097432521395 0.3565217391304348
89 0.2646477946017116 0.4173913043478261 0.018433179723502304 0.5565217391304348
23 0.2886767610269914 0.49130434782608695 0.017774851876234364 0.7739130434782608
204 0.31007241606319946 0.49130434782608695 0.0026333113890717576 0.7565217391304347
16 0.336734693877551 0.43043478260869567 0.03094140882159315 0.5652173913043478
201 0.3647136273864384 0.8043478260869565 0.026333113890717574 0.3565217391304348
205 0.37129690585911784 0.2782608695652174 0.028966425279789335 0.2608695652173913
20 0.4028966425279789 0.4956521739130435 0.013166556945358787 0.7478260869565218
211 0.42659644502962474 0.4434782608695652 0.023699802501645818 0.5391304347826087
203 0.4308755760368663 0.06956521739130435 0.023041474654377878 0.1391304347826087
39 0.4499670836076366 0.49130434782608695 0.012508229098090849 0.7565217391304347
204 0.4680710994075049 0.4956521739130435 0.0026333113890717576 0.7478260869565218
128 0.4940750493745885 0.2565217391304348 0.025674786043449638 0.06086956521739131
195 0.5236998025016458 0.21739130434782608 0.017774851876234364 0.3826086956521739
204 0.5543120473996049 0.5 0.0026333113890717576 0.7565217391304347
88 0.5776826859776168 0.4260869565217391 0.024358130348913758 0.5565217391304348
201 0.6115865701119158 0.5956521739130435 0.03423304805793285 0.4956521739130435
108 0.6639236339697169 0.4956521739130435 0.029624753127057275 0.46956521739130436
14 0.717577353522054 0.43043478260869567 0.03686635944700461 0.5478260869565218
141 0.7518104015799868 0.5304347826086957 0.023699802501645818 0.3652173913043478
115 0.7725477287689269 0.43043478260869567 0.01119157340355497 0.5478260869565218
20 0.7916392363396971 0.5043478260869565 0.012508229098090849 0.7652173913043478
8 0.8248847926267281 0.4260869565217391 0.03818301514154049 0.5565217391304348
130 0.8610928242264647 0.28695652173913044 0.02238314680710994 0.2608695652173913
72 0.8857801184990125 0.7086956521739131 0.007241606319947334 0.21739130434782608
22 0.9321922317314022 0.43043478260869567 0.05398288347597103 0.5304347826086957
39 0.9707044107965767 0.5086956521739131 0.012508229098090849 0.7565217391304347
71 0.9957208689927584 0.5391304347826087 0.005924950625411454 0.34782608695652173
