113 0.019260400616332822 0.39655172413793105 0.038520801232665644 0.6896551724137931
4 0.060092449922958396 0.46551724137931033 0.01848998459167951 0.8275862068965517
205 0.11093990755007704 0.5258620689655172 0.052388289676425275 0.43103448275862066
72 0.14869029275808937 0.7672413793103449 0.01386748844375963 0.22413793103448276
45 0.2164869029275809 0.4396551724137931 0.053929121725731895 0.6724137931034483
158 0.2596302003081664 0.24137931034482757 0.01078582434514638 0.24137931034482757
5 0.2796610169491526 0.49137931034482757 0.01694915254237288 0.8103448275862069
176 0.30970724191063176 0.46551724137931033 0.02157164869029276 0.7931034482758621
89 0.3443759630200308 0.5086206896551724 0.038520801232665644 0.8448275862068966
20 0.38058551617873654 0.5172413793103449 0.01848998459167951 0.7931034482758621
45 0.4345146379044684 0.4482758620689655 0.05546995377503852 0.6551724137931034
158 0.4768875192604006 0.2672413793103448 0.01078582434514638 0.25862068965517243
39 0.4992295839753467 0.5258620689655172 0.02157164869029276 0.8103448275862069
128 0.5593220338983051 0.49137931034482757 0.04930662557781202 0.08620689655172414
95 0.6302003081664099 0.6551724137931034 0.04314329738058552 0.6206896551724138
20 0.6718027734976888 0.5344827586206896 0.02157164869029276 0.7931034482758621
205 0.7249614791987674 0.5775862068965517 0.05084745762711865 0.43103448275862066
39 0.7719568567026195 0.5517241379310345 0.02157164869029276 0.7931034482758621
174 0.8366718027734977 0.5086206896551724 0.05546995377503852 0.25862068965517243
113 0.9129429892141757 0.46551724137931033 0.038520801232665644 0.6896551724137931
4 0.9468412942989215 0.24137931034482757 0.01078582434514638 0.48275862068965514
145 0.9707241910631742 0.20689655172413793 0.012326656394453005 0.3793103448275862
5 0.9915254237288136 0.23275862068965517 0.01078582434514638 0.46551724137931033
