59 0.023486430062630476 0.48750000000000004 0.04697286012526095 0.925
84 0.11430062630480166 0.4625 0.05949895615866388 0.30000000000000004
20 0.1951983298538622 0.49375 0.025052192066805843 0.9375
57 0.2312108559498956 0.39375000000000004 0.038622129436325675 0.7625000000000001
145 0.2661795407098121 0.65625 0.012526096033402922 0.5125000000000001
72 0.2969728601252609 0.775 0.013569937369519832 0.275
119 0.3669102296450939 0.6937500000000001 0.08037578288100208 0.1125
72 0.4378914405010438 0.775 0.013569937369519832 0.275
57 0.4822546972860125 0.39375000000000004 0.039665970772442584 0.7625000000000001
130 0.5193110647181628 0.7312500000000001 0.026096033402922752 0.3375
128 0.5579331941544885 0.7125 0.038622129436325675 0.07500000000000001
145 0.597599164926931 0.65 0.013569937369519832 0.5
39 0.6325678496868475 0.48750000000000004 0.025052192066805843 0.9500000000000001
108 0.7061586638830897 0.46875 0.044885177453027135 0.6625000000000001
41 0.7896659707724425 0.3875 0.04070981210855949 0.75
196 0.8355949895615865 0.5 0.04279749478079332 0.5
149 0.8789144050104383 0.6062500000000001 0.04175365344467641 0.7375
149 0.923277661795407 0.6062500000000001 0.04279749478079332 0.7375
101 0.9791231732776617 0.375 0.037578288100208766 0.75
