201 0.020618556701030927 0.6333333333333333 0.041237113402061855 0.6222222222222222
200 0.05828707375099128 0.7388888888888889 0.022997620935765267 0.3
64 0.08088818398096749 0.8666666666666667 0.014274385408406027 0.22222222222222224
84 0.14670896114195084 0.5055555555555555 0.04282315622521808 0.2555555555555556
31 0.21887390959555908 0.4166666666666667 0.03965107057890563 0.6777777777777778
204 0.25178429817605075 0.5 0.003965107057890563 0.9555555555555556
8 0.2882632831086439 0.40555555555555556 0.046788263283108644 0.7000000000000001
130 0.33346550356859633 0.26666666666666666 0.029341792228390166 0.3111111111111111
191 0.394528152260111 0.5 0.03251387787470262 0.48888888888888893
23 0.45321173671689136 0.5 0.022997620935765267 0.9555555555555556
200 0.48572561459159397 0.5333333333333333 0.029341792228390166 0.4444444444444445
64 0.5134813639968279 0.7222222222222222 0.01823949246629659 0.3111111111111111
24 0.5448057097541633 0.48888888888888893 0.022204599524187154 0.9555555555555556
108 0.605868358445678 0.48888888888888893 0.03647898493259318 0.5777777777777778
14 0.6752577319587629 0.4 0.04520222045995242 0.6888888888888889
141 0.7160983346550357 0.5222222222222223 0.03013481363996828 0.4444444444444445
115 0.7414750198255353 0.3888888888888889 0.014274385408406027 0.6888888888888889
20 0.7640761300555114 0.48333333333333334 0.01506740681998414 0.9444444444444445
8 0.8037272006344172 0.38333333333333336 0.046788263283108644 0.7000000000000001
130 0.8481363996827914 0.24444444444444446 0.029341792228390166 0.3111111111111111
72 0.8774781919111816 0.7611111111111112 0.008723235527359239 0.2777777777777778
7 0.9246629659000793 0.3944444444444445 0.05075337034099921 0.6777777777777778
64 0.9631245043616178 0.7166666666666667 0.01823949246629659 0.32222222222222224
39 0.9904837430610627 0.4777777777777778 0.01586042823156225 0.9555555555555556
