89 0.03808752025931929 0.475 0.07617504051863858 0.6166666666666667
115 0.0713128038897893 0.7083333333333334 0.02593192868719611 0.35
20 0.11426256077795785 0.4875 0.04051863857374392 0.6416666666666666
210 0.1620745542949757 0.5125 0.05834683954619124 0.3416666666666667
145 0.2252836304700162 0.7166666666666667 0.03241491085899514 0.3333333333333333
39 0.28768233387358183 0.48333333333333334 0.04376012965964343 0.65
72 0.3298217179902755 0.675 0.02431118314424635 0.2
89 0.4205834683954619 0.4708333333333333 0.07617504051863858 0.6083333333333333
20 0.4740680713128039 0.4666666666666667 0.04051863857374392 0.65
210 0.5194489465153971 0.4875 0.05348460291734197 0.3416666666666667
145 0.5826580226904375 0.7 0.03079416531604538 0.3333333333333333
39 0.6442463533225283 0.4875 0.04376012965964343 0.6416666666666666
108 0.7560777957860616 0.4083333333333333 0.0826580226904376 0.43333333333333335
30 0.8711507293354943 0.37083333333333335 0.0826580226904376 0.49166666666666664
163 0.9303079416531604 0.6958333333333333 0.04213938411669368 0.2583333333333333
211 0.9473257698541329 0.17083333333333334 0.050243111831442464 0.3416666666666667
145 0.9821717990275526 0.8125 0.02917341977309562 0.3416666666666667
