83 0.024236983842010774 0.5393258426966292 0.04847396768402155 0.42696629213483145
84 0.12746858168761221 0.5056179775280899 0.0933572710951526 0.20224719101123595
126 0.2639138240574506 0.5168539325842696 0.11131059245960503 0.449438202247191
105 0.3429084380610413 0.4157303370786517 0.03231597845601436 0.651685393258427
130 0.40664272890484743 0.5168539325842696 0.07719928186714542 0.449438202247191
23 0.5116696588868941 0.5168539325842696 0.03949730700179534 0.8539325842696629
94 0.5754039497307002 0.47752808988764045 0.06283662477558348 0.033707865168539325
93 0.5763016157989228 0.7696629213483146 0.053859964093357277 0.3932584269662921
145 0.5763016157989228 0.19662921348314605 0.02872531418312388 0.3932584269662921
83 0.6499102333931778 0.5393258426966292 0.0466786355475763 0.42696629213483145
145 0.710951526032316 0.7808988764044944 0.02872531418312388 0.3932584269662921
72 0.7675044883303411 0.7808988764044944 0.01974865350089767 0.23595505617977527
83 0.848294434470377 0.5449438202247191 0.04847396768402155 0.4382022471910112
195 0.9129263913824058 0.7808988764044944 0.04488330341113106 0.3932584269662921
24 0.9775583482944346 0.5224719101123595 0.03770197486535009 0.8426966292134831
