113 0.026200873362445417 0.35185185185185186 0.052401746724890834 0.7037037037037037
126 0.08879184861717614 0.6728395061728395 0.061135371179039305 0.30864197530864196
20 0.20160116448326057 0.48765432098765427 0.030567685589519653 0.9753086419753085
126 0.28093158660844253 0.47530864197530864 0.08733624454148473 0.4567901234567901
84 0.41703056768558955 0.4567901234567901 0.11208151382823872 0.19753086419753085
145 0.5378457059679768 0.38271604938271603 0.042212518195050945 0.6666666666666666
72 0.5807860262008734 0.7592592592592592 0.023289665211062592 0.3333333333333333
195 0.658660844250364 0.3765432098765432 0.048034934497816595 0.6790123456790123
72 0.703056768558952 0.7530864197530864 0.023289665211062592 0.32098765432098764
67 0.8537117903930131 0.42592592592592593 0.19650655021834063 0.18518518518518517
39 0.9818049490538574 0.49382716049382713 0.030567685589519653 0.9629629629629629
