145 0.006733021077283372 0.43333333333333335 0.013466042154566744 0.6444444444444445
167 0.048302107728337235 0.5166666666666667 0.043911007025761124 0.32222222222222224
23 0.09309133489461359 0.5222222222222223 0.01405152224824356 0.8666666666666667
156 0.12734192037470726 0.5277777777777778 0.031030444964871194 0.7000000000000001
145 0.1642271662763466 0.4444444444444445 0.013466042154566744 0.6444444444444445
24 0.18559718969555036 0.5277777777777778 0.01288056206088993 0.8555555555555556
167 0.22950819672131148 0.5166666666666667 0.04566744730679157 0.32222222222222224
41 0.2772248243559719 0.45 0.021662763466042154 0.6555555555555556
149 0.3050351288056206 0.6611111111111111 0.023419203747072598 0.6333333333333333
105 0.32435597189695553 0.4388888888888889 0.01053864168618267 0.6555555555555556
130 0.3430913348946136 0.5555555555555556 0.023419203747072598 0.4444444444444445
20 0.3700234192037471 0.5333333333333333 0.011709601873536299 0.8444444444444444
17 0.397248243559719 0.46111111111111114 0.038056206088992975 0.6333333333333333
72 0.42359484777517564 0.7944444444444445 0.007611241217798595 0.23333333333333334
89 0.452576112412178 0.5277777777777778 0.02927400468384075 0.8555555555555556
39 0.4768735362997658 0.5333333333333333 0.011124121779859485 0.8444444444444444
167 0.5149297423887588 0.5277777777777778 0.04274004683840749 0.32222222222222224
41 0.5614754098360656 0.45 0.023419203747072598 0.6555555555555556
27 0.5913348946135831 0.45 0.03044496487119438 0.6555555555555556
20 0.6185597189695551 0.5333333333333333 0.011124121779859485 0.8444444444444444
17 0.6457845433255269 0.45555555555555555 0.03864168618266979 0.6444444444444445
72 0.6721311475409836 0.7944444444444445 0.00702576112412178 0.23333333333333334
89 0.7002341920374707 0.5333333333333333 0.02927400468384075 0.8666666666666667
39 0.7239461358313818 0.5333333333333333 0.011124121779859485 0.8444444444444444
167 0.7620023419203747 0.5277777777777778 0.04274004683840749 0.32222222222222224
17 0.8149882903981265 0.45555555555555555 0.03864168618266979 0.6444444444444445
191 0.8518735362997658 0.26666666666666666 0.01405152224824356 0.26666666666666666
176 0.8735362997658079 0.5222222222222223 0.01639344262295082 0.8444444444444444
20 0.8887587822014051 0.5333333333333333 0.01053864168618267 0.8444444444444444
17 0.9151053864168618 0.45555555555555555 0.03747072599531616 0.6444444444444445
191 0.9499414519906323 0.26666666666666666 0.013466042154566744 0.26666666666666666
39 0.9736533957845434 0.5222222222222223 0.011709601873536299 0.8444444444444444
195 0.9912177985948478 0.2 0.01522248243559719 0.4
