149 0.02586206896551724 0.5922330097087378 0.05172413793103448 0.5436893203883495
211 0.07816091954022988 0.7766990291262135 0.034482758620689655 0.4077669902912621
20 0.12241379310344827 0.5048543689320388 0.028735632183908046 0.7572815533980581
207 0.15804597701149425 0.529126213592233 0.05172413793103448 0.39805825242718446
72 0.19310344827586207 0.7281553398058251 0.016091954022988506 0.21359223300970873
209 0.26379310344827583 0.6019417475728155 0.054022988505747126 0.5436893203883495
39 0.3114942528735632 0.5388349514563107 0.029885057471264367 0.7281553398058251
84 0.39482758620689656 0.4757281553398058 0.06091954022988506 0.23300970873786406
207 0.4793103448275862 0.5194174757281553 0.05057471264367816 0.39805825242718446
189 0.5333333333333333 0.21359223300970873 0.03218390804597701 0.4077669902912621
155 0.6258620689655172 0.4320388349514563 0.05862068965517241 0.5145631067961165
209 0.7097701149425287 0.5970873786407767 0.054022988505747126 0.5533980582524272
189 0.7626436781609195 0.2087378640776699 0.03103448275862069 0.4174757281553398
128 0.8459770114942529 0.4320388349514563 0.052873563218390804 0.08737864077669902
189 0.9235632183908046 0.4368932038834951 0.03793103448275862 0.5631067961165048
207 0.9718390804597701 0.5242718446601942 0.05172413793103448 0.38834951456310673
