20 0.019427402862985686 0.4340659340659341 0.03885480572597137 0.8241758241758242
153 0.09611451942740287 0.42307692307692313 0.09406952965235174 0.8461538461538463
149 0.18813905930470348 0.7967032967032968 0.0572597137014315 0.3626373626373627
39 0.2423312883435583 0.42307692307692313 0.03885480572597137 0.8241758241758242
56 0.30981595092024544 0.7582417582417583 0.059304703476482624 0.37362637362637363
20 0.3895705521472393 0.4120879120879121 0.03885480572597137 0.8241758241758242
50 0.4846625766871166 0.34065934065934067 0.12678936605316973 0.6153846153846154
39 0.579754601226994 0.42307692307692313 0.03885480572597137 0.8241758241758242
84 0.6871165644171779 0.4010989010989011 0.1063394683026585 0.2087912087912088
64 0.8077709611451943 0.4340659340659341 0.06134969325153375 0.4285714285714286
50 0.9314928425357875 0.3296703296703297 0.12883435582822086 0.6153846153846154
