204 0.006666666666666666 0.48924731182795705 0.013333333333333332 0.935483870967742
49 0.13238095238095238 0.41935483870967744 0.15047619047619049 0.6451612903225807
20 0.24857142857142858 0.5053763440860215 0.047619047619047616 0.8387096774193549
207 0.32666666666666666 0.5161290322580645 0.08190476190476191 0.4301075268817205
72 0.3952380952380952 0.7365591397849462 0.024761904761904763 0.24731182795698928
114 0.5038095238095238 0.5322580645161291 0.06666666666666667 0.41935483870967744
72 0.5628571428571428 0.7365591397849462 0.024761904761904763 0.24731182795698928
15 0.680952380952381 0.3709677419354839 0.06285714285714286 0.7419354838709677
39 0.7685714285714286 0.510752688172043 0.047619047619047616 0.8279569892473119
204 0.8161904761904762 0.5053763440860215 0.013333333333333332 0.946236559139785
121 0.9523809523809523 0.4838709677419355 0.08761904761904762 0.6021505376344086
